# Accelerometer Data File
# Started @Tue Apr 11 19:30:41 GMT+02:00 2017
#
#
# sensor Vendor: Invensense
# sensor Name: ICM20610 Acceleration Sensor
# sensor Resolution: 0.0011971008m/sec^2; Max Range: 39.2266; Min Delay: 5000 microseconds
# The sensor's attributes are the result hardware and the Android capabilities.
# It means that the Android may not utilize all features provided by the hardware.
#
# Some devices and Android versions save battery too much so the device may go to sleep.
# It just happens after couple of minutes from turning off the scree and it is easy to find it out.
#
# The following file provides the data from accelerometer in the m/s^2 format.
# The diff value is just a time delta between the samples
#
#
# data format:
# so we have 4 columns with values separated by the " "
# X Y Z time_from_previous_sample(ms)

# sensor speed set to:FASTEST
# units set to: m/sec^2
# gravity NOT filtered out
# Accuracy: HIGH
0.156 -0.033 9.585 0
0.113 -0.114 9.795 6
0.142 -0.119 9.771 5
0.142 -0.119 9.771 5
0.142 -0.119 9.771 3
0.233 -0.177 9.819 2
0.233 -0.177 9.819 5
0.276 -0.11 9.81 5
0.276 -0.11 9.81 5
0.276 -0.11 9.81 3
0.333 -0.1 9.958 2
0.333 -0.1 9.958 5
0.29 -0.138 9.939 5
0.29 -0.138 9.939 5
0.29 -0.138 9.939 3
0.348 -0.181 10.006 2
0.348 -0.181 10.006 5
0.113 -0.301 9.503 5
0.113 -0.301 9.503 5
0.113 -0.301 9.503 3
0.381 -0.071 10.035 2
0.381 -0.071 10.035 5
0.281 -0.143 9.685 5
0.281 -0.143 9.685 5
0.281 -0.143 9.685 3
0.348 -0.258 10.188 2
0.348 -0.258 10.188 5
0.209 -0.277 10.255 5
0.209 -0.277 10.255 5
0.209 -0.277 10.255 3
0.448 -0.272 10.38 2
0.448 -0.272 10.38 5
0.238 -0.387 10.38 5
0.238 -0.387 10.38 5
0.238 -0.387 10.38 3
0.065 -0.263 10.15 2
0.065 -0.263 10.15 5
0.094 -0.277 9.872 5
0.108 -0.201 9.886 5
0.108 -0.201 9.886 3
0.108 -0.201 9.886 2
0.199 -0.258 9.886 5
0.199 -0.258 9.886 5
0.166 -0.272 10.121 5
0.166 -0.272 10.121 3
0.166 -0.272 10.121 2
0.147 -0.272 10.035 5
0.147 -0.272 10.035 5
0.156 -0.311 10.044 5
0.156 -0.311 10.044 3
0.156 -0.311 10.044 2
0.233 -0.33 9.963 5
0.233 -0.33 9.963 5
0.31 -0.22 9.987 5
0.31 -0.22 9.987 4
0.31 -0.22 9.987 1
0.343 -0.277 10.078 5
0.343 -0.277 10.078 5
0.252 -0.311 10.298 5
0.252 -0.311 10.298 3
0.252 -0.311 10.298 2
0.175 -0.383 10.404 5
0.175 -0.383 10.404 5
0.132 -0.349 10.121 5
0.132 -0.349 10.121 3
0.132 -0.349 10.121 2
0.214 -0.311 9.973 5
0.214 -0.311 9.973 5
0.266 -0.234 9.891 5
0.266 -0.234 9.891 4
0.266 -0.234 9.891 1
0.463 -0.105 9.513 5
0.463 -0.105 9.513 5
0.492 -0.038 9.451 5
0.492 -0.038 9.451 3
0.492 -0.038 9.451 2
0.415 -0.071 9.566 5
0.362 -0.114 9.8 5
0.362 -0.114 9.8 5
0.362 -0.114 9.8 3
0.089 -0.277 9.882 2
0.089 -0.277 9.882 5
0.051 -0.263 9.843 5
0.051 -0.263 9.843 5
0.051 -0.263 9.843 3
0.061 -0.248 9.786 2
0.061 -0.248 9.786 5
0.061 -0.186 9.733 5
0.061 -0.186 9.733 5
0.061 -0.186 9.733 3
0.152 -0.253 9.858 2
0.152 -0.253 9.858 5
0.348 -0.191 9.805 5
0.348 -0.191 9.805 5
0.348 -0.191 9.805 3
0.372 -0.177 9.838 2
0.372 -0.177 9.838 5
0.333 -0.239 9.795 5
0.333 -0.239 9.795 5
0.333 -0.239 9.795 4
0.204 -0.225 9.69 1
0.204 -0.225 9.69 5
0.204 -0.201 9.709 5
0.204 -0.201 9.709 5
0.204 -0.201 9.709 3
0.257 -0.196 9.685 2
0.257 -0.196 9.685 5
0.271 -0.177 9.786 5
0.271 -0.177 9.786 5
0.271 -0.177 9.786 3
0.295 -0.22 10.006 2
0.295 -0.22 10.006 5
0.276 -0.32 10.155 5
0.185 -0.335 10.131 5
0.185 -0.335 10.131 4
0.185 -0.335 10.131 1
0.238 -0.325 10.016 5
0.238 -0.325 10.016 5
0.3 -0.244 9.91 5
0.3 -0.244 9.91 3
0.3 -0.244 9.91 2
0.41 -0.148 9.929 5
0.41 -0.148 9.929 5
0.42 -0.114 9.8 5
0.42 -0.114 9.8 3
0.42 -0.114 9.8 2
0.424 -0.062 9.757 5
0.424 -0.062 9.757 5
0.415 -0.033 9.685 5
0.415 -0.033 9.685 4
0.415 -0.033 9.685 1
0.415 -0.071 9.805 5
0.415 -0.071 9.805 5
0.405 -0.071 9.891 5
0.405 -0.071 9.891 4
0.405 -0.071 9.891 1
0.286 -0.244 10.049 5
0.286 -0.244 10.049 5
0.171 -0.287 10.126 5
0.171 -0.287 10.126 3
0.171 -0.287 10.126 2
0.238 -0.301 10.078 5
0.238 -0.301 10.078 5
0.243 -0.239 9.963 5
0.243 -0.239 9.963 4
0.243 -0.239 9.963 1
0.353 -0.153 9.949 5
0.353 -0.153 9.949 5
0.386 -0.081 9.791 5
0.386 -0.081 9.791 4
0.386 -0.081 9.791 1
0.353 -0.076 9.671 5
0.353 -0.076 9.671 5
0.209 -0.124 9.685 5
0.209 -0.124 9.685 4
0.214 -0.119 9.637 1
0.214 -0.119 9.637 5
0.175 -0.177 9.709 5
0.175 -0.177 9.709 5
0.175 -0.177 9.709 4
0.243 -0.167 9.738 1
0.243 -0.167 9.738 5
0.286 -0.205 9.786 5
0.286 -0.205 9.786 5
0.286 -0.205 9.786 4
0.247 -0.248 9.944 1
0.247 -0.248 9.944 5
0.243 -0.287 9.963 5
0.243 -0.287 9.963 5
0.243 -0.287 9.963 4
0.219 -0.392 10.054 1
0.219 -0.392 10.054 5
0.295 -0.33 10.064 5
0.295 -0.33 10.064 5
0.295 -0.33 10.064 4
0.353 -0.239 9.963 1
0.353 -0.239 9.963 5
0.477 -0.196 9.728 5
0.477 -0.196 9.728 5
0.477 -0.196 9.728 4
0.434 -0.09 9.589 1
0.434 -0.09 9.589 5
0.372 -0.062 9.561 5
0.372 -0.062 9.561 5
0.372 -0.062 9.561 4
0.286 -0.148 9.594 1
0.286 -0.148 9.594 5
0.233 -0.167 9.714 5
0.137 -0.277 9.819 5
0.137 -0.277 9.819 4
0.137 -0.277 9.819 1
0.137 -0.277 9.819 5
0.228 -0.282 9.815 6
0.343 -0.22 9.925 5
0.343 -0.22 9.925 3
0.343 -0.22 9.925 1
0.386 -0.196 9.867 5
0.386 -0.196 9.867 5
0.348 -0.287 9.858 5
0.348 -0.287 9.858 4
0.348 -0.287 9.858 1
0.31 -0.234 9.781 5
0.31 -0.234 9.781 5
0.276 -0.282 9.776 5
0.276 -0.282 9.776 4
0.276 -0.282 9.776 1
0.29 -0.277 9.8 5
0.29 -0.277 9.8 6
0.324 -0.225 9.815 5
0.324 -0.225 9.815 3
0.324 -0.225 9.815 1
0.367 -0.239 9.838 5
0.367 -0.239 9.838 6
0.424 -0.239 9.886 5
0.424 -0.239 9.886 3
0.424 -0.239 9.886 1
0.357 -0.292 9.853 5
0.357 -0.292 9.853 5
0.281 -0.359 9.862 5
0.281 -0.359 9.862 4
0.281 -0.359 9.862 1
0.3 -0.387 9.815 5
0.3 -0.387 9.815 6
0.281 -0.272 9.925 5
0.281 -0.272 9.925 3
0.281 -0.272 9.925 1
0.357 -0.392 9.872 5
0.357 -0.392 9.872 5
0.329 -0.32 10.073 5
0.329 -0.32 10.073 4
0.329 -0.32 10.073 1
0.3 -0.488 10.135 5
0.18 -0.507 10.054 6
0.18 -0.507 10.054 5
0.18 -0.507 10.054 3
0.195 -0.378 10.054 1
0.195 -0.378 10.054 5
0.233 -0.411 9.963 6
0.233 -0.411 9.963 5
0.233 -0.411 9.963 3
0.305 -0.392 10.078 1
0.305 -0.392 10.078 5
0.324 -0.316 9.987 5
0.324 -0.316 9.987 5
0.324 -0.316 9.987 4
0.329 -0.32 9.953 1
0.329 -0.32 9.953 5
0.314 -0.32 9.977 5
0.314 -0.32 9.977 5
0.314 -0.32 9.977 4
0.286 -0.32 9.929 2
0.286 -0.32 9.929 4
0.314 -0.316 9.906 6
0.314 -0.316 9.906 5
0.314 -0.316 9.906 3
0.266 -0.354 9.944 1
0.266 -0.354 9.944 5
0.219 -0.306 9.762 5
0.219 -0.306 9.762 5
0.219 -0.306 9.762 4
0.147 -0.354 9.843 2
0.147 -0.354 9.843 5
0.128 -0.402 9.915 5
0.128 -0.402 9.915 5
0.128 -0.402 9.915 3
0.104 -0.378 9.958 2
0.104 -0.378 9.958 5
0.161 -0.344 9.819 5
0.161 -0.344 9.819 5
0.161 -0.344 9.819 3
0.228 -0.272 9.757 2
0.319 -0.244 9.704 5
0.319 -0.244 9.704 5
0.266 -0.301 9.824 5
0.266 -0.301 9.824 3
0.266 -0.301 9.824 2
0.156 -0.402 9.815 5
0.156 -0.402 9.815 5
0.013 -0.387 9.906 5
0.013 -0.387 9.906 4
0.013 -0.387 9.906 1
0.046 -0.411 9.805 5
0.046 -0.411 9.805 5
0.147 -0.474 9.8 5
0.147 -0.474 9.8 3
0.147 -0.474 9.8 2
0.262 -0.272 9.862 5
0.262 -0.272 9.862 5
0.161 -0.383 9.786 5
0.161 -0.383 9.786 3
0.161 -0.383 9.786 2
0.223 -0.378 9.829 5
0.223 -0.378 9.829 5
0.209 -0.43 9.92 5
0.209 -0.43 9.92 3
0.209 -0.43 9.92 2
0.266 -0.426 9.896 5
0.266 -0.426 9.896 5
0.367 -0.378 10.145 5
0.367 -0.378 10.145 3
0.367 -0.378 10.145 2
0.324 -0.469 10.269 5
0.324 -0.469 10.269 5
0.209 -0.588 10.212 5
0.209 -0.588 10.212 3
0.209 -0.588 10.212 2
0.152 -0.569 10.025 5
0.152 -0.569 10.025 5
0.171 -0.555 9.925 5
0.171 -0.555 9.925 3
0.31 -0.478 9.862 2
0.31 -0.478 9.862 5
0.42 -0.421 9.925 5
0.42 -0.421 9.925 5
0.42 -0.421 9.925 3
0.429 -0.454 9.886 2
0.429 -0.454 9.886 5
0.477 -0.459 10.016 5
0.477 -0.459 10.016 5
0.477 -0.459 10.016 3
0.405 -0.541 10.097 2
0.405 -0.541 10.097 5
0.377 -0.488 9.987 5
0.377 -0.488 9.987 5
0.377 -0.488 9.987 4
0.42 -0.488 9.92 1
0.42 -0.488 9.92 5
0.458 -0.43 9.853 5
0.458 -0.43 9.853 5
0.458 -0.43 9.853 3
0.458 -0.45 9.91 2
0.458 -0.45 9.91 5
0.357 -0.478 9.805 5
0.357 -0.478 9.805 5
0.357 -0.478 9.805 3
0.262 -0.474 9.781 2
0.262 -0.474 9.781 5
0.266 -0.512 9.762 5
0.266 -0.512 9.762 5
0.266 -0.512 9.762 4
0.353 -0.469 9.776 1
0.353 -0.469 9.776 5
0.353 -0.469 9.8 5
0.353 -0.469 9.8 5
0.353 -0.469 9.8 3
0.329 -0.474 9.829 2
0.329 -0.474 9.829 5
0.18 -0.507 9.834 5
0.132 -0.497 9.829 5
0.132 -0.497 9.829 3
0.132 -0.497 9.829 2
0.123 -0.483 9.7 5
0.123 -0.483 9.7 5
0.152 -0.43 9.652 5
0.152 -0.43 9.652 3
0.152 -0.43 9.652 2
0.175 -0.387 9.642 5
0.175 -0.387 9.642 5
0.233 -0.325 9.589 5
0.233 -0.325 9.589 3
0.233 -0.325 9.589 2
0.281 -0.311 9.609 5
0.281 -0.311 9.609 5
0.18 -0.354 9.652 5
0.18 -0.354 9.652 3
0.18 -0.354 9.652 2
0.065 -0.397 9.819 5
0.065 -0.397 9.819 5
-0.015 -0.464 9.795 5
-0.015 -0.464 9.795 4
-0.015 -0.464 9.795 1
0.008 -0.478 9.795 5
0.008 -0.478 9.795 5
0.051 -0.45 9.819 5
0.051 -0.45 9.819 3
0.051 -0.45 9.819 2
0.214 -0.373 9.762 5
0.214 -0.373 9.762 5
0.271 -0.311 9.704 5
0.271 -0.311 9.704 3
0.271 -0.311 9.704 2
0.214 -0.325 9.566 5
0.214 -0.325 9.566 5
0.199 -0.316 9.518 5
0.199 -0.316 9.518 4
0.199 -0.316 9.518 1
0.199 -0.339 9.633 5
0.137 -0.454 9.752 5
0.137 -0.454 9.752 5
0.137 -0.454 9.752 3
0.118 -0.407 9.848 2
0.118 -0.407 9.848 5
0.137 -0.445 9.834 5
0.137 -0.445 9.834 5
0.137 -0.445 9.834 3
0.223 -0.464 9.901 2
0.223 -0.464 9.901 5
0.152 -0.478 10.198 5
0.152 -0.478 10.198 5
0.152 -0.478 10.198 4
0.056 -0.617 10.293 1
0.056 -0.617 10.293 5
0.156 -0.536 10.207 5
0.156 -0.536 10.207 5
0.156 -0.536 10.207 4
0.233 -0.158 9.977 1
0.233 -0.158 9.977 5
0.056 -0.215 9.767 5
0.056 -0.215 9.767 5
0.056 -0.215 9.767 4
-0.154 -0.397 10.303 1
-0.154 -0.397 10.303 5
-0.355 0.253 9.834 5
-0.355 0.253 9.834 5
-0.355 0.253 9.834 4
-0.355 0.272 10.164 1
-0.355 0.272 10.164 5
-0.518 -0.019 10.696 5
-0.518 -0.019 10.696 5
-0.518 -0.019 10.696 4
-0.805 -0.023 11.165 1
-0.805 -0.023 11.165 5
-0.757 0.023 11.337 5
-0.757 0.023 11.337 5
-0.757 0.023 11.337 4
-0.551 0.095 11.95 1
-0.264 0.239 12.108 5
-0.264 0.239 12.108 5
0.046 0.229 13.071 5
0.046 0.229 13.071 4
0.046 0.229 13.071 1
0.908 0.679 13.966 5
0.908 0.679 13.966 5
1.942 1.048 14.488 5
1.942 1.048 14.488 4
1.942 1.048 14.488 1
2.919 1.101 14.895 5
2.919 1.101 14.895 5
3.508 0.943 15.537 5
3.508 0.943 15.537 4
3.508 0.943 15.537 1
3.906 0.627 16.169 5
3.906 0.627 16.169 5
4.226 0.416 16.782 5
4.226 0.416 16.782 4
4.226 0.416 16.782 1
4.586 -0.023 17.509 5
4.586 -0.023 17.509 5
4.677 -0.823 17.873 5
4.677 -0.823 17.873 4
4.677 -0.823 17.873 1
4.71 -1.302 17.533 5
4.71 -1.302 17.533 5
5.021 -1.46 16.734 5
5.021 -1.46 16.734 4
5.021 -1.46 16.734 1
5.582 -1.517 16.188 5
5.582 -1.517 16.188 5
6.736 -1.642 16.672 5
6.736 -1.642 16.672 4
6.736 -1.642 16.672 1
7.856 -1.556 16.839 5
7.856 -1.556 16.839 6
8.416 -1.762 17.083 5
8.416 -1.762 17.083 3
8.531 -1.948 16.006 1
8.531 -1.948 16.006 5
8.388 -1.814 14.402 5
8.388 -1.814 14.402 5
8.388 -1.814 14.402 4
8.033 -1.881 12.501 1
8.033 -1.881 12.501 5
7.875 -1.441 10.494 5
7.875 -1.441 10.494 5
7.875 -1.441 10.494 4
7.559 -1.35 9.417 1
7.559 -1.35 9.417 5
6.669 -1.355 8.182 6
6.669 -1.355 8.182 5
6.669 -1.355 8.182 3
5.874 -1.211 7.08 1
5.874 -1.211 7.08 5
5.007 -1.13 5.634 5
5.007 -1.13 5.634 5
5.007 -1.13 5.634 4
4.03 -0.986 4.188 1
4.03 -0.986 4.188 5
3.278 -1.35 2.522 5
3.278 -1.35 2.522 5
3.278 -1.35 2.522 4
3.475 -1.211 3.355 1
3.475 -1.211 3.355 5
3.705 -1.125 4.638 6
3.705 -1.125 4.638 5
3.705 -1.125 4.638 3
3.408 -1.134 3.958 1
3.408 -1.134 3.958 5
2.009 -1.479 2.876 5
2.009 -1.479 2.876 5
2.009 -1.479 2.876 4
1.033 -1.608 0.712 1
1.033 -1.608 0.712 5
0.161 -1.537 -1.806 5
-0.614 -1.757 -2.438 5
-0.614 -1.757 -2.438 4
-2.323 -2.336 -2.084 6
-2.323 -2.336 -2.084 6
-3.659 -2.815 -2.721 5
-3.659 -2.815 -2.721 3
-3.659 -2.815 -2.721 1
-4.095 -2.834 -3.951 5
-4.095 -2.834 -3.951 5
-4.363 -2.427 -4.861 5
-4.363 -2.427 -4.861 4
-4.363 -2.427 -4.861 1
-2.28 -2.394 -5.531 5
-2.28 -2.394 -5.531 5
-2.4 -2.566 -4.492 5
-2.4 -2.566 -4.492 4
-2.4 -2.566 -4.492 2
-3.219 -2.13 -3.295 5
-3.219 -2.13 -3.295 5
-4.224 -1.987 -2.337 5
-4.224 -1.987 -2.337 3
-4.224 -1.987 -2.337 2
-5.311 -2.063 -1.102 4
-5.311 -2.063 -1.102 5
-6.202 -2.126 -0.125 5
-6.202 -2.126 -0.125 4
-6.202 -2.126 -0.125 1
-6.432 -1.537 -0.537 6
-6.432 -1.537 -0.537 5
-7.02 -1.024 -0.322 5
-7.02 -1.024 -0.322 3
-7.02 -1.024 -0.322 2
-7.614 -0.967 0.808 5
-7.614 -0.967 0.808 5
-7.456 -1.082 2.527 5
-7.456 -1.082 2.527 3
-7.456 -1.082 2.527 2
-7.217 -1.005 4.241 5
-7.064 -0.938 6.793 5
-7.064 -0.938 6.793 5
-7.064 -0.938 6.793 3
-8.146 -1.58 8.972 2
-8.146 -1.58 8.972 5
-8.96 -2.035 9.518 5
-8.96 -2.035 9.518 5
-8.96 -2.035 9.518 4
-8.716 -1.867 10.327 1
-8.716 -1.867 10.327 5
-8.601 -1.987 12.012 5
-8.601 -1.987 12.012 5
-8.601 -1.987 12.012 3
-8.792 -2.351 14.186 2
-8.792 -2.351 14.186 5
-8.773 -3.284 16.427 5
-8.773 -3.284 16.427 5
-8.773 -3.284 16.427 3
-7.959 -3.768 19.032 2
-7.959 -3.768 19.032 5
-6.364 -3.926 21.948 5
-6.364 -3.926 21.948 5
-6.364 -3.926 21.948 4
-4.933 -4.247 24.352 6
-4.88 -4.86 26.344 5
-4.88 -4.86 26.344 5
-4.88 -4.86 26.344 3
-5.708 -6.033 27.383 2
-5.708 -6.033 27.383 5
-7.107 -6.952 26.761 5
-7.107 -6.952 26.761 5
-7.107 -6.952 26.761 3
-7.547 -7.79 26.325 2
-7.547 -7.79 26.325 5
-6.728 -7.714 27.474 5
-6.728 -7.714 27.474 5
-6.728 -7.714 27.474 3
-5.67 -7.824 27.972 2
-4.296 -7.364 27.972 5
-4.296 -7.364 27.972 5
-2.543 -6.177 26.679 5
-2.543 -6.177 26.679 3
-2.543 -6.177 26.679 2
-0.82 -4.778 24.103 5
-0.82 -4.778 24.103 5
0.506 -3.72 21.651 5
0.506 -3.72 21.651 3
0.506 -3.72 21.651 2
0.745 -3.059 18.673 5
0.745 -3.059 18.673 5
0.597 -2.485 15.345 5
0.597 -2.485 15.345 4
0.597 -2.485 15.345 1
0.175 -2.207 12.319 5
0.175 -2.207 12.319 5
0.161 -1.771 9.714 5
0.161 -1.771 9.714 3
0.161 -1.771 9.714 2
1.981 -0.756 10.001 5
1.981 -0.756 10.001 5
2.938 -0.675 11.907 5
2.938 -0.675 11.907 3
2.938 -0.675 11.907 2
4.183 -0.057 12.802 5
4.183 -0.057 12.802 5
4.542 0.095 12.29 5
4.542 0.095 12.29 4
4.542 0.095 12.29 1
3.973 0.186 9.609 5
3.973 0.186 9.609 5
3.312 0.493 7.186 5
3.312 0.493 7.186 3
3.312 0.493 7.186 2
3.159 0.579 6.487 5
3.159 0.579 6.487 5
3.46 0.593 6.544 5
3.46 0.593 6.544 3
4.188 0.785 7.32 2
4.188 0.785 7.32 5
4.753 1.0 7.439 5
4.753 1.0 7.439 5
4.753 1.0 7.439 3
4.806 1.187 6.721 2
4.806 1.187 6.721 5
4.657 1.288 6.257 5
4.657 1.288 6.257 5
4.657 1.288 6.257 3
4.94 1.436 6.836 2
4.94 1.436 6.836 5
5.026 1.561 7.205 5
5.026 1.561 7.205 5
5.026 1.561 7.205 3
4.691 1.498 6.702 2
4.691 1.498 6.702 5
4.092 1.431 6.29 5
4.092 1.431 6.29 5
4.092 1.431 6.29 4
3.618 1.278 6.534 1
3.618 1.278 6.534 5
3.393 1.106 6.836 5
3.393 1.106 6.836 5
3.393 1.106 6.836 3
3.293 1.192 6.774 2
3.293 1.192 6.774 5
3.417 1.551 6.597 5
3.417 1.551 6.597 5
3.417 1.551 6.597 4
3.331 1.795 6.285 1
3.331 1.795 6.285 5
3.072 1.599 6.511 5
3.072 1.599 6.511 5
3.072 1.599 6.511 4
2.871 1.187 7.574 1
2.871 1.187 7.574 5
1.344 0.459 9.187 5
1.344 0.459 9.187 5
1.344 0.459 9.187 4
1.114 0.004 9.35 1
0.688 -0.095 9.977 5
0.688 -0.095 9.977 5
0.812 0.028 9.652 5
0.812 0.028 9.652 4
0.812 0.028 9.652 1
0.597 0.263 9.963 5
0.597 0.263 9.963 5
0.31 0.172 9.436 5
0.31 0.172 9.436 4
0.31 0.172 9.436 1
-0.13 0.21 9.216 5
-0.13 0.21 9.216 5
-0.412 0.158 9.087 5
-0.412 0.158 9.087 4
-0.412 0.158 9.087 1
-0.034 0.301 9.403 5
-0.034 0.301 9.403 5
0.511 0.593 9.652 5
0.511 0.593 9.652 4
0.511 0.593 9.652 1
0.573 0.703 9.795 5
0.573 0.703 9.795 5
0.223 0.517 9.996 5
0.223 0.517 9.996 4
0.223 0.517 9.996 1
-0.106 0.335 10.102 5
-0.106 0.335 10.102 5
-0.278 0.306 10.265 5
-0.278 0.306 10.265 4
-0.35 0.311 10.37 6
-0.35 0.311 10.37 5
-0.154 0.45 10.241 5
-0.154 0.45 10.241 4
-0.154 0.45 10.241 1
0.099 0.761 10.107 5
0.099 0.761 10.107 5
0.434 1.043 9.661 5
0.434 1.043 9.661 4
0.257 1.058 9.379 1
0.257 1.058 9.379 5
0.075 1.187 8.933 5
0.075 1.187 8.933 5
0.075 1.187 8.933 4
0.132 1.278 8.991 1
0.132 1.278 8.991 5
-0.173 1.139 9.637 5
-0.173 1.139 9.637 5
-0.173 1.139 9.637 4
-0.187 1.058 9.925 1
-0.187 1.058 9.925 5
-0.374 0.976 9.944 5
-0.374 0.976 9.944 5
-0.374 0.976 9.944 4
-0.571 0.895 9.661 1
-0.571 0.895 9.661 5
-0.456 1.015 9.431 5
-0.456 1.015 9.431 5
-0.456 1.015 9.431 4
-0.192 1.149 9.532 1
-0.192 1.149 9.532 5
-0.135 1.091 9.498 5
-0.135 1.091 9.498 5
-0.135 1.091 9.498 4
-0.077 1.024 9.805 1
-0.077 1.024 9.805 5
-0.178 0.842 10.178 5
-0.178 0.842 10.178 5
-0.178 0.842 10.178 4
-0.384 0.603 10.217 2
-0.384 0.603 10.217 4
-0.331 0.66 10.107 6
-0.331 0.66 10.107 5
-0.331 0.66 10.107 3
-0.096 0.761 10.102 1
-0.096 0.761 10.102 5
0.037 0.866 10.116 5
-0.159 0.746 10.011 5
-0.159 0.746 10.011 4
-0.159 0.746 10.011 1
-0.254 0.737 9.848 5
-0.254 0.737 9.848 5
-0.254 0.828 9.704 5
-0.254 0.828 9.704 4
-0.254 0.828 9.704 1
-0.35 0.823 9.68 5
-0.35 0.823 9.68 6
-0.436 0.809 9.561 5
-0.436 0.809 9.561 3
-0.436 0.809 9.561 1
-0.24 0.866 9.609 5
-0.24 0.866 9.609 5
-0.039 0.871 9.709 5
-0.039 0.871 9.709 4
-0.039 0.871 9.709 1
0.022 0.895 9.767 5
0.022 0.895 9.767 5
0.051 0.871 9.925 5
0.051 0.871 9.925 4
0.051 0.871 9.925 1
-0.02 0.746 10.14 5
-0.02 0.746 10.14 6
-0.068 0.617 10.289 5
-0.068 0.617 10.289 3
-0.068 0.617 10.289 1
-0.029 0.617 10.207 5
-0.029 0.617 10.207 5
0.175 0.79 9.982 5
0.175 0.79 9.982 4
0.175 0.79 9.982 1
0.257 0.871 10.078 5
0.257 0.871 10.078 5
0.257 0.799 10.15 5
0.257 0.799 10.15 4
0.204 0.78 10.178 2
0.204 0.78 10.178 4
0.156 0.727 10.116 6
0.156 0.727 10.116 5
0.156 0.727 10.116 3
0.094 0.675 10.107 1
0.094 0.675 10.107 5
0.051 0.656 10.059 5
0.051 0.656 10.059 5
0.051 0.656 10.059 4
0.147 0.737 10.03 1
0.147 0.737 10.03 5
0.214 0.708 10.068 5
0.214 0.708 10.068 5
0.214 0.708 10.068 4
0.271 0.766 9.953 2
0.271 0.766 9.953 5
0.314 0.78 9.915 5
0.314 0.78 9.915 5
0.314 0.78 9.915 3
0.391 0.89 9.968 2
0.391 0.89 9.968 5
0.468 0.905 9.953 5
0.468 0.905 9.953 5
0.468 0.905 9.953 3
0.424 0.857 10.15 2
0.424 0.857 10.15 5
0.262 0.761 10.174 5
0.262 0.761 10.174 5
0.262 0.761 10.174 3
0.08 0.656 10.212 2
0.08 0.656 10.212 5
-0.077 0.584 10.15 5
-0.077 0.584 10.15 5
-0.077 0.584 10.15 3
-0.116 0.651 9.838 2
-0.116 0.651 9.838 5
0.017 0.809 9.676 5
0.017 0.809 9.676 5
0.017 0.809 9.676 3
0.113 0.895 9.594 2
0.166 1.0 9.484 5
0.166 1.0 9.484 5
0.166 1.029 9.494 5
0.166 1.029 9.494 4
0.166 1.029 9.494 1
0.003 0.919 9.494 5
0.003 0.919 9.494 5
0.046 0.885 9.781 5
0.046 0.885 9.781 3
0.046 0.885 9.781 2
0.084 0.895 9.891 5
0.084 0.895 9.891 5
0.084 0.828 9.982 5
0.084 0.828 9.982 3
0.084 0.828 9.982 2
-0.049 0.794 9.992 5
-0.049 0.794 9.992 5
-0.14 0.761 9.906 5
-0.14 0.761 9.906 4
-0.14 0.761 9.906 1
-0.092 0.818 9.843 5
-0.092 0.818 9.843 5
-0.073 0.818 9.834 5
-0.073 0.818 9.834 3
-0.073 0.818 9.834 2
-0.063 0.895 9.791 5
-0.063 0.895 9.791 5
-0.001 0.962 9.657 5
-0.001 0.962 9.657 3
-0.001 0.962 9.657 2
0.084 0.981 9.561 5
0.084 0.981 9.561 5
0.089 0.991 9.561 5
0.089 0.991 9.561 3
0.089 0.991 9.561 2
-0.01 0.919 9.714 5
-0.01 0.919 9.714 5
-0.12 0.814 9.815 5
-0.12 0.814 9.815 3
-0.159 0.785 9.867 2
-0.159 0.785 9.867 5
-0.135 0.732 9.858 5
-0.135 0.732 9.858 5
-0.135 0.732 9.858 3
-0.226 0.727 9.992 2
-0.226 0.727 9.992 5
-0.159 0.723 9.915 5
-0.159 0.723 9.915 5
-0.159 0.723 9.915 4
-0.092 0.799 9.906 1
-0.092 0.799 9.906 5
-0.02 0.804 9.704 5
-0.02 0.804 9.704 5
-0.02 0.804 9.704 4
0.037 0.885 9.551 1
0.037 0.885 9.551 5
0.113 0.905 9.561 5
0.113 0.905 9.561 5
0.113 0.905 9.561 3
0.037 0.837 9.661 2
0.037 0.837 9.661 5
-0.015 0.708 9.805 5
-0.015 0.708 9.805 5
-0.015 0.708 9.805 4
-0.039 0.713 9.781 1
-0.039 0.713 9.781 5
-0.039 0.756 9.829 5
-0.039 0.756 9.829 5
-0.039 0.756 9.829 4
-0.125 0.708 9.834 1
-0.125 0.708 9.834 5
-0.183 0.77 9.685 5
-0.183 0.77 9.685 5
-0.183 0.77 9.685 3
-0.092 0.828 9.81 2
-0.092 0.828 9.81 5
-0.029 0.828 9.623 5
0.027 0.818 9.695 5
0.027 0.818 9.695 4
0.027 0.818 9.695 1
-0.025 0.746 9.848 5
-0.025 0.746 9.848 5
0.104 0.737 9.953 5
0.104 0.737 9.953 3
0.104 0.737 9.953 2
0.094 0.78 9.992 5
0.094 0.78 9.992 5
0.089 0.751 9.91 5
0.089 0.751 9.91 4
0.089 0.751 9.91 1
0.094 0.723 9.977 5
0.094 0.723 9.977 5
0.051 0.713 10.083 5
0.051 0.713 10.083 4
0.08 0.694 10.068 6
0.08 0.694 10.068 5
0.041 0.742 10.054 5
0.041 0.742 10.054 4
0.041 0.742 10.054 1
0.084 0.756 10.025 5
0.084 0.756 10.025 5
0.152 0.837 9.91 5
0.152 0.837 9.91 4
0.152 0.837 9.91 1
0.305 0.9 9.862 5
0.305 0.9 9.862 5
0.252 0.933 9.901 5
0.252 0.933 9.901 4
0.252 0.933 9.901 1
0.209 0.876 9.886 5
0.209 0.876 9.886 5
0.147 0.876 9.896 5
0.147 0.876 9.896 4
0.147 0.876 9.896 1
0.214 1.034 8.335 5
0.257 1.216 9.843 5
0.257 1.216 9.843 5
0.257 1.216 9.843 4
0.003 0.804 9.283 1
0.003 0.804 9.283 5
0.041 0.948 9.709 5
0.041 0.948 9.709 5
0.041 0.948 9.709 4
0.037 0.646 9.963 1
0.037 0.646 9.963 5
0.08 0.79 10.03 5
0.08 0.79 10.03 5
0.08 0.79 10.03 4
0.08 0.656 10.231 1
0.08 0.656 10.231 5
0.156 0.67 10.116 5
0.156 0.67 10.116 5
0.156 0.67 10.116 4
0.19 0.885 9.666 1
0.19 0.885 9.666 5
0.31 1.024 9.422 5
0.31 1.024 9.422 5
0.31 1.024 9.422 4
0.3 1.067 9.484 6
0.286 1.058 9.8 5
0.286 1.058 9.8 5
0.286 1.058 9.8 4
0.132 0.928 9.939 1
0.132 0.928 9.939 5
0.013 0.876 10.083 5
0.013 0.876 10.083 5
0.013 0.876 10.083 4
-0.073 0.79 10.164 1
-0.073 0.79 10.164 5
-0.125 0.732 10.126 5
-0.116 0.742 10.025 5
-0.116 0.742 10.025 4
-0.116 0.742 10.025 1
-0.106 0.766 9.929 5
-0.106 0.766 9.929 5
-0.044 0.79 9.805 5
-0.044 0.79 9.805 4
-0.044 0.79 9.805 1
-0.005 0.818 9.68 5
-0.005 0.818 9.68 5
0.037 0.852 9.776 5
0.037 0.852 9.776 4
0.037 0.852 9.776 1
0.051 0.823 9.815 5
0.051 0.823 9.815 5
0.022 0.751 9.973 5
0.022 0.751 9.973 4
0.022 0.751 9.973 1
-0.005 0.742 10.131 5
-0.005 0.742 10.131 6
-0.077 0.67 10.135 5
-0.077 0.67 10.135 3
-0.077 0.67 10.135 1
-0.173 0.627 10.145 5
-0.173 0.627 10.145 5
-0.192 0.66 10.159 5
-0.192 0.66 10.159 4
-0.192 0.66 10.159 1
-0.111 0.689 10.035 5
-0.111 0.689 10.035 5
-0.005 0.766 9.872 5
-0.005 0.766 9.872 4
0.099 0.833 9.747 6
0.099 0.833 9.747 6
0.223 1.0 9.599 5
0.223 1.0 9.599 3
0.223 1.0 9.599 1
0.228 0.761 9.771 5
0.228 0.761 9.771 5
0.252 0.976 9.805 5
0.252 0.976 9.805 4
0.262 0.823 9.8 1
0.262 0.823 9.8 5
0.199 0.861 9.795 5
0.199 0.861 9.795 5
0.199 0.861 9.795 4
0.175 0.861 9.728 1
0.175 0.861 9.728 5
0.209 0.794 9.815 6
0.209 0.794 9.815 5
0.209 0.794 9.815 3
0.233 0.833 9.8 1
0.233 0.833 9.8 5
0.262 0.77 9.719 5
0.262 0.77 9.719 5
0.262 0.77 9.719 4
0.314 0.837 9.613 1
0.314 0.837 9.613 5
0.367 0.861 9.594 5
0.367 0.861 9.594 5
0.367 0.861 9.594 4
0.381 0.876 9.57 1
0.381 0.876 9.57 5
0.305 0.9 9.532 6
0.305 0.9 9.532 5
0.305 0.9 9.532 3
0.214 0.871 9.527 1
0.214 0.871 9.527 5
0.276 0.828 9.551 5
0.276 0.828 9.551 5
0.276 0.828 9.551 4
0.247 0.871 9.599 1
0.247 0.871 9.599 5
0.214 0.809 9.652 5
0.238 0.794 9.858 5
0.238 0.794 9.858 4
0.238 0.794 9.858 2
0.238 0.794 9.858 4
0.262 0.785 10.049 6
0.257 0.737 9.973 5
0.257 0.737 9.973 3
0.257 0.737 9.973 1
0.295 0.785 9.992 5
0.295 0.785 9.992 6
0.353 0.818 9.925 5
0.353 0.818 9.925 3
0.353 0.818 9.925 1
0.324 0.823 9.91 6
0.324 0.823 9.91 5
0.29 0.799 9.8 5
0.29 0.799 9.8 3
0.29 0.799 9.8 2
0.281 0.847 9.848 5
0.281 0.847 9.848 5
0.305 0.823 9.882 5
0.305 0.823 9.882 3
0.305 0.823 9.882 2
0.554 0.823 9.7 5
0.554 0.823 9.7 5
0.07 0.861 10.25 5
0.07 0.861 10.25 3
0.07 0.861 10.25 2
0.161 0.775 9.805 5
0.161 0.775 9.805 5
0.228 0.79 9.949 5
0.228 0.79 9.949 3
0.228 0.79 9.949 2
0.262 0.914 9.872 5
0.262 0.914 9.872 5
0.266 0.924 9.834 5
0.266 0.924 9.834 3
0.266 0.924 9.834 2
0.252 0.885 9.815 5
0.252 0.885 9.815 5
0.219 0.881 9.757 5
0.219 0.881 9.757 3
0.219 0.881 9.757 2
0.247 0.895 9.781 5
0.353 0.967 9.872 5
0.353 0.967 9.872 5
0.353 0.967 9.872 4
0.357 0.957 9.949 1
0.357 0.957 9.949 5
0.367 0.943 9.901 5
0.367 0.943 9.901 5
0.367 0.943 9.901 3
0.281 0.847 9.944 2
0.281 0.847 9.944 5
0.094 0.77 9.963 5
0.094 0.77 9.963 5
0.094 0.77 9.963 3
-0.034 0.703 9.968 2
-0.034 0.703 9.968 5
-0.068 0.641 10.016 5
-0.068 0.641 10.016 5
-0.068 0.641 10.016 4
-0.034 0.718 9.958 1
-0.034 0.718 9.958 5
0.084 0.742 9.81 5
0.084 0.742 9.81 5
0.084 0.742 9.81 3
0.19 0.861 9.786 2
0.19 0.861 9.786 5
0.262 0.852 9.767 5
0.262 0.852 9.767 5
0.262 0.852 9.767 3
0.161 0.823 9.743 2
0.161 0.823 9.743 5
0.257 0.852 9.776 5
0.257 0.852 9.776 5
0.257 0.852 9.776 4
0.171 0.823 9.786 2
0.171 0.823 9.786 4
0.175 0.818 9.815 5
0.175 0.818 9.815 5
0.175 0.818 9.815 3
0.199 0.823 9.752 2
0.271 0.842 9.848 5
0.271 0.842 9.848 5
0.324 0.857 9.752 5
0.324 0.857 9.752 3
0.324 0.857 9.752 2
0.338 0.9 9.767 5
0.338 0.9 9.767 5
0.381 0.914 9.843 5
0.381 0.914 9.843 4
0.381 0.914 9.843 1
0.429 0.89 10.04 5
0.429 0.89 10.04 5
0.372 0.857 9.968 5
0.372 0.857 9.968 3
0.372 0.857 9.968 2
0.333 0.871 9.867 5
0.333 0.871 9.867 5
0.31 0.952 9.791 5
0.31 0.952 9.791 3
0.31 0.952 9.791 2
0.343 0.914 9.69 5
0.343 0.914 9.69 5
0.314 0.967 9.752 5
0.314 0.967 9.752 4
0.314 0.967 9.752 1
0.271 0.919 9.719 5
0.271 0.919 9.719 5
0.214 0.924 9.666 5
0.214 0.924 9.666 3
0.214 0.924 9.666 2
0.152 0.828 9.757 5
0.152 0.828 9.757 5
0.123 0.78 9.81 5
0.123 0.78 9.81 3
0.123 0.78 9.81 2
0.132 0.794 9.906 5
0.132 0.794 9.906 5
0.185 0.775 9.91 5
0.185 0.775 9.91 3
0.243 0.799 10.025 2
0.243 0.799 10.025 5
0.276 0.828 9.958 5
0.276 0.828 9.958 5
0.276 0.828 9.958 3
0.257 0.799 9.877 2
0.257 0.799 9.877 5
0.223 0.828 9.834 5
0.223 0.828 9.834 5
0.223 0.828 9.834 3
0.195 0.833 9.896 2
0.195 0.833 9.896 5
0.147 0.833 9.872 5
0.147 0.833 9.872 5
0.147 0.833 9.872 4
0.185 0.828 9.91 1
0.185 0.828 9.91 5
0.18 0.775 9.92 5
0.18 0.775 9.92 5
0.18 0.775 9.92 4
0.07 0.77 10.006 1
0.07 0.77 10.006 5
0.108 0.77 10.016 5
0.108 0.77 10.016 5
0.108 0.77 10.016 3
0.132 0.751 10.116 2
0.132 0.751 10.116 5
0.266 0.77 10.131 5
0.266 0.77 10.131 5
0.266 0.77 10.131 4
0.381 0.866 9.958 1
0.381 0.866 9.958 5
0.501 0.967 9.886 5
0.501 0.967 9.886 5
0.501 0.967 9.886 4
0.659 1.254 8.34 1
0.659 1.254 8.34 5
0.353 1.005 9.724 5
0.07 0.837 9.589 5
0.07 0.837 9.589 4
0.07 0.837 9.589 1
0.075 0.837 9.695 5
0.075 0.837 9.695 5
0.128 0.708 9.829 5
0.128 0.708 9.829 4
0.128 0.708 9.829 1
0.295 0.967 9.8 5
0.295 0.967 9.8 6
0.535 0.928 9.987 5
0.535 0.928 9.987 3
0.535 0.928 9.987 1
0.693 0.967 10.035 5
0.693 0.967 10.035 5
0.492 0.895 9.901 5
0.492 0.895 9.901 4
0.492 0.895 9.901 1
0.329 0.818 9.977 5
0.329 0.818 9.977 5
0.18 0.723 9.992 5
0.18 0.723 9.992 4
0.18 0.723 9.992 1
0.156 0.718 10.183 5
0.156 0.718 10.183 5
0.147 0.703 10.193 5
0.147 0.703 10.193 4
0.147 0.703 10.193 1
0.156 0.708 10.25 5
0.156 0.708 10.25 5
0.219 0.766 10.212 5
0.219 0.766 10.212 4
0.219 0.766 10.212 1
0.262 0.799 10.169 5
0.262 0.799 10.169 5
0.132 0.847 9.829 5
0.132 0.847 9.829 4
0.132 0.847 9.829 1
0.089 0.89 9.781 5
0.017 0.881 9.738 5
0.017 0.881 9.738 5
0.017 0.881 9.738 4
-0.049 0.89 9.771 1
-0.049 0.89 9.771 5
-0.125 0.914 9.7 5
-0.125 0.914 9.7 5
-0.125 0.914 9.7 4
-0.14 0.885 9.666 1
-0.14 0.885 9.666 5
-0.077 0.89 9.661 5
-0.077 0.89 9.661 5
-0.077 0.89 9.661 4
-0.025 0.924 9.843 1
-0.025 0.924 9.843 5
0.017 0.895 9.915 6
0.017 0.895 9.915 5
0.017 0.895 9.915 3
0.032 0.933 9.858 1
0.032 0.933 9.858 5
0.118 0.928 9.757 5
0.118 0.928 9.757 5
0.118 0.928 9.757 4
-0.068 0.809 9.786 1
-0.068 0.809 9.786 5
-0.058 1.034 9.633 5
-0.058 1.034 9.633 5
-0.058 1.034 9.633 4
0.041 0.9 9.953 1
0.041 0.9 9.953 5
0.118 0.972 9.843 6
0.118 0.972 9.843 5
0.118 0.972 9.843 3
0.247 1.019 9.858 1
0.247 1.019 9.858 5
0.199 0.952 9.848 5
0.199 0.952 9.848 5
0.199 0.952 9.848 4
0.19 1.0 9.767 1
0.161 0.995 9.752 5
0.161 0.995 9.752 5
0.19 1.015 9.781 5
0.19 1.015 9.781 4
0.19 1.015 9.781 1
0.257 1.019 9.791 5
0.257 1.019 9.791 6
0.333 1.029 9.824 5
0.333 1.029 9.824 3
0.333 1.029 9.824 1
0.286 1.019 9.781 5
0.286 1.019 9.781 5
0.209 0.957 9.7 5
0.209 0.957 9.7 4
0.209 0.957 9.7 1
0.094 0.948 9.733 5
0.094 0.948 9.733 5
0.137 0.924 9.733 5
0.137 0.924 9.733 4
0.137 0.924 9.733 1

# Completed @Tue Apr 11 19:30:46 GMT+02:00 2017
