# Accelerometer Data File
# Started @Fri Mar 31 10:48:37 GMT+02:00 2017
#
#
# sensor Vendor: Invensense
# sensor Name: ICM20610 Acceleration Sensor
# sensor Resolution: 0.0011971008m/sec^2; Max Range: 39.2266; Min Delay: 5000 microseconds
# The sensor's attributes are the result hardware and the Android capabilities.
# It means that the Android may not utilize all features provided by the hardware.
#
# Some devices and Android versions save battery too much so the device may go to sleep.
# It just happens after couple of minutes from turning off the scree and it is easy to find it out.
#
# The following file provides the data from accelerometer in the m/s^2 format.
# The diff value is just a time delta between the samples
#
#
# data format:
# so we have 4 columns with values separated by the " "
# X Y Z time_from_previous_sample(ms)

# sensor speed set to:FASTEST
# units set to: m/sec^2
# gravity NOT filtered out
# Accuracy: HIGH
0.506 6.828 7.004 0
0.578 6.833 7.363 4
0.472 6.679 7.521 5
0.472 6.679 7.521 4
0.472 6.679 7.521 1
0.314 6.43 7.583 5
0.314 6.43 7.583 5
2.144 6.459 6.319 5
2.144 6.459 6.319 4
2.144 6.459 6.319 1
-0.93 7.091 6.827 5
-0.93 7.091 6.827 5
0.056 7.139 7.799 5
0.056 7.139 7.799 4
0.056 7.139 7.799 1
0.333 6.521 5.663 6
0.333 6.521 5.663 4
0.18 7.125 6.262 5
0.18 7.125 6.262 4
0.18 7.125 6.262 1
0.003 6.89 7.037 5
0.003 6.89 7.037 5
0.132 6.56 6.913 5
0.132 6.56 6.913 4
0.353 6.818 6.97 6
0.353 6.818 6.97 5
0.511 6.823 7.243 5
0.511 6.823 7.243 4
0.511 6.823 7.243 1
0.401 6.746 7.478 6
0.401 6.746 7.478 4
0.357 6.698 7.344 5
0.357 6.698 7.344 4
0.386 6.904 7.152 1
0.386 6.904 7.152 5
0.424 7.005 7.018 5
0.424 7.005 7.018 5
0.424 7.005 7.018 4
0.755 6.876 6.022 1
0.755 6.876 6.022 5
-0.48 7.326 7.296 5
-0.48 7.326 7.296 5
-0.48 7.326 7.296 4
0.104 7.072 6.783 1
0.104 7.072 6.783 6
0.396 6.971 6.894 4
0.396 6.971 6.894 5
0.396 6.971 6.894 4
0.108 6.971 6.726 1
0.108 6.971 6.726 5
0.008 6.756 7.195 5
0.008 6.756 7.195 5
0.008 6.756 7.195 4
0.343 6.746 6.582 1
0.343 6.746 6.582 5
-0.824 6.837 7.416 5
-0.824 6.837 7.416 5
-0.824 6.837 7.416 4
-0.058 6.363 7.119 1
-0.058 6.363 7.119 6
0.19 6.512 7.665 4
0.19 6.512 7.665 5
0.19 6.512 7.665 4
0.448 6.574 7.823 1
0.841 6.44 7.808 5
0.841 6.44 7.808 5
0.669 6.861 7.679 5
0.669 6.861 7.679 5
0.669 6.861 7.679 1
0.439 6.684 7.454 4
0.439 6.684 7.454 5
0.788 6.689 7.382 5
0.788 6.689 7.382 4
0.788 6.689 7.382 1
0.673 6.627 7.564 6
0.673 6.627 7.564 4
0.63 6.761 7.832 5
0.63 6.761 7.832 4
0.63 6.761 7.832 1
0.736 6.631 7.554 5
0.736 6.631 7.554 5
0.894 6.732 7.665 5
0.894 6.732 7.665 4
0.894 6.732 7.665 1
1.033 6.627 7.856 5
1.033 6.627 7.856 5
0.932 6.751 7.842 5
0.932 6.751 7.842 4
0.932 6.751 7.842 1
0.855 6.727 7.65 6
0.855 6.727 7.65 5
0.922 6.904 7.31 5
0.922 6.904 7.31 3
0.922 6.904 7.31 2
0.841 6.976 7.076 5
0.956 7.11 6.712 5
0.956 7.11 6.712 5
0.956 7.11 6.712 3
0.985 7.077 6.611 2
0.985 7.077 6.611 5
0.908 6.962 6.851 5
0.908 6.962 6.851 5
0.908 6.962 6.851 3
0.831 6.957 7.104 2
0.831 6.957 7.104 5
0.65 6.823 7.047 5
0.65 6.823 7.047 5
0.65 6.823 7.047 3
0.678 6.852 6.822 2
0.678 6.852 6.822 5
0.626 6.914 6.793 5
0.626 6.914 6.793 5
0.626 6.914 6.793 4
0.492 6.823 6.702 1
0.492 6.823 6.702 5
0.439 6.732 6.649 5
0.439 6.732 6.649 5
0.439 6.732 6.649 3
0.559 6.799 6.673 2
0.559 6.799 6.673 5
0.515 6.809 6.712 5
0.515 6.809 6.712 5
0.515 6.809 6.712 3
0.793 6.885 6.865 2
0.793 6.885 6.865 5
1.013 6.847 7.176 5
0.927 6.698 7.406 5
0.927 6.698 7.406 3
0.927 6.698 7.406 2
0.76 6.775 7.267 5
0.76 6.775 7.267 5
0.563 6.718 7.071 5
0.563 6.718 7.071 3
0.563 6.718 7.071 2
0.42 6.622 6.98 5
0.42 6.622 6.98 5
0.372 6.631 6.994 5
0.372 6.631 6.994 3
0.372 6.631 6.994 2
0.314 6.67 7.109 5
0.314 6.67 7.109 5
0.209 6.44 7.325 5
0.209 6.44 7.325 3
0.209 6.44 7.325 2
0.357 6.373 7.583 5
0.357 6.373 7.583 5
0.602 6.459 7.641 5
0.602 6.459 7.641 3
0.602 6.459 7.641 2
0.673 6.507 7.459 5
0.673 6.507 7.459 5
0.712 6.627 7.047 5
0.712 6.627 7.047 3
0.712 6.627 7.047 2
0.894 6.766 6.956 5
0.894 6.766 6.956 5
0.899 6.732 6.999 5
0.899 6.732 6.999 4
0.712 6.627 7.167 6
0.539 6.684 7.171 5
0.539 6.684 7.171 5
0.539 6.684 7.171 3
0.3 6.584 7.32 2
0.3 6.584 7.32 5
0.319 6.493 6.851 5
0.319 6.493 6.851 5
0.319 6.493 6.851 3
0.276 6.531 7.047 2
0.276 6.531 7.047 5
0.228 6.43 6.807 5
0.228 6.43 6.807 5
0.228 6.43 6.807 3
0.147 6.421 6.649 2
0.147 6.421 6.649 5
0.602 6.938 6.937 5
0.602 6.938 6.937 5
0.602 6.938 6.937 3
0.573 6.809 6.496 2
0.573 6.809 6.496 5
0.386 6.713 6.664 5
0.386 6.713 6.664 5
0.386 6.713 6.664 3
0.367 6.837 6.582 2
0.367 6.837 6.582 5
0.463 6.77 6.659 5
0.463 6.77 6.659 5
0.463 6.77 6.659 3
0.453 6.78 6.511 2
0.673 6.9 6.788 5
0.673 6.9 6.788 5
0.424 6.761 6.946 5
0.424 6.761 6.946 3
0.424 6.761 6.946 2
0.367 6.588 7.229 5
0.367 6.588 7.229 5
0.324 6.698 7.104 5
0.324 6.698 7.104 3
0.324 6.698 7.104 2
0.597 6.785 7.301 5
0.597 6.785 7.301 5
0.908 6.794 7.435 5
0.908 6.794 7.435 4
0.908 6.794 7.435 1
0.961 6.924 7.31 5
0.961 6.924 7.31 5
0.673 6.847 7.19 5
0.673 6.847 7.19 3
0.673 6.847 7.19 2
0.324 6.67 7.392 5
0.324 6.67 7.392 5
0.027 6.478 7.085 5
0.027 6.478 7.085 4
0.027 6.478 7.085 1
0.027 6.631 7.224 5
0.027 6.631 7.224 5
0.209 6.373 7.305 5
0.209 6.373 7.305 3
0.209 6.373 7.305 2
0.496 6.651 7.459 5
0.501 6.612 7.497 5
0.501 6.612 7.497 5
0.501 6.612 7.497 3
0.573 6.416 7.483 2
0.573 6.416 7.483 5
0.635 6.287 7.837 5
0.635 6.287 7.837 5
0.635 6.287 7.837 4
0.697 6.382 7.559 1
0.697 6.382 7.559 5
0.559 6.435 7.463 5
0.559 6.435 7.463 5
0.559 6.435 7.463 4
0.424 6.215 7.626 2
0.424 6.215 7.626 4
0.367 6.086 7.756 5
0.367 6.086 7.756 5
0.367 6.086 7.756 3
0.209 6.296 7.349 2
0.209 6.296 7.349 5
0.166 6.148 7.507 5
0.166 6.148 7.507 5
0.166 6.148 7.507 4
0.204 6.162 8.067 1
0.204 6.162 8.067 5
0.099 6.244 7.914 5
0.219 6.234 7.866 5
0.219 6.234 7.866 4
0.219 6.234 7.866 1
0.219 6.234 7.866 5
0.128 6.181 7.837 5
0.152 6.291 7.981 5
0.152 6.291 7.981 4
0.152 6.291 7.981 1
-0.245 6.378 7.54 5
-0.245 6.378 7.54 5
-0.609 6.133 7.583 5
-0.609 6.133 7.583 4
-0.609 6.133 7.583 1
-1.064 6.215 7.416 5
-1.064 6.215 7.416 5
-1.816 6.215 7.272 5
-1.816 6.215 7.272 4
-1.816 6.215 7.272 1
-2.61 5.923 7.339 5
-2.61 5.923 7.339 5
-3.712 5.784 7.325 5
-3.712 5.784 7.325 4
-3.712 5.784 7.325 1
-4.32 5.76 6.309 6
-4.32 5.76 6.309 4
-4.679 5.717 6.07 5
-4.679 5.717 6.07 4
-4.679 5.717 6.07 1
-4.588 5.535 5.922 5
-4.588 5.535 5.922 5
-2.448 5.31 7.583 5
-2.448 5.31 7.583 4
-2.448 5.31 7.583 1
0.118 5.046 11.519 5
0.118 5.046 11.519 5
1.593 5.023 13.645 5
1.593 5.023 13.645 4
2.421 4.908 14.545 1
2.421 4.908 14.545 5
2.335 4.797 14.732 5
2.335 4.797 14.732 5
2.335 4.797 14.732 4
3.058 4.874 15.518 1
3.058 4.874 15.518 5
3.254 5.008 16.423 5
3.254 5.008 16.423 5
3.254 5.008 16.423 4
2.881 4.558 16.408 2
2.881 4.558 16.408 4
2.555 4.797 15.154 5
2.555 4.797 15.154 5
2.555 4.797 15.154 4
2.105 4.912 13.822 1
2.105 4.912 13.822 5
2.234 4.874 12.372 5
2.234 4.874 12.372 5
2.234 4.874 12.372 4
3.393 5.396 10.935 1
3.393 5.396 10.935 5
4.988 6.133 9.953 5
4.988 6.133 9.953 5
4.988 6.133 9.953 4
7.856 7.321 11.064 1
7.856 7.321 11.064 5
9.829 7.809 12.266 5
9.829 7.809 12.266 5
9.829 7.809 12.266 4
9.747 7.23 12.012 1
8.445 6.904 10.94 5
8.445 6.904 10.94 5
7.439 6.646 9.149 5
7.439 6.646 9.149 4
7.439 6.646 9.149 1
6.74 6.272 8.057 5
6.74 6.272 8.057 5
6.343 6.129 6.884 5
6.343 6.129 6.884 4
6.343 6.129 6.884 1
6.348 6.186 5.347 5
6.348 6.186 5.347 5
6.75 6.631 4.112 5
6.75 6.631 4.112 4
6.75 6.631 4.112 1
7.588 6.866 4.432 6
7.588 6.866 4.432 4
7.971 6.789 5.012 5
7.971 6.789 5.012 4
7.971 6.789 5.012 1
7.617 6.421 4.83 5
7.617 6.421 4.83 5
6.994 5.899 4.605 5
6.994 5.899 4.605 5
6.994 5.899 4.605 1
6.783 5.803 4.265 4
6.783 5.803 4.265 5
6.262 5.367 4.049 5
6.262 5.367 4.049 4
6.262 5.367 4.049 1
5.912 5.228 3.882 6
5.562 5.051 3.336 4
5.562 5.051 3.336 5
5.562 5.051 3.336 4
5.404 5.094 2.637 1
5.404 5.094 2.637 6
5.385 5.248 2.383 5
5.385 5.248 2.383 5
5.385 5.248 2.383 3
5.251 5.228 2.407 2
5.251 5.228 2.407 5
4.739 4.888 2.46 5
4.739 4.888 2.46 5
4.739 4.888 2.46 3
4.064 4.616 2.651 2
4.064 4.616 2.651 5
3.336 4.199 2.646 5
3.336 4.199 2.646 5
3.336 4.199 2.646 3
3.36 4.29 3.044 2
3.36 4.29 3.044 5
3.139 4.237 3.886 5
3.139 4.237 3.886 5
3.139 4.237 3.886 3
2.598 3.931 4.744 2
2.598 3.931 4.744 5
2.033 3.782 5.088 5
2.033 3.782 5.088 5
2.033 3.782 5.088 3
1.401 3.806 4.547 2
1.401 3.806 4.547 5
0.549 3.993 3.934 5
0.175 4.209 3.068 5
0.175 4.209 3.068 3
0.175 4.209 3.068 2
-0.221 4.4 2.613 5
-0.221 4.4 2.613 5
-0.077 4.678 2.517 5
-0.077 4.678 2.517 4
-0.355 4.544 2.642 6
-0.355 4.544 2.642 5
-0.369 4.314 3.302 5
-0.369 4.314 3.302 3
-0.369 4.314 3.302 2
0.64 4.692 3.848 5
0.64 4.692 3.848 5
1.631 5.214 4.059 5
1.631 5.214 4.059 3
1.631 5.214 4.059 2
1.612 5.286 4.629 5
1.612 5.286 4.629 5
0.616 5.142 4.835 5
0.616 5.142 4.835 3
0.616 5.142 4.835 2
-0.398 4.625 4.772 5
-0.398 4.625 4.772 5
-1.408 4.534 4.859 5
-1.408 4.534 4.859 3
-1.408 4.534 4.859 2
-1.447 4.635 4.657 5
-1.447 4.635 4.657 5
-1.351 4.481 4.054 5
-1.351 4.481 4.054 3
-1.729 4.635 3.298 2
-1.729 4.635 3.298 5
-2.036 4.515 2.613 5
-2.036 4.515 2.613 5
-2.036 4.515 2.613 3
-1.844 4.352 2.177 2
-1.844 4.352 2.177 5
-1.408 4.592 2.206 5
-1.408 4.592 2.206 5
-1.408 4.592 2.206 3
-1.399 4.419 2.627 2
-1.399 4.419 2.627 5
-1.691 3.629 2.986 5
-1.691 3.629 2.986 5
-1.691 3.629 2.986 3
-2.266 2.81 3.144 2
-2.266 2.81 3.144 5
-2.663 2.312 3.537 5
-2.663 2.312 3.537 5
-2.663 2.312 3.537 4
-3.166 1.742 5.347 6
-4.564 0.957 5.792 5
-4.564 0.957 5.792 5
-4.564 0.957 5.792 3
-5.498 0.708 5.783 2
-5.498 0.708 5.783 5
-5.541 1.086 5.457 5
-5.541 1.086 5.457 5
-5.541 1.086 5.457 3
-5.388 1.115 5.103 2
-4.406 0.972 5.519 5
-4.406 0.972 5.519 5
-3.491 1.039 6.089 5
-3.491 1.039 6.089 3
-3.491 1.039 6.089 2
-2.735 0.842 6.19 5
-2.735 0.842 6.19 5
-2.079 0.852 7.976 5
-2.079 0.852 7.976 3
-2.079 0.852 7.976 2
-2.634 -0.076 9.982 5
-2.634 -0.076 9.982 5
-3.635 -1.69 11.945 5
-3.635 -1.69 11.945 3
-3.635 -1.69 11.945 2
-4.224 -2.791 13.712 5
-4.224 -2.791 13.712 5
-5.397 -3.648 16.317 5
-5.397 -3.648 16.317 3
-5.397 -3.648 16.317 2
-5.996 -4.62 17.241 5
-5.996 -4.62 17.241 5
-5.421 -4.821 16.777 5
-5.421 -4.821 16.777 3
-5.421 -4.821 16.777 2
-4.037 -4.467 16.514 5
-4.037 -4.467 16.514 5
-2.261 -3.907 17.323 5
-2.261 -3.907 17.323 4
-2.261 -3.907 17.323 1
-1.758 -3.691 19.094 5
-0.676 -2.762 20.378 5
-0.676 -2.762 20.378 5
-0.676 -2.762 20.378 4
0.238 -1.915 20.655 1
0.238 -1.915 20.655 5
2.507 -0.488 20.727 5
2.507 -0.488 20.727 5
2.507 -0.488 20.727 3
5.582 1.096 22.063 2
5.582 1.096 22.063 5
8.517 2.509 21.757 5
8.517 2.509 21.757 5
8.517 2.509 21.757 4
11.653 4.343 20.397 1
11.653 4.343 20.397 5
13.607 5.918 19.051 5
13.607 5.918 19.051 5
13.607 5.918 19.051 3
14.933 7.01 18.242 2
14.933 7.01 18.242 5
15.201 7.311 18.007 5
15.201 7.311 18.007 5
15.201 7.311 18.007 4
13.645 6.675 18.185 1
13.645 6.675 18.185 5
11.194 5.468 18.419 5
11.194 5.468 18.419 5
11.194 5.468 18.419 4
9.264 4.343 18.338 1
9.264 4.343 18.338 5
8.254 3.284 17.826 5
9.427 2.949 16.274 5
9.427 2.949 16.274 3
9.427 2.949 16.274 2
11.897 4.017 13.866 5
11.897 4.017 13.866 5
13.703 4.999 9.882 5
13.703 4.999 9.882 4
13.703 4.999 9.882 1
13.085 5.382 9.063 5
13.085 5.382 9.063 5
10.633 4.343 10.174 5
10.633 4.343 10.174 4
10.633 4.343 10.174 1
8.325 3.002 11.055 5
8.325 3.002 11.055 5
6.76 2.288 11.222 5
6.76 2.288 11.222 4
6.099 1.814 11.002 6
6.099 1.814 11.002 5
6.487 2.097 9.838 5
6.487 2.097 9.838 4
6.487 2.097 9.838 1
6.874 2.542 9.637 5
6.874 2.542 9.637 5
6.951 2.7 8.364 5
6.951 2.7 8.364 4
6.951 2.7 8.364 1
7.957 3.399 6.094 5
7.957 3.399 6.094 5
9.249 5.08 3.848 5
9.249 5.08 3.848 4
9.249 5.08 3.848 1
9.039 5.894 2.929 5
7.42 5.525 3.547 5
7.42 5.525 3.547 5
7.42 5.525 3.547 4
5.989 5.023 4.93 1
5.989 5.023 4.93 5
4.686 4.319 5.371 5
4.686 4.319 5.371 5
4.686 4.319 5.371 4
4.068 4.046 5.28 1
4.068 4.046 5.28 5
4.112 3.801 6.779 5
4.112 3.801 6.779 5
4.112 3.801 6.779 4
4.001 3.299 7.957 1
4.001 3.299 7.957 5
3.896 3.313 7.631 5
3.896 3.313 7.631 5
3.896 3.313 7.631 4
3.681 4.223 5.759 1
3.681 4.223 5.759 5
3.068 4.328 3.499 5
3.068 4.328 3.499 5
3.068 4.328 3.499 4
1.703 4.347 2.737 1
1.703 4.347 2.737 5
0.63 3.816 3.427 5
0.453 3.806 4.801 5
0.453 3.806 4.801 4
0.453 3.806 4.801 6
1.133 4.027 5.936 5
1.971 4.065 6.673 5
1.971 4.065 6.673 4
1.971 4.065 6.673 1
2.474 4.568 6.783 5
2.474 4.568 6.783 5
2.062 4.917 5.946 5
2.062 4.917 5.946 4
2.062 4.917 5.946 1
1.622 5.31 4.859 5
1.622 5.31 4.859 5
0.76 5.267 4.279 5
0.76 5.267 4.279 4
0.76 5.267 4.279 2
-0.183 5.137 4.523 4
-0.183 5.137 4.523 5
-0.594 5.099 4.772 5
-0.594 5.099 4.772 4
-0.594 5.099 4.772 2
-0.494 5.243 5.194 4
-0.494 5.243 5.194 5
-0.494 5.343 6.041 5
-0.494 5.343 6.041 4
-0.494 5.343 6.041 1
-0.551 5.31 6.63 5
-0.551 5.31 6.63 5
-0.652 5.056 7.435 5
-0.652 5.056 7.435 4
-0.652 5.056 7.435 1
-0.81 5.185 7.377 5
-0.81 5.185 7.377 5
-0.604 5.549 7.028 5
-0.604 5.549 7.028 4
-0.12 5.894 6.989 1
-0.12 5.894 6.989 6
-0.053 6.196 6.822 4
-0.053 6.196 6.822 5
-0.053 6.196 6.822 4
-0.427 6.368 6.482 1
-0.427 6.368 6.482 5
-0.944 6.402 6.281 5
-0.944 6.402 6.281 5
-0.944 6.402 6.281 5
-1.456 6.258 7.095 1
-1.456 6.258 7.095 4
-1.935 5.951 7.454 5
-1.935 5.951 7.454 5
-1.935 5.951 7.454 4
-2.021 6.09 7.674 1
-2.021 6.09 7.674 6
-1.916 6.177 7.65 5
-1.916 6.177 7.65 5
-1.916 6.177 7.65 3
-1.562 6.291 7.54 2
-1.562 6.291 7.54 5
-0.958 6.483 7.923 5
-0.958 6.483 7.923 5
-0.958 6.483 7.923 3
-0.427 6.588 8.115 2
-0.427 6.588 8.115 5
-0.326 6.742 7.971 5
-0.326 6.742 7.971 5
-0.326 6.742 7.971 3
-0.513 6.852 7.684 2
-0.834 6.828 7.296 5
-0.834 6.828 7.296 5
-0.676 7.115 7.047 5
-0.676 7.115 7.047 3
-0.676 7.115 7.047 2
-0.259 7.249 7.286 5
-0.259 7.249 7.286 5
0.022 7.196 7.684 5
0.022 7.196 7.684 3
0.022 7.196 7.684 2
0.003 7.412 7.406 5
0.003 7.412 7.406 5
-0.245 7.082 7.32 5
-0.245 7.082 7.32 3
-0.245 7.082 7.32 2
0.037 7.34 7.143 5
0.037 7.34 7.143 5
0.07 7.316 7.291 5
0.07 7.316 7.291 3
0.07 7.316 7.291 2
0.185 7.024 7.492 5
0.185 7.024 7.492 5
0.348 7.029 7.741 5
0.348 7.029 7.741 4
0.348 7.029 7.741 1
0.381 7.0 7.645 5
0.381 7.0 7.645 5
0.42 6.986 7.262 5
0.42 6.986 7.262 3
0.42 6.986 7.262 2
0.506 7.158 7.2 5
0.875 7.445 7.071 5
0.875 7.445 7.071 5
0.875 7.445 7.071 3
1.009 7.273 7.262 2
1.009 7.273 7.262 5
1.071 7.407 7.296 5
1.071 7.407 7.296 5
1.071 7.407 7.296 3
0.894 7.235 6.961 2
0.894 7.235 6.961 5
0.98 7.34 6.865 5
0.98 7.34 6.865 5
0.98 7.34 6.865 3
0.875 7.474 6.429 2
0.875 7.474 6.429 5
0.602 7.445 6.161 5
0.602 7.445 6.161 5
0.602 7.445 6.161 3
0.386 7.062 6.424 2
0.386 7.062 6.424 5
0.338 7.053 7.08 5
0.338 7.053 7.08 5
0.338 7.053 7.08 3
0.295 6.684 7.401 2
0.295 6.684 7.401 5
0.386 6.746 7.377 5
0.386 6.746 7.377 5
0.386 6.746 7.377 3
0.42 6.737 7.205 2
0.42 6.737 7.205 5
0.501 6.933 6.884 5
0.549 7.034 6.625 5
0.549 7.034 6.625 4
0.549 7.034 6.625 1
0.544 7.058 6.415 5
0.544 7.058 6.415 5
0.539 7.125 6.443 5
0.539 7.125 6.443 4
0.463 7.048 6.506 6
0.463 7.048 6.506 5
0.324 6.947 6.439 5
0.324 6.947 6.439 3
0.324 6.947 6.439 2
0.3 6.88 6.645 5
0.3 6.88 6.645 5
0.324 6.794 6.985 5
0.324 6.794 6.985 4
0.324 6.794 6.985 1
0.18 6.526 7.109 5
0.18 6.526 7.109 5
0.199 6.67 7.143 5
0.199 6.67 7.143 3
0.199 6.67 7.143 2
0.276 6.766 6.918 5
0.276 6.766 6.918 5
0.3 6.823 6.673 5
0.3 6.823 6.673 3
0.3 6.823 6.673 2
0.209 6.866 6.458 5
0.209 6.866 6.458 5
0.319 7.067 6.228 5
0.319 7.067 6.228 4
0.53 7.292 6.625 1
0.53 7.292 6.625 5
0.506 7.096 5.998 5
0.506 7.096 5.998 5
0.506 7.096 5.998 3
0.118 7.029 6.53 2
0.118 7.029 6.53 5
0.065 6.938 6.53 5
0.065 6.938 6.53 5
0.065 6.938 6.53 4
0.07 6.914 6.669 1
0.07 6.914 6.669 5
0.166 7.062 6.697 5
0.166 7.062 6.697 5
0.166 7.062 6.697 4
0.199 7.168 6.482 1
0.199 7.168 6.482 5
0.199 6.919 6.716 5
0.199 6.919 6.716 5
0.199 6.919 6.716 4
0.415 7.048 6.807 6
0.707 7.23 6.836 5
0.707 7.23 6.836 5
0.707 7.23 6.836 3
0.769 7.287 6.764 2
0.769 7.287 6.764 5
0.726 7.469 6.573 5
0.726 7.469 6.573 5
0.726 7.469 6.573 4
0.501 7.311 6.491 1
0.305 7.335 6.338 5
0.305 7.335 6.338 5
0.18 7.292 6.496 5
0.18 7.292 6.496 4
0.18 7.292 6.496 1
0.137 7.23 6.496 5
0.137 7.23 6.496 5
0.056 7.168 6.568 5
0.056 7.168 6.568 3
0.056 7.168 6.568 2
0.128 7.12 6.879 5
0.128 7.12 6.879 5
0.434 6.928 7.339 5
0.434 6.928 7.339 4
0.434 6.928 7.339 1
0.63 7.048 7.53 5
0.63 7.048 7.53 5
0.851 7.149 7.535 5
0.851 7.149 7.535 4
0.851 7.149 7.535 1
0.894 7.264 7.09 5
0.894 7.264 7.09 5
0.635 7.316 6.721 5
0.635 7.316 6.721 4
0.635 7.316 6.721 1
0.377 7.297 6.597 5
0.377 7.297 6.597 5
0.185 7.23 6.463 5
0.185 7.23 6.463 4
0.185 7.23 6.463 1
0.257 7.254 6.458 5
0.415 7.316 6.515 5
0.415 7.316 6.515 5
0.415 7.316 6.515 4
0.587 7.331 6.587 6
0.927 7.551 6.582 5
0.927 7.551 6.582 5
0.927 7.551 6.582 4
1.291 7.249 7.004 1
1.291 7.249 7.004 6
1.392 7.445 7.229 4
1.392 7.445 7.229 5
1.392 7.445 7.229 4
0.975 7.297 6.889 1
0.975 7.297 6.889 5
0.75 7.297 6.534 5
0.75 7.297 6.534 5
0.75 7.297 6.534 4
0.673 7.331 6.439 1
0.673 7.331 6.439 5
0.673 7.388 6.429 5
0.673 7.388 6.429 5
0.673 7.388 6.429 4
0.717 7.335 6.204 1
0.717 7.335 6.204 6
0.678 7.378 6.214 4
0.678 7.378 6.214 5
0.678 7.378 6.214 4
0.731 7.307 6.448 1
0.731 7.307 6.448 5
0.836 7.244 6.534 5
0.769 7.187 6.726 5
0.769 7.187 6.726 4
0.769 7.187 6.726 1
0.803 7.086 6.76 5
0.803 7.086 6.76 5
0.803 7.12 6.76 5
0.803 7.12 6.76 4
0.803 7.12 6.76 1
0.769 7.211 6.563 6
0.769 7.211 6.563 4
0.741 7.307 6.29 5
0.741 7.307 6.29 4
0.741 7.307 6.29 1
0.731 7.307 6.147 5
0.731 7.307 6.147 5
0.544 7.273 6.094 5
0.544 7.273 6.094 5
0.496 7.192 6.204 5
0.496 7.192 6.204 5
0.501 7.105 6.487 5
0.501 7.105 6.487 4
0.501 7.105 6.487 2
0.42 6.991 6.621 5
0.42 6.991 6.621 4
0.52 7.096 6.487 5
0.52 7.096 6.487 4
0.52 7.096 6.487 1
0.726 7.11 6.645 5
0.726 7.11 6.645 5
0.86 7.292 6.52 5
0.86 7.292 6.52 4
0.98 7.331 6.477 1
0.98 7.331 6.477 5
0.994 7.335 6.645 5
0.994 7.335 6.645 5
0.994 7.335 6.645 4
0.922 7.35 6.611 1
0.922 7.35 6.611 6
0.788 7.383 6.381 4
0.788 7.383 6.381 5
0.788 7.383 6.381 4
0.822 7.398 6.453 1
0.822 7.398 6.453 5
1.21 7.556 5.309 5
1.21 7.556 5.309 5
1.21 7.556 5.309 4
1.425 8.149 5.601 1
1.425 8.149 5.601 5
1.55 7.685 5.993 5
1.55 7.685 5.993 5
1.55 7.685 5.993 4
1.382 7.671 6.113 1
1.382 7.671 6.113 6
0.97 7.278 6.822 4
0.97 7.278 6.822 5
0.97 7.278 6.822 4
0.831 7.125 7.21 1
0.831 7.125 7.21 5
0.87 7.254 6.961 5
0.879 7.393 6.884 5
0.879 7.393 6.884 5
0.879 7.393 6.884 1
0.899 7.445 6.736 5
0.899 7.445 6.736 5
0.827 7.489 6.63 5
0.827 7.489 6.63 3
0.827 7.489 6.63 2
0.774 7.474 6.587 5
0.774 7.474 6.587 5
0.793 7.503 6.63 5
0.793 7.503 6.63 3
0.793 7.503 6.63 2
0.822 7.493 6.822 5
0.822 7.493 6.822 5
0.793 7.354 6.894 5
0.793 7.354 6.894 3
0.793 7.354 6.894 2
0.611 7.297 6.937 5
0.611 7.297 6.937 5
0.52 7.264 6.793 5
0.52 7.264 6.793 3
0.52 7.264 6.793 2
0.424 7.23 6.568 5
0.424 7.23 6.568 5
0.391 7.216 6.434 5
0.391 7.216 6.434 3
0.391 7.216 6.434 2
0.367 7.216 6.673 5
0.367 7.216 6.673 5
0.319 7.129 6.726 5
0.319 7.129 6.726 3
0.319 7.129 6.726 2
0.333 7.134 6.846 5
0.348 7.163 6.798 5
0.348 7.163 6.798 5
0.348 7.163 6.798 3
0.448 7.244 6.649 2
0.448 7.244 6.649 5
0.563 7.326 6.659 5
0.563 7.326 6.659 5
0.563 7.326 6.659 3
0.597 7.321 6.53 2
0.597 7.321 6.53 5
0.463 7.268 6.53 5
0.463 7.268 6.53 5
0.463 7.268 6.53 4
0.492 7.216 6.606 1
0.492 7.216 6.606 5
0.539 7.11 6.788 5
0.539 7.11 6.788 5
0.539 7.11 6.788 3
0.458 7.086 6.769 2
0.458 7.086 6.769 5
0.429 7.077 6.578 5
0.429 7.077 6.578 5
0.429 7.077 6.578 3
0.621 7.192 6.625 2
0.621 7.192 6.625 5
0.803 7.177 6.678 5
0.803 7.177 6.678 5
0.803 7.177 6.678 3
0.913 7.235 6.783 2
0.913 7.235 6.783 5
0.788 7.283 6.501 5
0.621 7.192 6.443 5
0.621 7.192 6.443 3
0.621 7.192 6.443 2
0.477 7.12 6.707 6
0.477 7.12 6.707 4
0.367 7.01 6.649 5
0.367 7.01 6.649 3
0.367 7.01 6.649 2
0.29 7.038 6.673 5
0.29 7.038 6.673 5
0.329 7.0 6.817 5
0.329 7.0 6.817 3
0.329 7.0 6.817 2
0.286 6.933 6.927 5
0.286 6.933 6.927 5
0.209 6.866 6.985 5
0.209 6.866 6.985 4
0.209 6.866 6.985 1
0.223 6.885 6.946 5
0.223 6.885 6.946 5
0.348 7.058 6.726 5
0.348 7.058 6.726 3
0.348 7.058 6.726 2
0.496 7.149 6.587 5
0.496 7.149 6.587 5
0.511 7.177 6.472 5
0.511 7.177 6.472 4
0.511 7.177 6.472 1
0.501 7.196 6.582 5
0.501 7.196 6.582 5
0.453 7.173 6.74 5
0.453 7.173 6.74 3
0.329 7.019 6.932 2
0.329 7.019 6.932 5
0.329 6.967 7.066 5
0.329 6.967 7.066 5
0.329 6.967 7.066 3
0.319 6.971 7.147 2
0.319 6.971 7.147 5
0.448 7.005 7.2 5
0.448 7.005 7.2 5
0.448 7.005 7.2 4
0.472 7.077 7.004 1
0.472 7.077 7.004 5
0.444 7.11 6.726 5
0.444 7.11 6.726 5
0.444 7.11 6.726 3
0.429 7.278 6.453 2
0.429 7.278 6.453 5
0.501 7.331 6.204 5
0.501 7.331 6.204 5
0.501 7.331 6.204 4
0.506 7.345 6.329 1
0.506 7.345 6.329 5
0.511 7.268 6.472 5
0.511 7.268 6.472 5
0.511 7.268 6.472 3
0.626 7.244 6.592 2
0.626 7.244 6.592 5
0.779 7.216 6.769 5
0.779 7.216 6.769 5
0.779 7.216 6.769 3
0.779 7.316 6.649 2
0.697 7.273 6.616 5
0.697 7.273 6.616 5
0.616 7.278 6.669 5
0.616 7.278 6.669 4
0.616 7.278 6.669 1
0.582 7.22 6.688 5
0.582 7.22 6.688 5
0.463 7.196 6.712 5
0.463 7.196 6.712 4
0.377 7.182 6.568 6
0.377 7.182 6.568 5
0.429 7.201 6.592 5
0.429 7.201 6.592 3
0.429 7.201 6.592 2
0.678 7.316 6.453 5
0.678 7.316 6.453 5
0.788 7.369 6.544 5
0.788 7.369 6.544 4
0.788 7.369 6.544 1
0.731 7.302 6.621 5
0.731 7.302 6.621 5
0.621 7.264 6.554 5
0.621 7.264 6.554 4
0.621 7.264 6.554 1
0.64 7.24 6.673 5
0.64 7.24 6.673 5
0.606 7.23 6.831 5
0.606 7.23 6.831 4
0.606 7.23 6.831 1
0.664 7.101 6.937 5
0.664 7.101 6.937 5
0.683 7.168 7.143 5
0.683 7.168 7.143 4
0.64 7.12 7.119 1
0.64 7.12 7.119 5
0.453 6.995 6.941 5
0.453 6.995 6.941 5
0.453 6.995 6.941 4
0.286 6.981 6.774 1
0.286 6.981 6.774 5
0.243 7.024 6.558 5
0.243 7.024 6.558 5
0.243 7.024 6.558 4
0.357 7.168 6.448 1
0.357 7.168 6.448 5
0.391 7.134 6.568 5
0.391 7.134 6.568 5
0.391 7.134 6.568 4
0.348 7.086 6.606 1
0.348 7.086 6.606 5
0.52 7.125 6.707 5
0.52 7.125 6.707 5
0.52 7.125 6.707 4
0.803 7.149 7.013 1
0.803 7.149 7.013 5
0.812 7.163 7.1 5
0.812 7.163 7.1 5
0.812 7.163 7.1 4
0.669 7.23 6.865 1
0.669 7.23 6.865 6
0.506 7.125 6.884 4
0.506 7.125 6.884 5
0.506 7.125 6.884 4
0.305 7.024 6.812 2
0.29 7.043 6.764 4
0.29 7.043 6.764 5
0.386 7.072 6.716 5
0.386 7.072 6.716 4
0.386 7.072 6.716 1
0.448 7.125 6.812 5
0.448 7.125 6.812 5
0.582 7.149 6.659 5
0.582 7.149 6.659 4
0.582 7.149 6.659 1
0.697 7.163 6.659 6
0.697 7.163 6.659 4
0.894 7.259 6.616 5
0.894 7.259 6.616 4
0.894 7.259 6.616 1
0.86 7.283 6.621 5
0.86 7.283 6.621 5
0.673 7.225 6.582 5
0.673 7.225 6.582 4
0.673 7.225 6.582 1
0.444 7.125 6.582 5
0.444 7.125 6.582 5
0.281 7.11 6.443 5
0.281 7.11 6.443 4
0.281 7.11 6.443 1
0.228 7.12 6.439 6
0.228 7.12 6.439 4
0.204 7.11 6.496 5
0.204 7.11 6.496 4
0.204 7.11 6.496 1
0.305 7.096 6.467 5
0.611 7.201 6.597 5
0.611 7.201 6.597 5
0.611 7.201 6.597 5
0.946 7.283 6.76 1
0.946 7.283 6.76 4
1.018 7.331 6.769 5
1.018 7.331 6.769 5
1.018 7.331 6.769 4
0.927 7.311 6.783 1
0.927 7.311 6.783 6
0.721 7.254 6.573 4
0.721 7.254 6.573 5
0.721 7.254 6.573 4
0.549 7.235 6.645 2
0.549 7.235 6.645 4
0.515 7.134 6.726 5
0.515 7.134 6.726 5
0.515 7.134 6.726 4
0.429 7.129 6.788 1
0.429 7.129 6.788 6
0.472 7.101 6.941 4
0.472 7.101 6.941 5
0.472 7.101 6.941 4
0.587 7.072 6.941 1
0.587 7.072 6.941 6
0.678 7.196 6.908 4
0.678 7.196 6.908 5
0.678 7.196 6.908 4
0.673 7.201 6.788 1
0.673 7.201 6.788 5
0.769 7.244 6.649 5
0.784 7.264 6.645 5
0.784 7.264 6.645 4
0.784 7.264 6.645 2
0.707 7.187 6.683 4
0.707 7.187 6.683 6
0.515 7.134 6.769 5
0.515 7.134 6.769 3
0.515 7.134 6.769 1
0.372 7.015 6.898 6
0.372 7.015 6.898 5
0.343 7.034 6.894 5
0.343 7.034 6.894 3
0.343 7.034 6.894 2
0.357 7.082 6.75 5
0.357 7.082 6.75 5
0.511 7.206 6.602 5
0.511 7.206 6.602 4
0.511 7.206 6.602 1
0.544 7.24 6.592 5
0.544 7.24 6.592 5
0.645 7.259 6.549 5
0.645 7.259 6.549 3
0.645 7.259 6.549 2
0.673 7.278 6.496 5
0.673 7.278 6.496 5
0.63 7.196 6.712 5
0.63 7.196 6.712 3
0.63 7.196 6.712 2
0.635 7.139 6.932 5
0.635 7.139 6.932 5
0.645 7.153 6.879 5
0.645 7.153 6.879 3
0.669 7.192 6.793 2
0.669 7.192 6.793 5
0.63 7.196 6.822 5
0.63 7.196 6.822 5
0.63 7.196 6.822 3
0.736 7.182 6.783 2
0.736 7.182 6.783 5
1.88 8.48 2.541 5
1.88 8.48 2.541 5
1.88 8.48 2.541 3
1.344 8.006 6.477 2
1.344 8.006 6.477 5
1.526 7.335 5.333 5
1.526 7.335 5.333 5
1.526 7.335 5.333 3
0.985 7.508 6.008 2
0.985 7.508 6.008 5
0.697 6.914 6.812 5
0.697 6.914 6.812 5
0.697 6.914 6.812 3
0.463 6.54 7.406 2
0.463 6.54 7.406 5
0.152 6.502 7.703 5
0.152 6.502 7.703 5
0.152 6.502 7.703 3
0.257 6.722 7.526 2
0.257 6.722 7.526 5
0.707 7.01 6.879 5
0.851 7.364 6.664 5
0.851 7.364 6.664 4
0.851 7.364 6.664 1
1.009 7.603 6.424 5
1.009 7.603 6.424 5
1.018 7.613 6.209 5
1.018 7.613 6.209 3
1.018 7.613 6.209 2
0.994 7.627 6.338 5
0.994 7.627 6.338 5
0.788 7.407 6.558 5
0.788 7.407 6.558 3
0.788 7.407 6.558 2
0.559 7.388 6.621 5
0.559 7.388 6.621 5
0.391 7.139 6.86 5
0.391 7.139 6.86 3
0.391 7.139 6.86 2
0.338 7.11 6.86 5
0.338 7.11 6.86 5
0.276 7.096 6.817 5
0.276 7.096 6.817 3
0.276 7.096 6.817 2
0.219 7.015 6.803 5
0.219 7.015 6.803 5
0.233 7.086 6.807 5
0.233 7.086 6.807 3
0.233 7.086 6.807 2
0.228 7.096 6.846 5
0.228 7.096 6.846 5
0.18 7.015 7.018 5
0.18 7.015 7.018 3
0.18 7.015 7.018 2
0.18 7.029 7.047 5
0.286 7.048 7.123 5
0.286 7.048 7.123 5
0.286 7.048 7.123 3
0.266 7.034 7.224 2
0.266 7.034 7.224 5
0.324 7.072 7.31 5
0.324 7.072 7.31 5
0.324 7.072 7.31 4
0.415 7.11 7.363 2
0.415 7.11 7.363 4
0.42 7.129 7.114 5
0.42 7.129 7.114 5
0.42 7.129 7.114 4
0.367 7.24 6.975 1
0.367 7.24 6.975 5
0.209 7.182 6.941 5
0.209 7.182 6.941 5
0.209 7.182 6.941 3
0.185 7.153 6.908 2
0.185 7.153 6.908 5
0.161 7.096 7.061 5
0.161 7.096 7.061 5
0.161 7.096 7.061 4
0.243 7.058 7.066 1
0.243 7.058 7.066 5
0.357 7.101 7.056 5
0.357 7.101 7.056 5
0.357 7.101 7.056 3
0.468 7.082 6.975 2
0.468 7.082 6.975 5
0.42 7.058 6.918 5
0.367 7.0 6.669 5
0.367 7.0 6.669 3
0.367 7.0 6.669 2
0.645 7.12 6.702 5
0.645 7.12 6.702 5
0.741 7.019 6.774 5
0.741 7.019 6.774 4
0.741 7.019 6.774 1
0.42 6.895 6.807 5
0.42 6.895 6.807 5
0.19 6.842 6.534 5
0.19 6.842 6.534 3
0.19 6.842 6.534 2
0.175 6.909 6.319 5
0.175 6.909 6.319 5
0.089 6.871 6.242 5
0.089 6.871 6.242 3
0.089 6.871 6.242 2
-0.015 6.861 6.3 5
-0.015 6.861 6.3 5
0.061 6.856 6.343 5
0.061 6.856 6.343 4
0.061 6.856 6.343 1
0.333 6.962 6.477 5
0.333 6.962 6.477 5
0.592 7.058 6.683 5
0.592 7.058 6.683 4
0.592 7.058 6.683 1
0.511 7.015 6.76 5
0.511 7.015 6.76 5
0.405 7.058 6.511 5
0.405 7.058 6.511 4
0.439 7.177 6.381 1
0.439 7.177 6.381 5
0.377 7.101 6.582 5

# Completed @Fri Mar 31 10:48:42 GMT+02:00 2017
