# Accelerometer Data File
# Started @Tue Apr 11 08:35:17 GMT+02:00 2017
#
#
# sensor Vendor: Invensense
# sensor Name: ICM20610 Acceleration Sensor
# sensor Resolution: 0.0011971008m/sec^2; Max Range: 39.2266; Min Delay: 5000 microseconds
# The sensor's attributes are the result hardware and the Android capabilities.
# It means that the Android may not utilize all features provided by the hardware.
#
# Some devices and Android versions save battery too much so the device may go to sleep.
# It just happens after couple of minutes from turning off the scree and it is easy to find it out.
#
# The following file provides the data from accelerometer in the m/s^2 format.
# The diff value is just a time delta between the samples
#
#
# data format:
# so we have 4 columns with values separated by the " "
# X Y Z time_from_previous_sample(ms)

# sensor speed set to:FASTEST
# units set to: m/sec^2
# gravity NOT filtered out
# Accuracy: HIGH
0.252 9.481 1.392 0
0.252 9.481 1.392 3
0.171 9.629 1.248 5
0.171 9.629 1.248 5
0.171 9.629 1.248 4
0.056 9.572 1.253 1
0.056 9.572 1.253 5
-0.116 9.572 0.774 5
-0.116 9.572 0.774 5
-0.116 9.572 0.774 4
-0.073 9.873 0.209 1
-0.073 9.873 0.209 5
-0.077 10.141 -0.144 5
-0.077 10.141 -0.144 5
-0.077 10.141 -0.144 4
-0.211 10.137 -0.302 1
-0.211 10.137 -0.302 5
-0.322 9.974 -0.149 5
-0.322 9.974 -0.149 5
-0.322 9.974 -0.149 4
-0.288 10.137 -0.044 1
-0.288 10.137 -0.044 5
-0.207 9.84 0.286 5
-0.207 9.84 0.286 5
-0.207 9.84 0.286 4
-0.183 9.744 0.75 1
-0.164 9.71 1.042 5
-0.164 9.71 1.042 5
-0.374 9.447 1.238 5
-0.374 9.447 1.238 4
-0.374 9.447 1.238 1
-0.283 9.327 1.813 5
-0.283 9.327 1.813 5
-0.111 9.279 1.918 5
-0.111 9.279 1.918 4
-0.111 9.279 1.918 1
0.156 9.49 1.693 5
0.156 9.49 1.693 5
0.032 9.528 1.646 5
0.032 9.528 1.646 4
0.032 9.528 1.646 1
-0.154 9.567 1.344 5
-0.154 9.567 1.344 5
-0.24 9.744 0.659 5
-0.24 9.744 0.659 4
-0.24 9.744 0.659 1
-0.422 9.921 0.295 5
-0.422 9.921 0.295 5
-0.604 9.926 0.113 5
-0.604 9.926 0.113 4
-0.604 9.926 0.113 1
-0.709 9.777 0.147 5
-0.709 9.777 0.147 5
-0.638 9.691 0.482 5
-0.638 9.691 0.482 4
-0.638 9.691 0.482 1
-0.566 9.567 0.803 5
-0.566 9.567 0.803 5
-0.489 9.514 1.1 5
-0.489 9.514 1.1 4
-0.575 9.476 0.961 1
-0.575 9.476 0.961 5
-0.408 9.6 0.645 5
-0.408 9.6 0.645 5
-0.408 9.6 0.645 4
-0.336 9.725 0.477 1
-0.336 9.725 0.477 5
-0.226 9.84 0.31 5
-0.226 9.84 0.31 5
-0.226 9.84 0.31 4
-0.274 9.768 0.539 1
-0.274 9.768 0.539 5
-0.298 9.643 0.707 6
-0.298 9.643 0.707 5
-0.298 9.643 0.707 3
-0.173 9.619 1.133 1
-0.173 9.619 1.133 5
-0.135 9.524 1.444 5
-0.135 9.524 1.444 5
-0.135 9.524 1.444 4
-0.183 9.572 1.148 1
-0.183 9.572 1.148 5
-0.207 9.71 0.846 5
-0.207 9.71 0.846 5
-0.207 9.71 0.846 4
-0.302 9.777 0.678 1
-0.302 9.777 0.678 5
-0.46 9.768 0.592 6
-0.46 9.768 0.592 5
-0.46 9.768 0.592 3
-0.551 9.801 0.386 1
-0.551 9.801 0.386 5
-0.556 9.792 0.434 5
-0.58 9.777 0.669 5
-0.58 9.777 0.669 4
-0.58 9.777 0.669 1
-0.661 9.672 0.841 5
-0.661 9.672 0.841 5
-0.647 9.6 0.994 5
-0.647 9.6 0.994 4
-0.647 9.6 0.994 1
-0.594 9.524 0.985 5
-0.594 9.524 0.985 6
-0.47 9.548 1.023 5
-0.47 9.548 1.023 3
-0.47 9.548 1.023 1
-0.499 9.452 1.1 5
-0.499 9.452 1.1 6
-0.456 9.361 1.229 5
-0.456 9.361 1.229 3
-0.456 9.361 1.229 2
-0.432 9.404 1.148 5
-0.432 9.404 1.148 5
-0.441 9.447 1.176 5
-0.441 9.447 1.176 3
-0.441 9.447 1.176 2
-0.547 9.437 0.999 5
-0.547 9.437 0.999 5
-0.484 9.624 0.808 5
-0.484 9.624 0.808 3
-0.484 9.624 0.808 2
-0.527 9.749 0.582 5
-0.527 9.749 0.582 5
-0.59 9.706 0.506 5
-0.59 9.706 0.506 3
-0.59 9.706 0.506 2
-0.465 9.725 0.64 5
-0.465 9.725 0.64 5
-0.441 9.643 0.798 5
-0.441 9.643 0.798 3
-0.135 9.639 1.234 2
-0.135 9.639 1.234 5
-0.029 9.605 1.358 5
-0.029 9.605 1.358 5
-0.029 9.605 1.358 3
0.104 9.629 1.487 2
0.104 9.629 1.487 5
0.099 9.658 1.732 5
0.099 9.658 1.732 5
0.099 9.658 1.732 4
-0.001 9.619 1.636 1
-0.001 9.619 1.636 5
-0.005 9.691 1.43 5
-0.005 9.691 1.43 5
-0.005 9.691 1.43 3
-0.02 9.797 1.167 2
-0.02 9.797 1.167 5
0.08 9.902 1.09 5
0.08 9.902 1.09 5
0.08 9.902 1.09 3
0.013 9.907 1.018 2
0.013 9.907 1.018 5
0.089 9.888 1.061 5
0.089 9.888 1.061 5
0.089 9.888 1.061 3
0.128 9.935 1.191 2
0.128 9.935 1.191 5
0.137 9.911 1.148 5
0.137 9.911 1.148 5
0.137 9.911 1.148 3
0.19 9.974 1.052 2
0.19 9.974 1.052 5
0.185 9.94 0.884 5
0.185 9.94 0.884 5
0.185 9.94 0.884 3
0.161 9.854 0.932 2
0.171 9.883 0.946 5
0.171 9.883 0.946 5
0.156 9.682 0.937 5
0.156 9.682 0.937 3
0.156 9.682 0.937 2
-0.015 9.744 0.98 5
-0.015 9.744 0.98 5
-0.053 9.715 0.956 5
-0.053 9.715 0.956 3
-0.053 9.715 0.956 2
-0.144 9.619 0.903 5
-0.144 9.619 0.903 5
-0.283 9.581 0.985 5
-0.283 9.581 0.985 3
-0.283 9.581 0.985 2
-0.245 9.615 0.836 5
-0.245 9.615 0.836 5
-0.312 9.61 0.702 5
-0.312 9.61 0.702 4
-0.312 9.61 0.702 1
-0.408 9.61 0.52 5
-0.408 9.61 0.52 5
-0.379 9.686 0.463 5
-0.379 9.686 0.463 3
-0.379 9.686 0.463 2
-0.436 9.586 0.606 5
-0.436 9.586 0.606 5
-0.336 9.519 0.788 5
-0.336 9.519 0.788 4
-0.336 9.519 0.788 1
-0.245 9.567 0.875 5
-0.245 9.567 0.875 5
-0.135 9.581 0.836 5
-0.135 9.581 0.836 3
-0.135 9.581 0.836 2
-0.302 9.586 0.951 5
-0.432 9.61 0.879 5
-0.432 9.61 0.879 5
-0.432 9.61 0.879 3
-0.523 9.543 0.894 2
-0.523 9.543 0.894 5
-0.503 9.634 0.946 5
-0.503 9.634 0.946 5
-0.503 9.634 0.946 4
-0.389 9.667 0.97 1
-0.389 9.667 0.97 5
-0.336 9.6 1.133 5
-0.336 9.6 1.133 5
-0.336 9.6 1.133 4
-0.331 9.648 1.215 1
-0.331 9.648 1.215 5
-0.561 9.586 1.43 5
-0.561 9.586 1.43 5
-0.561 9.586 1.43 3
-0.465 9.567 0.966 2
-0.465 9.567 0.966 5
-0.245 9.586 1.569 5
-0.245 9.586 1.569 5
-0.245 9.586 1.569 4
-0.293 9.686 1.339 1
-0.293 9.686 1.339 5
-0.398 9.624 1.55 5
-0.398 9.624 1.55 5
-0.398 9.624 1.55 4
-0.709 9.514 1.195 1
-0.709 9.514 1.195 5
-0.729 9.6 1.076 5
-0.729 9.6 1.076 5
-0.729 9.6 1.076 3
-0.834 9.552 0.918 2
-0.82 9.595 0.817 5
-0.82 9.595 0.817 5
-0.647 9.629 0.851 5
-0.647 9.629 0.851 4
-0.647 9.629 0.851 1
-0.537 9.591 1.033 5
-0.537 9.591 1.033 5
-0.456 9.629 1.277 5
-0.456 9.629 1.277 3
-0.456 9.629 1.277 2
-0.393 9.619 1.334 5
-0.393 9.619 1.334 5
-0.451 9.734 1.205 5
-0.451 9.734 1.205 3
-0.451 9.734 1.205 2
-0.499 9.696 0.999 5
-0.499 9.696 0.999 5
-0.412 9.734 1.095 5
-0.412 9.734 1.095 4
-0.412 9.734 1.095 1
-0.326 9.787 1.052 5
-0.326 9.787 1.052 5
-0.202 9.892 0.97 5
-0.202 9.892 0.97 4
-0.202 9.892 0.97 1
-0.116 9.873 1.109 5
-0.116 9.873 1.109 5
-0.183 9.792 1.152 5
-0.183 9.792 1.152 4
-0.183 9.792 1.152 1
-0.111 9.859 1.061 5
-0.111 9.859 1.061 5
-0.073 9.873 0.97 5
-0.073 9.873 0.97 4
-0.073 9.873 0.97 1
-0.005 9.859 0.975 5
0.089 9.811 1.171 5
0.089 9.811 1.171 5
0.089 9.811 1.171 4
0.094 9.797 1.291 1
0.094 9.797 1.291 5
-0.034 9.792 1.128 5
-0.034 9.792 1.128 5
-0.034 9.792 1.128 4
-0.197 9.715 1.042 1
-0.197 9.715 1.042 5
-0.264 9.71 0.894 5
-0.264 9.71 0.894 5
-0.264 9.71 0.894 4
-0.226 9.768 0.922 1
-0.226 9.768 0.922 5
-0.369 9.567 1.057 5
-0.369 9.567 1.057 5
-0.369 9.567 1.057 4
-0.345 9.576 1.009 1
-0.345 9.576 1.009 5
-0.436 9.548 0.903 5
-0.436 9.548 0.903 5
-0.436 9.548 0.903 4
-0.537 9.514 0.918 1
-0.537 9.514 0.918 6
-0.494 9.538 0.899 4
-0.494 9.538 0.899 5
-0.494 9.538 0.899 4
-0.427 9.509 1.004 1
-0.427 9.509 1.004 5
-0.36 9.591 1.186 5
-0.446 9.581 1.133 5
-0.446 9.581 1.133 4
-0.446 9.581 1.133 2
-0.59 9.533 1.138 4
-0.59 9.533 1.138 5
-0.733 9.543 1.08 5
-0.733 9.543 1.08 4
-0.733 9.543 1.08 1
-0.571 9.686 0.946 5
-0.571 9.686 0.946 5
-0.446 9.782 0.827 5
-0.446 9.782 0.827 4
-0.446 9.782 0.827 1
-0.202 9.859 0.975 5
-0.202 9.859 0.975 5
-0.101 9.811 1.138 5
-0.101 9.811 1.138 4
-0.101 9.811 1.138 1
0.041 9.844 1.315 5
0.041 9.844 1.315 5
0.137 9.811 1.502 5
0.137 9.811 1.502 4
0.137 9.811 1.502 1
0.07 9.801 1.334 5
0.07 9.801 1.334 6
0.104 9.873 1.1 5
0.104 9.873 1.1 3
0.104 9.873 1.1 1
0.209 9.969 0.87 5
0.209 9.969 0.87 5
0.065 9.907 0.846 5
0.065 9.907 0.846 4
0.065 9.907 0.846 1
-0.005 9.84 0.97 5
-0.005 9.84 0.97 5
-0.116 9.782 0.899 5
-0.116 9.782 0.899 4
-0.116 9.782 0.899 1
-0.211 9.758 0.793 5
-0.384 9.634 1.071 6
-0.384 9.634 1.071 5
-0.384 9.634 1.071 3
-0.523 9.528 1.138 1
-0.523 9.528 1.138 5
-0.398 9.581 1.052 5
-0.398 9.581 1.052 5
-0.398 9.581 1.052 4
-0.288 9.72 1.128 1
-0.288 9.72 1.128 5
-0.207 9.734 0.98 5
-0.207 9.734 0.98 5
-0.207 9.734 0.98 4
-0.25 9.792 0.841 1
-0.25 9.792 0.841 5
-0.384 9.744 0.956 6
-0.384 9.744 0.956 5
-0.384 9.744 0.956 3
-0.518 9.73 1.162 1
-0.518 9.73 1.162 5
-0.484 9.586 1.234 5
-0.484 9.586 1.234 5
-0.484 9.586 1.234 4
-0.35 9.811 1.334 1
-0.35 9.811 1.334 6
-0.274 9.945 1.171 4
-0.274 9.945 1.171 5
-0.274 9.945 1.171 4
-0.432 9.921 0.956 2
-0.432 9.921 0.956 5
-0.508 9.926 1.057 5
-0.508 9.926 1.057 5
-0.508 9.926 1.057 3
-0.652 10.204 0.549 2
-0.719 10.098 1.186 5
-0.719 10.098 1.186 5
-0.8 10.218 0.468 5
-0.8 10.218 0.468 3
-0.8 10.218 0.468 2
-0.48 10.28 1.301 5
-0.48 10.28 1.301 5
-0.939 10.62 0.975 5
-0.939 10.62 0.975 3
-0.939 10.62 0.975 2
-1.078 10.548 1.119 5
-1.078 10.548 1.119 5
-1.337 10.96 1.037 5
-1.337 10.96 1.037 3
-1.337 10.96 1.037 2
-0.7 11.444 1.219 5
-0.7 11.444 1.219 5
-1.025 11.506 1.186 5
-1.025 11.506 1.186 3
-1.025 11.506 1.186 2
-0.604 11.53 2.158 5
-0.604 11.53 2.158 5
-0.446 11.774 2.646 5
-0.446 11.774 2.646 3
-0.446 11.774 2.646 2
-0.503 12.205 2.555 5
-0.503 12.205 2.555 5
0.056 12.31 2.234 5
0.056 12.31 2.234 3
0.056 12.31 2.234 2
0.477 12.679 2.316 5
0.477 12.679 2.316 5
1.033 13.053 2.014 5
1.033 13.053 2.014 3
1.033 13.053 2.014 2
1.377 13.273 1.804 5
1.66 13.22 1.497 5
1.66 13.22 1.497 5
1.66 13.22 1.497 3
2.282 13.599 1.339 2
2.282 13.599 1.339 5
3.432 13.694 1.574 5
3.432 13.694 1.574 5
3.432 13.694 1.574 3
3.499 13.728 0.812 2
3.499 13.728 0.812 5
4.375 13.747 1.521 5
4.375 13.747 1.521 5
4.375 13.747 1.521 3
5.328 13.551 1.54 2
5.328 13.551 1.54 5
5.993 13.527 1.99 5
5.993 13.527 1.99 5
5.993 13.527 1.99 3
7.866 13.56 1.148 2
7.866 13.56 1.148 5
8.005 13.68 0.673 5
8.005 13.68 0.673 5
8.005 13.68 0.673 3
7.813 13.421 0.075 2
7.813 13.421 0.075 5
7.162 12.559 -0.661 5
7.162 12.559 -0.661 5
7.162 12.559 -0.661 4
6.458 11.75 -0.676 1
6.458 11.75 -0.676 5
6.199 10.706 -0.111 5
6.199 10.706 -0.111 5
6.199 10.706 -0.111 3
5.85 9.581 0.841 2
5.85 9.581 0.841 5
5.495 8.518 1.66 5
4.921 7.345 1.851 5
4.921 7.345 1.851 3
4.921 7.345 1.851 2
3.954 6.143 1.904 5
3.954 6.143 1.904 5
3.207 5.123 1.325 5
3.207 5.123 1.325 4
3.207 5.123 1.325 1
2.857 4.323 0.774 5
2.857 4.323 0.774 5
2.618 3.366 0.238 5
2.618 3.366 0.238 3
2.618 3.366 0.238 2
2.349 2.178 0.113 5
2.349 2.178 0.113 5
1.746 1.312 -0.101 5
1.746 1.312 -0.101 3
1.746 1.312 -0.101 2
0.769 0.742 -1.15 5
0.769 0.742 -1.15 5
-0.087 -0.033 -1.662 5
-0.087 -0.033 -1.662 3
-0.087 -0.033 -1.662 2
-0.408 -0.809 -1.447 5
-0.408 -0.809 -1.447 5
-0.441 -1.575 -1.203 5
-0.441 -1.575 -1.203 3
-0.441 -1.575 -1.203 2
-0.465 -2.346 -0.705 5
-0.465 -2.346 -0.705 5
-0.422 -2.451 -0.633 5
-0.422 -2.451 -0.633 3
-0.422 -2.451 -0.633 2
-0.848 -1.953 -1.164 5
-1.48 -1.623 -1.346 5
-1.48 -1.623 -1.346 5
-1.48 -1.623 -1.346 4
-2.045 -1.316 -1.179 1
-2.045 -1.316 -1.179 5
-2.266 -0.66 -0.944 5
-2.266 -0.66 -0.944 5
-2.266 -0.66 -0.944 3
-2.697 -0.057 -0.384 2
-2.697 -0.057 -0.384 5
-2.644 0.938 0.381 5
-2.644 0.938 0.381 5
-2.644 0.938 0.381 3
-2.4 2.063 0.52 2
-2.4 2.063 0.52 5
-2.515 3.347 2.029 5
-2.515 3.347 2.029 5
-2.515 3.347 2.029 4
-2.941 4.472 3.748 1
-2.941 4.472 3.748 5
-3.539 5.712 4.863 5
-3.539 5.712 4.863 5
-3.539 5.712 4.863 3
-4.282 6.909 5.266 2
-4.282 6.909 5.266 5
-5.445 7.824 5.17 5
-5.445 7.824 5.17 5
-5.445 7.824 5.17 4
-7.562 8.839 5.673 1
-7.562 8.839 5.673 5
-9.985 10.232 6.204 5
-9.985 10.232 6.204 5
-9.985 10.232 6.204 4
-12.336 11.271 5.673 1
-12.336 11.271 5.673 5
-13.566 12.124 6.405 5
-13.964 12.895 8.005 5
-13.964 12.895 8.005 3
-13.964 12.895 8.005 2
-14.088 13.867 9.47 5
-14.088 13.867 9.47 5
-13.7 14.69 10.475 5
-13.7 14.69 10.475 4
-13.7 14.69 10.475 1
-13.221 15.351 10.954 6
-13.221 15.351 10.954 4
-12.431 16.347 11.155 5
-12.431 16.347 11.155 4
-12.431 16.347 11.155 1
-11.708 17.281 10.806 5
-11.708 17.281 10.806 5
-11.526 17.951 9.8 5
-11.526 17.951 9.8 4
-11.526 17.951 9.8 1
-11.598 18.033 8.632 5
-11.598 18.033 8.632 5
-12.063 17.377 7.842 5
-12.063 17.377 7.842 4
-12.063 17.377 7.842 1
-11.019 16.596 7.66 5
-11.019 16.596 7.66 5
-8.84 15.868 8.172 5
-8.84 15.868 8.172 4
-8.84 15.868 8.172 1
-6.216 15.174 8.321 5
-6.216 15.174 8.321 5
-3.922 14.8 7.521 5
-3.922 14.8 7.521 4
-3.922 14.8 7.521 1
-1.964 14.25 6.793 5
-1.964 14.25 6.793 5
-0.987 13.091 6.994 5
-0.987 13.091 6.994 4
0.156 12.033 7.128 1
0.156 12.033 7.128 5
1.827 11.698 6.53 5
1.827 11.698 6.53 5
1.827 11.698 6.53 4
2.349 11.324 5.16 1
2.349 11.324 5.16 5
1.756 10.85 3.187 5
1.756 10.85 3.187 5
1.756 10.85 3.187 4
0.884 10.141 1.406 1
0.884 10.141 1.406 5
1.507 9.782 1.406 5
1.507 9.782 1.406 5
1.507 9.782 1.406 4
2.967 9.734 1.593 1
2.967 9.734 1.593 5
4.078 9.83 2.22 5
4.078 9.83 2.22 5
4.078 9.83 2.22 4
4.303 9.682 2.134 1
4.303 9.682 2.134 5
4.097 9.404 0.966 5
4.097 9.404 0.966 5
4.097 9.404 0.966 4
4.461 9.452 0.53 1
4.461 9.452 0.53 5
5.524 9.634 0.769 5
5.524 9.634 0.769 5
5.524 9.634 0.769 4
6.563 9.83 1.09 2
6.563 9.83 1.09 4
6.707 9.576 1.344 5
6.453 9.303 1.133 5
6.453 9.303 1.133 4
6.453 9.303 1.133 2
5.96 8.954 0.922 4
5.96 8.954 0.922 5
5.443 8.614 0.918 5
5.443 8.614 0.918 4
5.443 8.614 0.918 1
4.902 8.389 1.171 5
4.902 8.389 1.171 6
4.375 8.279 1.124 5
4.375 8.279 1.124 3
4.375 8.279 1.124 1
4.107 8.528 0.913 5
4.107 8.528 0.913 5
3.824 8.561 0.468 5
3.824 8.561 0.468 4
3.824 8.561 0.468 1
3.417 8.513 0.386 5
3.417 8.513 0.386 5
3.197 8.724 0.554 5
3.197 8.724 0.554 4
3.197 8.724 0.554 1
2.847 8.801 0.731 5
2.847 8.801 0.731 6
2.091 8.571 1.071 5
2.091 8.571 1.071 3
2.091 8.571 1.071 1
1.397 8.461 1.229 5
1.397 8.461 1.229 5
1.066 8.504 1.258 5
1.066 8.504 1.258 4
1.066 8.504 1.258 1
0.755 8.451 1.55 5
0.755 8.451 1.55 5
0.386 8.437 1.957 5
0.386 8.437 1.957 4
0.099 8.384 2.019 1
0.099 8.384 2.019 5
-0.092 8.513 1.88 6
-0.092 8.513 1.88 5
-0.092 8.513 1.88 3
-0.259 8.623 1.741 1
-0.259 8.623 1.741 5
-0.389 8.614 1.526 6
-0.389 8.614 1.526 5
-0.389 8.614 1.526 3
-0.298 8.7 1.43 1
-0.298 8.7 1.43 6
0.223 9.126 1.205 5
0.223 9.126 1.205 5
0.223 9.126 1.205 3
0.468 9.418 1.128 2
0.468 9.418 1.128 5
0.568 9.471 1.028 5
0.568 9.471 1.028 5
0.568 9.471 1.028 3
0.568 9.648 0.908 2
0.568 9.648 0.908 5
0.506 9.725 0.726 5
0.506 9.725 0.726 5
0.506 9.725 0.726 3
0.41 9.667 0.76 2
0.41 9.667 0.76 5
0.228 9.557 1.205 5
0.228 9.557 1.205 5
0.228 9.557 1.205 3
-0.029 9.409 1.511 2
-0.029 9.409 1.511 5
-0.245 9.289 1.765 5
-0.245 9.289 1.765 5
-0.245 9.289 1.765 3
-0.542 9.323 1.765 2
-0.858 9.313 1.598 5
-0.858 9.313 1.598 5
-0.901 9.361 1.555 5
-0.901 9.361 1.555 3
-0.901 9.361 1.555 5
-0.8 9.548 1.492 2
-0.8 9.548 1.492 5
-0.681 9.686 1.655 5
-0.681 9.686 1.655 3
-0.681 9.686 1.655 2
-0.571 9.519 2.244 5
-0.571 9.519 2.244 5
-0.408 9.605 2.383 5
-0.408 9.605 2.383 3
-0.408 9.605 2.383 2
-0.331 9.835 2.211 5
-0.331 9.835 2.211 5
-0.173 10.204 1.741 5
-0.173 10.204 1.741 3
-0.173 10.204 1.741 2
-0.197 10.247 1.775 5
-0.197 10.247 1.775 5
-0.412 10.012 1.952 5
-0.412 10.012 1.952 3
-0.412 10.012 1.952 2
-0.456 9.955 2.129 5
-0.456 9.955 2.129 5
-0.393 9.878 2.258 5
-0.393 9.878 2.258 3
-0.393 9.878 2.258 2
-0.432 9.864 2.474 5
-0.432 9.864 2.474 5
-0.547 9.686 2.689 5
-0.547 9.686 2.689 3
-0.69 9.514 2.646 2
-0.69 9.514 2.646 5
-0.772 9.461 2.656 5
-0.772 9.461 2.656 5
-0.772 9.461 2.656 3
-0.772 9.457 2.249 2
-0.772 9.457 2.249 5
-0.681 9.533 1.818 5
-0.681 9.533 1.818 5
-0.681 9.533 1.818 4
-0.705 9.5 1.693 1
-0.705 9.5 1.693 5
-0.494 9.581 1.641 5
-0.494 9.581 1.641 5
-0.494 9.581 1.641 3
-0.245 9.706 1.578 2
-0.245 9.706 1.578 5
-0.005 9.806 1.502 5
-0.005 9.806 1.502 5
-0.005 9.806 1.502 3
0.19 9.806 1.698 2
0.19 9.806 1.698 5
0.19 9.744 1.66 5
0.19 9.744 1.66 5
0.19 9.744 1.66 3
0.07 9.691 1.641 2
0.07 9.691 1.641 5
0.003 9.548 1.612 5
0.003 9.548 1.612 5
0.003 9.548 1.612 4
0.041 9.552 1.741 1
0.041 9.552 1.741 5
0.108 9.524 1.866 5
0.108 9.524 1.866 5
0.108 9.524 1.866 3
0.204 9.548 1.966 2
0.252 9.624 2.053 5
0.252 9.624 2.053 5
0.621 9.907 1.722 5
0.621 9.907 1.722 4
0.621 9.907 1.722 1
1.44 10.481 1.229 5
1.44 10.481 1.229 5
0.338 9.629 1.148 5
0.338 9.629 1.148 3
0.338 9.629 1.148 2
0.865 9.926 1.851 5
0.865 9.926 1.851 5
1.387 10.352 1.004 5
1.387 10.352 1.004 3
1.387 10.352 1.004 2
1.195 10.084 1.736 5
1.195 10.084 1.736 5
1.181 10.07 1.507 5
1.181 10.07 1.507 4
1.181 10.07 1.507 1
0.64 9.821 1.315 5
0.64 9.821 1.315 5
-0.039 9.739 1.382 5
-0.039 9.739 1.382 4
-0.039 9.739 1.382 1
-0.676 9.27 1.353 5
-0.676 9.27 1.353 5
-0.934 9.112 1.54 5
-0.934 9.112 1.54 3
-0.934 9.112 1.54 2
-0.652 9.121 1.866 5
-0.652 9.121 1.866 5
-0.594 8.959 2.378 5
-0.594 8.959 2.378 4
-0.594 8.959 2.378 1
-0.532 9.179 2.201 5
-0.513 9.284 1.717 5
-0.513 9.284 1.717 5
-0.513 9.284 1.717 4
-0.575 9.303 1.641 1
-0.575 9.303 1.641 5
-0.724 9.26 1.478 5
-0.724 9.26 1.478 5
-0.724 9.26 1.478 3
-0.815 9.15 1.507 2
-0.815 9.15 1.507 5
-0.345 9.351 1.511 5
-0.345 9.351 1.511 5
-0.345 9.351 1.511 4
-0.044 9.538 1.521 1
-0.044 9.538 1.521 5
0.128 9.667 1.31 5
0.128 9.667 1.31 5
0.128 9.667 1.31 3
0.142 9.662 1.282 2
0.142 9.662 1.282 5
0.329 9.821 1.329 5
0.329 9.821 1.329 5
0.329 9.821 1.329 4
0.247 9.787 1.358 1
0.247 9.787 1.358 5
0.367 9.83 1.555 5
0.367 9.83 1.555 5
0.367 9.83 1.555 4
0.415 9.864 1.531 1
0.415 9.864 1.531 5
0.381 9.888 1.296 5
0.333 9.84 1.516 5
0.333 9.84 1.516 4
0.333 9.84 1.516 1
0.372 9.854 1.521 5
0.372 9.854 1.521 5
0.324 9.801 1.612 5
0.324 9.801 1.612 4
0.324 9.801 1.612 1
0.104 9.672 1.736 5
0.104 9.672 1.736 5
0.008 9.524 1.89 5
0.008 9.524 1.89 4
0.008 9.524 1.89 1
-0.12 9.447 1.765 5
-0.12 9.447 1.765 5
-0.192 9.461 1.851 5
-0.192 9.461 1.851 4
-0.192 9.461 1.851 1
-0.355 9.428 1.823 5
-0.355 9.428 1.823 5
-0.46 9.433 1.55 5
-0.46 9.433 1.55 4
-0.46 9.433 1.55 1
-0.422 9.5 1.401 5
-0.422 9.5 1.401 5
-0.369 9.567 1.444 5
-0.369 9.567 1.444 4
-0.369 9.567 1.444 1
-0.264 9.567 1.358 5
-0.264 9.567 1.358 5
0.08 9.701 1.521 5
0.08 9.701 1.521 4
0.08 9.701 1.521 1
0.07 9.734 1.555 5
0.07 9.734 1.555 5
-0.01 9.643 1.497 5
-0.01 9.643 1.497 4
-0.01 9.643 1.497 1
-0.101 9.662 1.42 5
0.056 9.653 1.248 5
0.056 9.653 1.248 5
0.056 9.653 1.248 4
0.161 9.71 1.497 1
0.161 9.71 1.497 5
0.195 9.667 1.511 5
0.195 9.667 1.511 5
0.195 9.667 1.511 4
0.31 9.691 1.593 1
0.31 9.691 1.593 5
0.305 9.801 1.598 5
0.305 9.801 1.598 5
0.305 9.801 1.598 4
0.324 9.797 1.54 1
0.324 9.797 1.54 5
0.243 9.873 1.507 5
0.243 9.873 1.507 5
0.243 9.873 1.507 4
0.219 9.696 0.496 1
0.219 9.696 0.496 5
0.161 10.122 0.027 5
0.161 10.122 0.027 5
0.161 10.122 0.027 4
0.142 9.519 1.722 1
0.142 9.519 1.722 5
0.056 9.299 1.248 5
0.056 9.299 1.248 5
0.056 9.299 1.248 4
-0.12 9.414 1.914 1
-0.12 9.414 1.914 5
-0.029 9.323 1.674 6
-0.029 9.323 1.674 5
-0.029 9.323 1.674 3
0.051 9.581 1.483 1
0.08 9.595 1.775 5
0.08 9.595 1.775 5
-0.015 9.591 2.134 5
-0.015 9.591 2.134 4
-0.015 9.591 2.134 1
-0.044 9.682 2.1 5
-0.044 9.682 2.1 5
-0.125 9.672 1.526 5
-0.125 9.672 1.526 4
-0.125 9.672 1.526 1
-0.499 9.825 1.028 5
-0.499 9.825 1.028 6
-0.436 9.792 0.611 5
-0.436 9.792 0.611 3
-0.436 9.792 0.611 1
-0.46 9.72 0.64 5
-0.46 9.72 0.64 5
-0.389 9.457 1.416 5
-0.389 9.457 1.416 4
-0.389 9.457 1.416 2
-0.202 9.356 1.895 4
-0.202 9.356 1.895 5
-0.326 9.356 2.144 5
-0.326 9.356 2.144 4
-0.326 9.356 2.144 2
-0.336 9.399 1.875 4
-0.336 9.399 1.875 6
-0.274 9.543 1.732 5
-0.274 9.543 1.732 3
-0.274 9.543 1.732 1
-0.293 9.658 1.511 6
-0.293 9.658 1.511 5
-0.374 9.753 1.186 5
-0.374 9.753 1.186 3
-0.374 9.753 1.186 2
-0.326 9.83 0.899 5
-0.331 9.806 1.071 5
-0.331 9.806 1.071 5
-0.331 9.806 1.071 3
-0.226 9.744 1.397 2
-0.226 9.744 1.397 5
-0.216 9.605 1.66 5
-0.216 9.605 1.66 5
-0.216 9.605 1.66 3
-0.207 9.533 1.708 2
-0.207 9.533 1.708 5
-0.053 9.619 1.545 5
-0.053 9.619 1.545 5
-0.053 9.619 1.545 3
0.037 9.72 1.358 2
0.037 9.72 1.358 5
0.171 9.696 1.43 5
0.171 9.696 1.43 5
0.171 9.696 1.43 3
0.18 9.725 1.325 2
0.18 9.725 1.325 5
0.238 9.725 1.277 5
0.238 9.725 1.277 5
0.238 9.725 1.277 3
0.247 9.72 1.32 2
0.247 9.72 1.32 5
0.42 9.706 1.392 5
0.42 9.706 1.392 5
0.42 9.706 1.392 3
0.391 9.71 1.607 2
0.391 9.71 1.607 5
0.175 9.581 1.631 5
0.175 9.581 1.631 5
0.175 9.581 1.631 3
0.132 9.634 1.559 2
0.132 9.634 1.559 5
0.094 9.667 1.531 5
0.003 9.634 1.655 5
0.003 9.634 1.655 3
0.003 9.634 1.655 2
-0.034 9.595 1.708 5
-0.034 9.595 1.708 5
-0.14 9.619 1.765 5
-0.14 9.619 1.765 4
-0.14 9.619 1.765 1
-0.226 9.658 1.655 5
-0.226 9.658 1.655 5
-0.168 9.619 1.535 5
-0.168 9.619 1.535 3
-0.168 9.619 1.535 2
-0.034 9.696 1.492 5
-0.034 9.696 1.492 5
0.041 9.701 1.468 5
0.041 9.701 1.468 3
0.041 9.701 1.468 2
-0.025 9.648 1.416 5
-0.025 9.648 1.416 5
-0.068 9.639 1.248 5
-0.068 9.639 1.248 3
-0.068 9.639 1.248 2
-0.216 9.562 1.219 5
-0.216 9.562 1.219 5
-0.278 9.481 1.334 5
-0.278 9.481 1.334 3
-0.278 9.481 1.334 2
-0.211 9.538 1.329 5
-0.211 9.538 1.329 5
-0.164 9.61 1.43 5
-0.164 9.61 1.43 3
-0.164 9.61 1.43 2
-0.164 9.591 1.435 5
-0.168 9.615 1.382 5
-0.168 9.615 1.382 5
-0.168 9.615 1.382 4
-0.13 9.567 1.21 1
-0.13 9.567 1.21 5
-0.14 9.581 1.253 5
-0.14 9.581 1.253 5
-0.14 9.581 1.253 3
-0.106 9.61 1.411 2
-0.106 9.61 1.411 5
-0.12 9.528 1.483 5
-0.12 9.528 1.483 5
-0.12 9.528 1.483 4
0.022 9.658 1.607 1
0.022 9.658 1.607 5
0.113 9.624 1.555 5
0.113 9.624 1.555 5
0.113 9.624 1.555 4
0.013 9.624 1.526 1
0.013 9.624 1.526 5
-0.001 9.615 1.392 5
-0.001 9.615 1.392 5
-0.001 9.615 1.392 3
-0.025 9.576 1.487 2
-0.025 9.576 1.487 5
-0.207 9.528 1.665 5
-0.207 9.528 1.665 5
-0.207 9.528 1.665 4
-0.044 9.61 1.636 1
-0.044 9.61 1.636 5
-0.025 9.576 1.555 5
-0.025 9.576 1.555 5
-0.025 9.576 1.555 3
0.118 9.71 1.387 2
0.118 9.71 1.387 5
0.171 9.758 1.349 5
0.266 9.849 1.478 5
0.266 9.849 1.478 3
0.266 9.849 1.478 2
0.348 9.911 1.444 5
0.348 9.911 1.444 5
0.247 9.84 1.282 5
0.247 9.84 1.282 4
0.247 9.84 1.282 1
0.104 9.821 1.377 5
0.104 9.821 1.377 5
-0.087 9.696 1.607 5
-0.087 9.696 1.607 4
-0.087 9.696 1.607 1
-0.278 9.629 1.708 5
-0.278 9.629 1.708 5
-0.465 9.562 1.555 5
-0.465 9.562 1.555 3
-0.465 9.562 1.555 2
-0.441 9.5 1.444 5
-0.441 9.5 1.444 5
-0.288 9.662 1.44 5
-0.288 9.662 1.44 4
-0.288 9.662 1.44 1
-0.164 9.758 1.296 5
-0.164 9.758 1.296 5
-0.058 9.797 1.31 5
-0.058 9.797 1.31 4
-0.058 9.797 1.31 1
0.027 9.758 1.435 5
0.027 9.758 1.435 5
0.013 9.753 1.368 5
0.013 9.753 1.368 3
0.013 9.753 1.368 2
-0.039 9.701 1.291 5
-0.039 9.701 1.291 5
-0.164 9.61 1.21 5
-0.164 9.61 1.21 4
-0.302 9.576 1.296 1
-0.302 9.576 1.296 5
-0.336 9.509 1.401 5
-0.336 9.509 1.401 5
-0.336 9.509 1.401 4
-0.355 9.504 1.43 1
-0.355 9.504 1.43 5
-0.336 9.476 1.492 5
-0.336 9.476 1.492 5
-0.336 9.476 1.492 4
-0.374 9.533 1.296 1
-0.374 9.533 1.296 5
-0.331 9.552 1.181 5
-0.331 9.552 1.181 5
-0.331 9.552 1.181 4
-0.293 9.543 1.162 1
-0.293 9.543 1.162 5
-0.116 9.6 1.215 5
-0.116 9.6 1.215 5
-0.116 9.6 1.215 4
0.056 9.677 1.487 1
0.056 9.677 1.487 5
0.161 9.73 1.545 5
0.161 9.73 1.545 5
0.161 9.73 1.545 4
0.247 9.797 1.449 1
0.247 9.797 1.449 5
0.18 9.849 1.444 5
0.18 9.849 1.444 5
0.18 9.849 1.444 4
0.032 9.715 1.526 1
0.032 9.715 1.526 5
-0.125 9.557 1.54 5
-0.207 9.533 1.54 5
-0.207 9.533 1.54 4
-0.207 9.533 1.54 1
-0.345 9.495 1.588 5
-0.345 9.495 1.588 5
-0.36 9.504 1.55 5
-0.36 9.504 1.55 4
-0.36 9.504 1.55 1
-0.412 9.581 1.487 5
-0.412 9.581 1.487 5
-0.638 9.485 1.373 5
-0.638 9.485 1.373 4
-0.638 9.485 1.373 1
-0.365 9.533 1.464 5
-0.365 9.533 1.464 5
-0.14 9.672 1.406 5
-0.14 9.672 1.406 4
-0.14 9.672 1.406 1
0.032 9.768 1.277 5
0.032 9.768 1.277 5
0.166 9.797 1.344 5
0.166 9.797 1.344 4
0.166 9.797 1.344 1
0.128 9.797 1.344 5
0.128 9.797 1.344 5
0.051 9.725 1.43 5
0.051 9.725 1.43 4
0.051 9.725 1.43 1
-0.269 9.533 1.387 5
-0.269 9.533 1.387 5
-0.092 9.562 1.349 5
-0.092 9.562 1.349 4
-0.092 9.562 1.349 1
-0.082 9.605 1.444 5
-0.082 9.605 1.444 5
-0.14 9.691 1.171 5
-0.14 9.691 1.171 4
-0.245 9.672 1.109 1
-0.245 9.672 1.109 5
-0.35 9.557 1.368 6
-0.35 9.557 1.368 5
-0.35 9.557 1.368 3
-0.345 9.514 1.492 1
-0.345 9.514 1.492 5
-0.221 9.524 1.464 5
-0.221 9.524 1.464 5
-0.221 9.524 1.464 4
0.008 9.533 1.416 2
0.008 9.533 1.416 4
0.118 9.639 1.497 5
0.118 9.639 1.497 5
0.118 9.639 1.497 4
0.233 9.744 1.291 1
0.233 9.744 1.291 6
0.353 9.758 -0.178 5
0.353 9.758 -0.178 5
0.353 9.758 -0.178 3
0.63 10.539 -0.168 1
0.63 10.539 -0.168 5
0.678 9.481 1.756 5
0.678 9.481 1.756 5
0.678 9.481 1.756 4
0.343 9.308 1.784 1
0.343 9.308 1.784 5
-0.101 9.323 2.196 5
-0.101 9.323 2.196 5
-0.101 9.323 2.196 4
-0.231 9.26 1.942 1
-0.231 9.26 1.942 5
-0.178 9.509 1.622 6
-0.178 9.509 1.622 5
-0.178 9.509 1.622 3
-0.13 9.572 1.492 1
-0.039 9.658 1.583 5
-0.039 9.658 1.583 5
-0.025 9.763 1.425 5
-0.025 9.763 1.425 4
-0.025 9.763 1.425 2
0.051 9.773 1.152 5
0.051 9.773 1.152 5
0.027 9.825 1.033 5
0.027 9.825 1.033 3
0.027 9.825 1.033 2
-0.164 9.662 1.114 5
-0.164 9.662 1.114 5
-0.063 9.591 1.397 5
-0.063 9.591 1.397 3
-0.063 9.591 1.397 2
-0.164 9.595 1.464 5
-0.164 9.595 1.464 5
-0.178 9.514 1.665 5
-0.178 9.514 1.665 3
-0.178 9.514 1.665 2
-0.235 9.457 1.775 5
-0.235 9.457 1.775 5
-0.096 9.581 1.713 5
-0.096 9.581 1.713 3
-0.096 9.581 1.713 2
0.741 9.72 1.191 5
0.741 9.72 1.191 5
-0.571 9.878 1.799 5
-0.571 9.878 1.799 3
-0.571 9.878 1.799 2
-0.341 9.758 1.076 5
-0.341 9.758 1.076 5
-0.331 9.773 1.258 5
-0.331 9.773 1.258 3
-0.503 9.706 1.387 2
-0.503 9.706 1.387 5
-0.398 9.653 1.339 5
-0.398 9.653 1.339 5
-0.398 9.653 1.339 3
-0.302 9.739 1.44 2
-0.302 9.739 1.44 5
-0.216 9.677 1.492 5
-0.216 9.677 1.492 5
-0.216 9.677 1.492 3
-0.278 9.634 1.588 2
-0.278 9.634 1.588 5
-0.173 9.629 1.555 5
-0.173 9.629 1.555 5
-0.173 9.629 1.555 3
-0.283 9.562 1.535 2
-0.283 9.562 1.535 5
-0.264 9.447 1.578 5
-0.264 9.447 1.578 5
-0.264 9.447 1.578 3
-0.264 9.476 1.468 2
-0.264 9.476 1.468 5
-0.168 9.485 1.497 5
-0.168 9.485 1.497 5
-0.168 9.485 1.497 3
-0.192 9.509 1.507 2
-0.192 9.509 1.507 5
-0.12 9.576 1.454 5
-0.12 9.576 1.454 5
-0.12 9.576 1.454 4
-0.087 9.629 1.521 1
-0.087 9.629 1.521 5
0.022 9.629 1.66 5
0.022 9.629 1.66 5
0.022 9.629 1.66 3
0.108 9.634 1.713 2
0.07 9.619 1.775 5
0.07 9.619 1.775 5
0.017 9.615 1.818 5
0.017 9.615 1.818 3
0.017 9.615 1.818 2
0.046 9.634 1.851 5
0.046 9.634 1.851 5
0.094 9.734 1.713 5
0.094 9.734 1.713 3
0.094 9.734 1.713 2
0.175 9.734 1.531 5
0.175 9.734 1.531 5
0.238 9.73 1.722 5
0.238 9.73 1.722 3
0.238 9.73 1.722 2
0.089 9.715 1.689 5
0.089 9.715 1.689 5
0.08 9.691 1.473 5
0.08 9.691 1.473 4
0.08 9.691 1.473 1
0.017 9.734 1.655 5
0.017 9.734 1.655 5
-0.082 9.658 1.698 5
-0.082 9.658 1.698 4
-0.082 9.658 1.698 1
-0.245 9.586 1.669 5
-0.245 9.586 1.669 5
-0.13 9.643 1.578 5
-0.13 9.643 1.578 3
-0.13 9.643 1.578 2
-0.192 9.648 1.631 5
-0.192 9.648 1.631 5
-0.259 9.548 1.717 5
-0.259 9.548 1.717 4
-0.259 9.548 1.717 1
-0.245 9.581 1.713 5
-0.14 9.624 1.727 5
-0.14 9.624 1.727 5
-0.14 9.624 1.727 4
-0.073 9.653 1.717 1
-0.073 9.653 1.717 5
-0.25 9.6 1.55 5
-0.25 9.6 1.55 5
-0.25 9.6 1.55 3
-0.484 9.433 1.674 2
-0.484 9.433 1.674 5
-0.46 9.361 1.751 5
-0.46 9.361 1.751 5
-0.46 9.361 1.751 4
-0.513 9.241 1.679 1
-0.513 9.241 1.679 5
-0.187 9.586 2.11 5
-0.187 9.586 2.11 5
-0.187 9.586 2.11 3
-0.096 9.576 1.655 2
-0.096 9.576 1.655 5
-0.159 9.452 1.382 5

# Completed @Tue Apr 11 08:35:22 GMT+02:00 2017
