# Accelerometer Data File
# Started @Tue Apr 11 08:34:44 GMT+02:00 2017
#
#
# sensor Vendor: Invensense
# sensor Name: ICM20610 Acceleration Sensor
# sensor Resolution: 0.0011971008m/sec^2; Max Range: 39.2266; Min Delay: 5000 microseconds
# The sensor's attributes are the result hardware and the Android capabilities.
# It means that the Android may not utilize all features provided by the hardware.
#
# Some devices and Android versions save battery too much so the device may go to sleep.
# It just happens after couple of minutes from turning off the scree and it is easy to find it out.
#
# The following file provides the data from accelerometer in the m/s^2 format.
# The diff value is just a time delta between the samples
#
#
# data format:
# so we have 4 columns with values separated by the " "
# X Y Z time_from_previous_sample(ms)

# sensor speed set to:FASTEST
# units set to: m/sec^2
# gravity NOT filtered out
# Accuracy: HIGH
-0.298 1.244 9.791 0
-0.317 1.321 9.771 1
-0.317 1.321 9.771 5
-0.441 1.369 9.546 5
-0.441 1.369 9.546 5
-0.441 1.369 9.546 4
-0.47 1.374 9.518 1
-0.47 1.374 9.518 5
-0.547 1.326 9.556 5
-0.618 1.331 9.637 5
-0.618 1.331 9.637 4
-0.618 1.331 9.637 1
-0.58 1.316 9.671 5
-0.58 1.316 9.671 5
-0.547 1.302 9.858 5
-0.547 1.302 9.858 4
-0.547 1.302 9.858 1
-0.47 1.283 10.04 5
-0.47 1.283 10.04 5
-0.417 1.254 10.083 5
-0.417 1.254 10.083 4
-0.417 1.254 10.083 1
-0.465 1.268 10.087 5
-0.465 1.268 10.087 5
-0.513 1.312 10.001 5
-0.513 1.312 10.001 4
-0.513 1.312 10.001 1
-0.523 1.364 9.853 5
-0.523 1.364 9.853 5
-0.561 1.412 9.791 5
-0.561 1.412 9.791 4
-0.561 1.412 9.791 1
-0.594 1.455 9.781 5
-0.594 1.455 9.781 5
-0.585 1.46 9.858 5
-0.585 1.46 9.858 4
-0.585 1.46 9.858 1
-0.594 1.398 9.92 5
-0.594 1.398 9.92 5
-0.647 1.374 10.03 5
-0.647 1.374 10.03 4
-0.647 1.374 10.03 1
-0.609 1.359 10.15 5
-0.609 1.359 10.15 5
-0.58 1.331 10.145 5
-0.58 1.331 10.145 4
-0.58 1.331 10.145 1
-0.614 1.35 10.274 5
-0.609 1.369 10.155 5
-0.609 1.369 10.155 5
-0.609 1.369 10.155 4
-0.571 1.383 9.925 1
-0.571 1.383 9.925 5
-0.537 1.364 9.728 5
-0.537 1.364 9.728 5
-0.537 1.364 9.728 4
-0.475 1.34 9.767 1
-0.475 1.34 9.767 5
-0.422 1.35 9.858 5
-0.422 1.35 9.858 5
-0.422 1.35 9.858 4
-0.489 1.355 9.858 1
-0.489 1.355 9.858 5
-0.666 1.364 9.953 6
-0.666 1.364 9.953 5
-0.666 1.364 9.953 3
-0.714 1.393 9.824 1
-0.714 1.393 9.824 5
-0.772 1.388 9.704 5
-0.772 1.388 9.704 5
-0.772 1.388 9.704 4
-0.887 1.537 9.767 1
-0.887 1.537 9.767 5
-0.714 1.417 9.685 5
-0.714 1.417 9.685 5
-0.714 1.417 9.685 4
-0.858 1.79 9.733 1
-0.858 1.79 9.733 5
-0.633 1.613 9.546 6
-0.633 1.613 9.546 5
-0.633 1.613 9.546 3
-1.107 2.044 9.542 1
-1.112 1.929 9.561 5
-1.112 1.929 9.561 5
-0.738 1.733 9.412 5
-0.738 1.733 9.412 4
-0.738 1.733 9.412 1
-0.566 1.628 9.546 5
-0.566 1.628 9.546 5
-0.465 1.771 9.57 5
-0.465 1.771 9.57 4
-0.465 1.771 9.57 1
-0.369 1.618 9.714 5
-0.369 1.618 9.714 6
-0.197 1.69 9.594 5
-0.197 1.69 9.594 3
-0.197 1.69 9.594 1
-0.298 1.288 9.704 6
-0.298 1.288 9.704 5
0.142 1.398 9.68 5
0.142 1.398 9.68 3
0.142 1.398 9.68 1
-0.039 1.192 10.226 6
-0.039 1.192 10.226 5
-0.058 1.12 10.36 5
-0.058 1.12 10.36 3
-0.058 1.12 10.36 2
0.017 1.173 10.624 5
0.017 1.173 10.624 5
0.056 1.048 10.59 5
0.056 1.048 10.59 3
0.056 1.048 10.59 2
0.061 1.326 10.499 5
0.061 1.326 10.499 5
-0.077 1.561 10.38 5
-0.077 1.561 10.38 3
-0.077 1.561 10.38 2
-0.211 1.455 9.834 5
0.061 1.651 8.9 5
0.061 1.651 8.9 5
0.061 1.651 8.9 3
0.089 1.623 8.555 2
0.089 1.623 8.555 5
-0.288 1.393 8.804 5
-0.288 1.393 8.804 5
-0.288 1.393 8.804 3
-0.436 1.45 9.297 2
-0.436 1.45 9.297 5
-0.116 1.537 9.441 5
-0.116 1.537 9.441 5
-0.116 1.537 9.441 3
-0.111 1.642 9.604 2
-0.111 1.642 9.604 5
0.027 1.814 9.757 5
0.027 1.814 9.757 5
0.027 1.814 9.757 3
-0.489 1.355 10.236 2
-0.489 1.355 10.236 5
-0.609 1.374 10.202 5
-0.609 1.374 10.202 5
-0.609 1.374 10.202 3
-0.666 1.508 10.212 2
-0.666 1.508 10.212 5
-0.594 1.436 10.121 5
-0.594 1.436 10.121 5
-0.594 1.436 10.121 3
-0.192 1.23 9.944 2
-0.192 1.23 9.944 5
0.041 1.173 9.733 5
0.041 1.173 9.733 5
0.041 1.173 9.733 3
0.252 1.292 9.652 2
0.243 1.206 9.714 5
0.243 1.206 9.714 5
0.171 1.11 9.848 5
0.171 1.11 9.848 3
0.171 1.11 9.848 2
-0.116 1.043 10.202 5
-0.116 1.043 10.202 5
-0.695 1.139 10.217 5
-0.695 1.139 10.217 4
-0.695 1.139 10.217 1
-0.982 1.168 10.064 5
-0.982 1.168 10.064 5
-0.709 1.043 10.116 5
-0.709 1.043 10.116 3
-0.709 1.043 10.116 2
-0.393 1.0 10.557 5
-0.393 1.0 10.557 5
-0.106 0.986 10.878 5
-0.106 0.986 10.878 3
-0.106 0.986 10.878 2
-0.034 0.938 10.959 5
-0.034 0.938 10.959 5
0.195 0.938 10.882 5
0.195 0.938 10.882 3
0.195 0.938 10.882 2
-0.187 1.168 10.59 5
-0.187 1.168 10.59 5
-0.221 1.431 9.944 5
-0.221 1.431 9.944 3
-0.221 1.431 9.944 2
-0.254 1.513 9.891 5
-0.254 1.513 9.891 5
-0.211 1.57 9.944 5
-0.211 1.57 9.944 3
-0.211 1.57 9.944 2
-0.063 1.608 9.776 5
-0.403 1.896 9.791 5
-0.403 1.896 9.791 5
-0.403 1.896 9.791 4
-0.274 1.278 9.934 1
-0.274 1.278 9.934 5
-0.044 1.326 10.164 5
-0.044 1.326 10.164 5
-0.044 1.326 10.164 3
-0.25 1.589 10.528 2
-0.25 1.589 10.528 5
-0.135 1.719 10.322 5
-0.135 1.719 10.322 5
-0.135 1.719 10.322 3
-0.087 1.738 9.8 2
-0.087 1.738 9.8 5
0.022 1.704 9.484 5
0.022 1.704 9.484 5
0.022 1.704 9.484 4
0.118 1.924 9.044 1
0.118 1.924 9.044 5
0.113 2.111 9.029 5
0.113 2.111 9.029 5
0.113 2.111 9.029 3
0.075 2.183 9.034 2
0.075 2.183 9.034 5
0.056 1.982 9.096 5
0.056 1.982 9.096 5
0.056 1.982 9.096 3
0.132 1.838 9.288 2
0.132 1.838 9.288 5
0.362 1.929 9.537 5
0.362 1.929 9.537 5
0.362 1.929 9.537 3
0.377 1.786 9.513 2
0.377 1.786 9.513 5
0.142 1.517 9.781 5
-0.001 1.493 10.351 5
-0.001 1.493 10.351 3
-0.001 1.493 10.351 2
-0.197 1.455 11.203 5
-0.197 1.455 11.203 5
-0.216 1.513 11.428 5
-0.216 1.513 11.428 3
-0.216 1.513 11.428 2
-0.254 1.508 11.093 5
-0.254 1.508 11.093 5
-0.25 1.441 10.758 5
-0.25 1.441 10.758 4
-0.25 1.441 10.758 1
-0.216 1.379 10.083 5
-0.216 1.379 10.083 5
-0.283 1.297 9.566 5
-0.283 1.297 9.566 3
-0.283 1.297 9.566 2
-0.211 1.302 9.221 5
-0.211 1.302 9.221 5
-0.144 1.259 8.996 5
-0.144 1.259 8.996 4
-0.144 1.259 8.996 1
-0.154 1.225 8.895 5
-0.154 1.225 8.895 6
-0.317 1.187 9.235 5
-0.317 1.187 9.235 3
-0.317 1.187 9.235 1
-0.298 1.244 9.7 5
-0.298 1.244 9.7 5
-0.197 1.388 10.03 5
-0.197 1.388 10.03 3
-0.197 1.388 10.03 2
-0.446 1.259 9.973 5
-0.523 1.249 9.901 5
-0.523 1.249 9.901 5
-0.523 1.249 9.901 4
-0.379 1.235 9.738 1
-0.379 1.235 9.738 5
-0.288 1.134 9.671 5
-0.288 1.134 9.671 5
-0.288 1.134 9.671 4
-0.226 1.134 9.345 1
-0.226 1.134 9.345 5
-0.365 1.115 9.154 5
-0.365 1.115 9.154 5
-0.365 1.115 9.154 4
-0.465 1.23 9.139 1
-0.465 1.23 9.139 5
-0.561 1.335 9.283 5
-0.561 1.335 9.283 5
-0.561 1.335 9.283 4
-0.685 1.379 9.556 1
-0.685 1.379 9.556 5
-0.666 1.326 9.915 5
-0.666 1.326 9.915 5
-0.666 1.326 9.915 4
-0.422 1.321 10.073 1
-0.422 1.321 10.073 5
-0.192 1.297 10.064 5
-0.192 1.297 10.064 5
-0.192 1.297 10.064 4
-0.049 1.388 10.121 1
-0.049 1.388 10.121 5
0.051 1.426 10.016 5
0.051 1.426 10.016 5
0.051 1.426 10.016 4
0.027 1.379 9.786 1
0.027 1.379 9.786 5
0.051 1.383 9.709 5
0.013 1.455 9.575 5
0.013 1.455 9.575 4
0.013 1.455 9.575 1
-0.116 1.422 9.475 5
-0.116 1.422 9.475 5
-0.226 1.489 9.364 5
-0.226 1.489 9.364 4
-0.226 1.489 9.364 1
-0.24 1.57 9.479 5
-0.24 1.57 9.479 5
-0.13 1.719 9.393 5
-0.13 1.719 9.393 4
-0.13 1.719 9.393 1
-0.101 1.675 9.364 5
-0.101 1.675 9.364 5
-0.125 1.656 9.479 5
-0.125 1.656 9.479 4
-0.125 1.656 9.479 1
-0.087 1.647 9.637 5
-0.087 1.647 9.637 5
-0.058 1.561 9.714 5
-0.058 1.561 9.714 4
-0.058 1.561 9.714 1
-0.058 1.493 9.824 5
-0.058 1.493 9.824 6
-0.049 1.513 9.958 5
-0.049 1.513 9.958 3
-0.049 1.513 9.958 1
-0.12 1.565 10.011 5
-0.12 1.565 10.011 5
-0.254 1.57 9.877 5
-0.254 1.57 9.877 4
-0.254 1.57 9.877 2
-0.154 1.541 9.642 4
-0.154 1.541 9.642 5
-0.173 1.58 9.47 5
-0.173 1.58 9.47 4
-0.211 1.537 9.302 1
-0.211 1.537 9.302 5
-0.164 1.68 9.182 6
-0.164 1.68 9.182 5
-0.164 1.68 9.182 3
-0.197 1.728 9.12 1
-0.197 1.728 9.12 5
-0.235 1.68 9.048 5
-0.235 1.68 9.048 5
-0.235 1.68 9.048 4
-0.283 1.757 9.029 2
-0.283 1.757 9.029 4
-0.393 1.742 9.029 5
-0.393 1.742 9.029 5
-0.393 1.742 9.029 4
-0.412 1.656 9.249 1
-0.412 1.656 9.249 5
-0.326 1.613 9.431 6
-0.326 1.613 9.431 5
-0.326 1.613 9.431 3
-0.192 1.556 9.628 2
-0.192 1.556 9.628 5
-0.082 1.575 9.446 5
-0.082 1.575 9.446 5
-0.082 1.575 9.446 3
-0.077 1.527 9.465 2
-0.077 1.527 9.465 5
-0.245 1.503 9.599 5
-0.245 1.503 9.599 5
-0.245 1.503 9.599 3
-0.264 1.589 9.791 2
-0.264 1.589 9.791 5
-0.254 1.613 9.953 5
-0.254 1.613 9.953 5
-0.254 1.613 9.953 3
-0.274 1.561 10.001 2
-0.254 1.561 10.102 5
-0.254 1.561 10.102 5
-0.25 1.637 10.245 5
-0.25 1.637 10.245 3
-0.25 1.637 10.245 2
-0.288 1.589 10.054 5
-0.288 1.589 10.054 5
-0.264 1.436 10.044 5
-0.264 1.436 10.044 3
-0.264 1.436 10.044 2
-0.164 1.474 9.949 5
-0.164 1.474 9.949 5
-0.192 1.374 9.695 5
-0.192 1.374 9.695 3
-0.192 1.374 9.695 2
-0.058 1.632 9.556 5
-0.058 1.632 9.556 5
-0.173 1.628 9.566 5
-0.173 1.628 9.566 3
-0.173 1.628 9.566 2
-0.24 1.642 9.451 5
-0.24 1.642 9.451 5
-0.197 1.661 9.326 5
-0.197 1.661 9.326 3
-0.197 1.661 9.326 2
-0.207 1.623 9.307 5
-0.207 1.623 9.307 5
-0.125 1.618 9.355 5
-0.125 1.618 9.355 3
-0.125 1.618 9.355 2
-0.116 1.541 9.403 5
-0.116 1.541 9.403 5
-0.111 1.508 9.264 5
-0.111 1.508 9.264 3
-0.116 1.517 9.202 2
-0.116 1.517 9.202 5
-0.159 1.489 9.23 5
-0.159 1.489 9.23 5
-0.159 1.489 9.23 3
-0.168 1.45 9.317 2
-0.168 1.45 9.317 5
-0.13 1.393 9.417 5
-0.13 1.393 9.417 5
-0.13 1.393 9.417 3
-0.187 1.345 9.743 2
-0.187 1.345 9.743 5
-0.154 1.307 9.953 5
-0.154 1.307 9.953 5
-0.154 1.307 9.953 3
-0.168 1.288 9.819 2
-0.168 1.288 9.819 5
-0.259 1.297 9.709 5
-0.259 1.297 9.709 5
-0.259 1.297 9.709 3
-0.307 1.369 9.767 2
-0.307 1.369 9.767 5
-0.293 1.403 9.829 5
-0.293 1.403 9.829 5
-0.293 1.403 9.829 3
-0.231 1.407 9.647 2
-0.231 1.407 9.647 5
-0.192 1.374 9.604 5
-0.192 1.374 9.604 5
-0.192 1.374 9.604 4
-0.235 1.383 9.494 1
-0.235 1.383 9.494 5
-0.197 1.403 9.728 5
-0.197 1.403 9.728 5
-0.197 1.403 9.728 3
-0.159 1.455 9.824 2
-0.187 1.436 9.867 5
-0.187 1.436 9.867 5
-0.245 1.398 9.896 5
-0.245 1.398 9.896 3
-0.245 1.398 9.896 2
-0.192 1.436 9.886 5
-0.192 1.436 9.886 5
-0.216 1.455 9.949 5
-0.216 1.455 9.949 3
-0.216 1.455 9.949 2
-0.245 1.379 9.968 5
-0.245 1.379 9.968 5
-0.307 1.379 9.829 5
-0.307 1.379 9.829 3
-0.307 1.379 9.829 2
-0.283 1.412 9.695 5
-0.283 1.412 9.695 5
-0.274 1.47 9.609 5
-0.274 1.47 9.609 3
-0.274 1.47 9.609 2
-0.298 1.45 9.589 5
-0.298 1.45 9.589 5
-0.307 1.436 9.484 5
-0.307 1.436 9.484 4
-0.307 1.436 9.484 1
-0.336 1.417 9.556 5
-0.336 1.417 9.556 5
-0.389 1.407 9.566 5
-0.389 1.407 9.566 3
-0.389 1.407 9.566 2
-0.48 1.379 9.609 5
-0.48 1.379 9.609 5
-0.465 1.321 9.824 5
-0.465 1.321 9.824 3
-0.465 1.321 9.824 2
-0.432 1.259 9.939 5
-0.422 1.23 10.049 5
-0.422 1.23 10.049 5
-0.422 1.23 10.049 4
-0.412 1.235 9.939 1
-0.412 1.235 9.939 5
-0.35 1.244 9.872 5
-0.35 1.244 9.872 5
-0.35 1.244 9.872 3
-0.365 1.34 9.623 2
-0.365 1.34 9.623 5
-0.298 1.379 9.518 5
-0.298 1.379 9.518 5
-0.298 1.379 9.518 3
-0.254 1.412 9.36 2
-0.254 1.412 9.36 5
-0.288 1.426 9.293 5
-0.288 1.426 9.293 5
-0.288 1.426 9.293 3
-0.331 1.45 9.331 2
-0.331 1.45 9.331 5
-0.274 1.345 9.36 5
-0.274 1.345 9.36 5
-0.274 1.345 9.36 3
-0.149 1.326 9.24 2
-0.149 1.326 9.24 5
-0.164 1.273 9.417 5
-0.164 1.273 9.417 5
-0.164 1.273 9.417 3
-0.269 1.268 9.393 2
-0.269 1.268 9.393 5
-0.35 1.264 9.652 5
-0.389 1.23 9.867 5
-0.389 1.23 9.867 4
-0.389 1.23 9.867 1
-0.336 1.168 9.963 5
-0.336 1.168 9.963 5
-0.336 1.13 9.925 5
-0.336 1.13 9.925 3
-0.336 1.13 9.925 2
-0.412 1.063 9.867 5
-0.412 1.063 9.867 5
-0.436 1.039 9.805 5
-0.436 1.039 9.805 4
-0.436 1.039 9.805 1
-0.46 1.01 10.044 5
-0.46 1.01 10.044 5
-0.384 1.0 10.313 5
-0.384 1.0 10.313 4
-0.384 1.0 10.313 1
-0.369 0.995 10.303 5
-0.369 0.995 10.303 5
-0.403 1.005 10.092 5
-0.403 1.005 10.092 4
-0.403 1.005 10.092 1
-0.36 1.086 9.776 6
-0.36 1.086 9.776 4
-0.336 1.149 9.542 5
-0.336 1.149 9.542 4
-0.336 1.149 9.542 2
-0.326 1.158 9.431 4
-0.326 1.158 9.431 5
-0.288 1.154 9.417 5
-0.288 1.154 9.417 4
-0.288 1.154 9.417 1
-0.274 1.158 9.546 5
-0.274 1.158 9.546 5
-0.393 1.23 9.642 5
-0.393 1.23 9.642 4
-0.393 1.23 9.642 1
-0.369 1.12 9.719 5
-0.36 1.015 9.68 5
-0.36 1.015 9.68 5
-0.36 1.015 9.68 4
-0.264 0.991 9.81 1
-0.264 0.991 9.81 5
-0.307 0.948 10.006 5
-0.307 0.948 10.006 5
-0.307 0.948 10.006 4
-0.365 1.015 10.212 1
-0.365 1.015 10.212 5
-0.379 0.928 10.552 5
-0.379 0.928 10.552 5
-0.379 0.928 10.552 4
-0.355 0.914 10.696 1
-0.355 0.914 10.696 5
-0.25 0.924 10.461 5
-0.25 0.924 10.461 5
-0.25 0.924 10.461 4
-0.111 0.967 10.078 1
-0.111 0.967 10.078 5
-0.015 0.943 9.604 5
-0.015 0.943 9.604 5
-0.015 0.943 9.604 4
-0.068 1.024 9.393 1
-0.068 1.024 9.393 5
-0.096 1.048 9.34 5
-0.096 1.048 9.34 5
-0.096 1.048 9.34 4
-0.13 1.024 9.46 1
-0.13 1.024 9.46 5
-0.063 1.01 9.652 6
-0.063 1.01 9.652 5
-0.063 1.01 9.652 3
-0.073 0.981 9.589 1
-0.073 0.981 9.589 5
-0.183 0.948 9.877 6
-0.264 0.957 10.332 5
-0.264 0.957 10.332 3
-0.264 0.957 10.332 1
-0.302 0.928 10.485 5
-0.302 0.928 10.485 5
-0.326 0.799 10.456 5
-0.326 0.799 10.456 4
-0.326 0.799 10.456 1
-0.341 0.794 10.451 5
-0.341 0.794 10.451 6
-0.221 0.837 10.241 5
-0.221 0.837 10.241 3
-0.221 0.837 10.241 1
-0.14 0.885 10.044 5
-0.14 0.885 10.044 5
-0.149 0.885 9.8 5
-0.149 0.885 9.8 4
-0.149 0.885 9.8 1
-0.207 0.905 9.637 5
-0.207 0.905 9.637 5
-0.259 0.976 9.57 5
-0.259 0.976 9.57 4
-0.259 0.976 9.57 1
-0.317 1.0 9.637 5
-0.317 1.0 9.637 6
-0.345 0.976 9.771 5
-0.345 0.976 9.771 3
-0.345 0.976 9.771 1
-0.369 0.976 9.771 5
-0.369 0.976 9.771 5
-0.446 0.905 9.747 5
-0.446 0.905 9.747 4
-0.446 0.905 9.747 2
-0.36 0.967 9.829 4
-0.441 0.991 9.843 5
-0.441 0.991 9.843 5
-0.441 0.991 9.843 4
-0.427 0.938 9.872 1
-0.427 0.938 9.872 6
-0.537 0.938 9.958 5
-0.537 0.938 9.958 5
-0.537 0.938 9.958 3
-0.484 1.01 9.973 2
-0.484 1.01 9.973 5
-0.556 1.053 9.752 5
-0.556 1.053 9.752 5
-0.556 1.053 9.752 3
-0.422 1.163 9.704 2
-0.422 1.163 9.704 5
-0.432 1.211 9.642 5
-0.432 1.211 9.642 5
-0.432 1.211 9.642 3
-0.427 1.259 9.7 2
-0.427 1.259 9.7 5
-0.441 1.307 9.743 5
-0.441 1.307 9.743 5
-0.441 1.307 9.743 3
-0.48 1.393 9.8 2
-0.48 1.393 9.8 5
-0.48 1.446 9.949 5
-0.48 1.446 9.949 5
-0.48 1.446 9.949 3
-0.556 1.484 9.915 2
-0.556 1.484 9.915 5
-0.575 1.642 9.81 5
-0.575 1.642 9.81 5
-0.575 1.642 9.81 3
-0.518 1.776 9.838 2
-0.518 1.776 9.838 5
-0.422 1.934 9.973 5
-0.25 1.915 10.121 5
-0.25 1.915 10.121 3
-0.25 1.915 10.121 2
-0.14 1.939 10.059 5
-0.14 1.939 10.059 5
-0.077 1.9 10.317 5
-0.077 1.9 10.317 3
-0.077 1.9 10.317 2
-0.101 2.011 10.49 5
-0.101 2.011 10.49 5
-0.005 2.202 10.571 5
-0.005 2.202 10.571 3
-0.005 2.202 10.571 2
0.037 2.518 10.648 5
0.037 2.518 10.648 5
0.214 2.767 10.494 5
0.214 2.767 10.494 3
0.214 2.767 10.494 2
0.458 3.002 10.399 5
0.458 3.002 10.399 5
0.836 3.222 10.37 5
0.836 3.222 10.37 3
0.836 3.222 10.37 2
0.899 3.088 10.552 5
0.899 3.088 10.552 5
1.2 3.055 10.734 5
1.2 3.055 10.734 3
1.2 3.055 10.734 2
1.555 3.04 10.916 5
1.555 3.04 10.916 5
1.679 3.083 10.82 5
1.679 3.083 10.82 3
1.679 3.083 10.82 2
1.995 3.39 10.475 5
1.995 3.39 10.475 5
2.517 3.682 10.202 5
2.517 3.682 10.202 3
3.092 3.821 10.164 2
3.092 3.821 10.164 5
3.709 3.864 10.36 5
3.709 3.864 10.36 5
3.709 3.864 10.36 3
4.255 3.615 10.576 2
4.255 3.615 10.576 5
4.696 3.117 11.251 5
4.696 3.117 11.251 5
4.696 3.117 11.251 3
5.122 2.604 11.974 2
5.122 2.604 11.974 5
5.4 1.968 12.587 5
5.4 1.968 12.587 5
5.4 1.968 12.587 4
5.529 1.431 12.477 1
5.529 1.431 12.477 5
5.471 0.914 12.003 5
5.471 0.914 12.003 5
5.471 0.914 12.003 3
5.486 0.708 12.118 2
5.486 0.708 12.118 5
5.323 0.483 12.539 5
5.323 0.483 12.539 5
5.323 0.483 12.539 3
5.194 0.014 13.004 2
5.194 0.014 13.004 5
5.28 -0.287 13.099 5
5.28 -0.287 13.099 5
5.28 -0.287 13.099 3
5.28 -0.593 12.98 2
5.28 -0.593 12.98 5
5.194 -0.981 12.386 5
5.194 -0.981 12.386 5
5.194 -0.981 12.386 3
4.394 -1.642 11.701 2
4.001 -1.623 11.036 5
4.001 -1.623 11.036 5
3.69 -1.848 10.456 5
3.69 -1.848 10.456 4
3.69 -1.848 10.456 1
3.341 -2.202 9.752 5
3.341 -2.202 9.752 5
2.986 -2.389 8.943 5
2.986 -2.389 8.943 4
2.986 -2.389 8.943 1
2.469 -2.183 8.119 5
2.469 -2.183 8.119 5
1.976 -2.226 7.258 5
1.976 -2.226 7.258 3
1.976 -2.226 7.258 2
1.459 -1.929 6.889 5
1.459 -1.929 6.889 5
0.865 -2.595 6.793 5
0.865 -2.595 6.793 3
0.865 -2.595 6.793 2
0.396 -2.997 6.501 5
0.396 -2.997 6.501 5
0.18 -3.27 6.654 5
0.18 -3.27 6.654 4
0.18 -3.27 6.654 1
-0.106 -3.945 6.98 5
-0.106 -3.945 6.98 5
-0.168 -4.376 7.104 5
-0.168 -4.376 7.104 3
-0.168 -4.376 7.104 2
-0.604 -4.376 7.535 5
-0.604 -4.376 7.535 5
-1.533 -4.094 7.894 5
-1.533 -4.094 7.894 3
-2.424 -3.797 7.928 2
-2.424 -3.797 7.928 5
-3.367 -3.821 7.717 5
-3.367 -3.821 7.717 5
-3.367 -3.821 7.717 3
-4.143 -3.811 7.684 2
-4.143 -3.811 7.684 5
-4.583 -3.648 7.473 5
-4.583 -3.648 7.473 5
-4.583 -3.648 7.473 3
-4.856 -3.466 7.535 2
-4.856 -3.466 7.535 5
-4.689 -2.729 7.487 5
-4.689 -2.729 7.487 5
-4.689 -2.729 7.487 4
-4.42 -2.159 7.559 1
-4.42 -2.159 7.559 5
-4.358 -1.728 8.005 5
-4.358 -1.728 8.005 5
-4.358 -1.728 8.005 4
-4.483 -1.426 8.488 1
-4.483 -1.426 8.488 5
-4.526 -1.206 9.053 5
-4.526 -1.206 9.053 5
-4.526 -1.206 9.053 4
-4.425 -0.876 9.704 1
-4.425 -0.876 9.704 5
-4.444 -0.43 10.15 5
-4.444 -0.43 10.15 5
-4.444 -0.43 10.15 4
-4.803 -0.129 9.489 1
-4.803 -0.129 9.489 5
-4.837 0.32 9.441 5
-5.158 0.636 9.68 5
-5.158 0.636 9.68 4
-5.158 0.636 9.68 1
-5.072 0.967 9.379 5
-5.072 0.967 9.379 5
-4.918 1.23 9.206 5
-4.918 1.23 9.206 4
-4.918 1.23 9.206 1
-4.684 1.139 8.871 5
-4.684 1.139 8.871 5
-4.54 1.513 8.986 5
-4.54 1.513 8.986 4
-4.54 1.513 8.986 1
-4.406 2.197 9.46 5
-4.406 2.197 9.46 5
-4.396 2.82 10.566 5
-4.396 2.82 10.566 4
-4.396 2.82 10.566 4
-4.478 3.045 11.706 2
-4.478 3.045 11.706 5
-4.033 3.117 12.343 5
-4.033 3.117 12.343 4
-4.033 3.117 12.343 1
-3.779 2.92 12.927 5
-3.779 2.92 12.927 5
-3.937 2.777 13.573 5
-3.937 2.777 13.573 4
-3.937 2.777 13.573 1
-4.559 2.643 14.052 5
-4.559 2.643 14.052 5
-5.086 2.7 14.071 5
-5.086 2.7 14.071 4
-5.086 2.7 14.071 1
-5.368 3.035 13.607 5
-5.368 3.035 13.607 5
-5.656 3.074 13.401 5
-5.656 3.074 13.401 4
-5.656 3.074 13.401 1
-5.062 3.275 13.133 5
-4.253 3.083 12.386 5
-4.253 3.083 12.386 5
-4.253 3.083 12.386 4
-3.86 2.81 11.701 1
-3.86 2.81 11.701 5
-3.434 2.758 11.313 5
-3.434 2.758 11.313 5
-3.434 2.758 11.313 4
-2.84 3.045 11.735 1
-2.84 3.045 11.735 5
-2.194 3.222 12.53 5
-2.194 3.222 12.53 5
-2.194 3.222 12.53 4
-1.428 3.045 12.817 1
-1.428 3.045 12.817 5
-0.954 2.762 12.74 5
-0.954 2.762 12.74 5
-0.954 2.762 12.74 4
-0.183 2.609 12.582 1
-0.183 2.609 12.582 5
0.266 2.231 11.883 5
0.266 2.231 11.883 5
0.266 2.231 11.883 4
0.836 1.982 11.136 1
0.836 1.982 11.136 5
1.607 2.547 10.447 5
1.607 2.547 10.447 5
1.607 2.547 10.447 4
2.062 3.213 9.805 1
2.062 3.213 9.805 5
2.464 3.366 9.307 6
2.464 3.366 9.307 5
2.464 3.366 9.307 3
2.809 2.949 8.737 1
2.958 2.36 8.397 5
2.958 2.36 8.397 5
2.996 1.929 8.512 5
2.996 1.929 8.512 5
2.996 1.929 8.512 1
2.847 1.934 9.182 4
2.847 1.934 9.182 5
2.852 2.106 9.728 5
2.852 2.106 9.728 4
2.852 2.106 9.728 1
2.79 2.039 10.068 5
2.79 2.039 10.068 6
2.819 1.786 10.293 5
2.819 1.786 10.293 3
2.819 1.786 10.293 1
3.01 1.594 10.097 5
3.01 1.594 10.097 5
3.144 1.565 9.69 5
3.144 1.565 9.69 4
3.144 1.565 9.69 1
2.689 1.307 9.34 5
2.689 1.307 9.34 6
2.254 1.249 9.159 5
2.254 1.249 9.159 3
2.254 1.249 9.159 1
1.689 1.139 9.264 5
1.689 1.139 9.264 6
1.301 0.924 9.336 5
1.301 0.924 9.336 3
1.301 0.924 9.336 2
1.195 0.871 9.173 5
1.195 0.871 9.173 5
1.21 0.842 9.015 5
1.21 0.842 9.015 3
1.21 0.842 9.015 2
1.277 0.972 9.087 5
0.961 0.871 9.69 5
0.961 0.871 9.69 5
0.961 0.871 9.69 3
1.023 1.125 9.786 2
1.023 1.125 9.786 5
1.047 1.259 9.369 5
1.047 1.259 9.369 5
1.047 1.259 9.369 3
0.99 1.297 9.091 2
0.99 1.297 9.091 5
0.827 1.278 8.656 5
0.827 1.278 8.656 5
0.827 1.278 8.656 3
0.501 1.24 8.464 2
0.501 1.24 8.464 5
0.362 1.316 8.416 5
0.362 1.316 8.416 5
0.362 1.316 8.416 3
0.223 1.403 8.641 2
0.223 1.403 8.641 5
0.434 1.479 8.675 5
0.434 1.479 8.675 5
0.434 1.479 8.675 3
0.525 1.292 9.254 2
0.525 1.292 9.254 5
0.654 1.307 9.752 5
0.654 1.307 9.752 5
0.654 1.307 9.752 3
0.855 1.47 10.135 2
0.855 1.47 10.135 5
0.688 1.522 10.327 5
0.688 1.522 10.327 5
0.688 1.522 10.327 3
0.343 1.446 10.327 2
0.343 1.446 10.327 5
0.199 1.561 10.083 5
0.142 1.618 9.776 5
0.142 1.618 9.776 3
0.142 1.618 9.776 2
0.013 1.58 9.633 5
0.013 1.58 9.633 5
-0.039 1.666 9.58 5
-0.039 1.666 9.58 3
-0.039 1.666 9.58 2
0.075 1.771 9.566 5
0.075 1.771 9.566 5
0.147 1.795 9.704 5
0.147 1.795 9.704 3
0.147 1.795 9.704 2
0.262 1.795 9.896 5
0.262 1.795 9.896 5
0.271 1.661 10.15 5
0.271 1.661 10.15 3
0.271 1.661 10.15 2
0.209 1.685 10.293 5
0.209 1.685 10.293 5
0.08 1.814 10.308 5
0.08 1.814 10.308 4
0.08 1.814 10.308 1
-0.096 1.733 10.49 5
-0.096 1.733 10.49 5
-0.125 1.786 10.442 5
-0.125 1.786 10.442 3
-0.125 1.786 10.442 2
-0.135 1.833 10.389 5
-0.135 1.833 10.389 5
-0.235 1.747 10.087 5
-0.235 1.747 10.087 3
-0.235 1.747 10.087 2
-0.254 1.824 9.81 5
-0.058 1.843 9.465 5
-0.058 1.843 9.465 5
-0.058 1.843 9.465 4
0.008 1.819 9.455 1
0.008 1.819 9.455 5
-0.049 1.867 9.498 5
-0.049 1.867 9.498 5
-0.049 1.867 9.498 3
-0.12 1.867 9.633 2
-0.12 1.867 9.633 5
-0.187 1.829 9.518 5
-0.187 1.829 9.518 5
-0.187 1.829 9.518 3
-0.231 1.877 9.551 2
-0.231 1.877 9.551 5
-0.336 1.795 9.503 5
-0.336 1.795 9.503 5
-0.336 1.795 9.503 3
-0.374 1.719 9.503 2
-0.374 1.719 9.503 5
-0.355 1.805 9.398 5
-0.355 1.805 9.398 5
-0.355 1.805 9.398 3
-0.322 1.833 9.498 2
-0.322 1.833 9.498 5
-0.465 1.833 9.714 5
-0.465 1.833 9.714 5
-0.465 1.833 9.714 3
-0.231 1.766 10.126 2
-0.231 1.766 10.126 5
-0.068 1.699 10.351 5
-0.068 1.699 10.351 5
-0.068 1.699 10.351 4
-0.005 1.742 10.404 1
-0.005 1.742 10.404 5
-0.015 1.762 10.351 5
0.084 1.862 9.896 5
0.084 1.862 9.896 3
0.084 1.862 9.896 2
0.228 1.924 9.743 5
0.228 1.924 9.743 5
0.104 1.886 9.762 5
0.104 1.886 9.762 3
0.104 1.886 9.762 2
0.214 2.116 9.848 5
0.214 2.116 9.848 5
0.152 2.197 10.044 5
0.152 2.197 10.044 4
0.152 2.197 10.044 1
-0.092 2.111 9.925 5
-0.092 2.111 9.925 5
-0.178 2.078 10.126 5
-0.178 2.078 10.126 3
-0.178 2.078 10.126 2
-0.034 2.188 10.135 5
-0.034 2.188 10.135 5
-0.034 2.308 10.054 5
-0.034 2.308 10.054 4
-0.034 2.308 10.054 1
-0.159 2.442 9.738 5
-0.159 2.442 9.738 5
-0.365 2.561 9.427 5
-0.365 2.561 9.427 3
-0.365 2.561 9.427 2
0.152 2.513 9.02 5
0.152 2.513 9.02 5
0.281 2.298 9.379 5
0.281 2.298 9.379 3
0.281 2.298 9.379 2
0.348 2.24 9.589 5
0.348 2.24 9.589 5
0.219 2.207 9.747 5
0.219 2.207 9.747 4
0.97 1.972 9.714 1
0.97 1.972 9.714 5
0.563 1.877 9.68 5
0.563 1.877 9.68 5
0.563 1.877 9.68 4
0.506 1.991 9.355 1
0.506 1.991 9.355 5
0.386 2.226 9.408 5
0.386 2.226 9.408 5
0.386 2.226 9.408 4
-0.049 2.288 9.369 1
-0.049 2.288 9.369 5
-0.456 2.451 9.297 5
-0.456 2.451 9.297 5
-0.456 2.451 9.297 4
-0.762 2.604 9.245 1
-0.762 2.604 9.245 5
-0.523 2.686 9.427 5
-0.523 2.686 9.427 5
-0.523 2.686 9.427 4
-0.039 2.777 9.321 1
-0.039 2.777 9.321 5
0.108 2.48 9.465 5
0.108 2.48 9.465 5
0.108 2.48 9.465 4
0.386 2.398 9.479 1
0.386 2.398 9.479 5
0.65 2.336 9.666 5
0.65 2.336 9.666 5
0.65 2.336 9.666 4
0.458 2.509 9.671 1
0.458 2.509 9.671 5
0.582 2.552 9.489 5
0.544 2.715 10.222 5
0.544 2.715 10.222 4
0.544 2.715 10.222 1
-0.288 3.093 9.355 5
-0.288 3.093 9.355 5
-0.456 3.342 8.799 5
-0.456 3.342 8.799 4
-0.456 3.342 8.799 1
-0.954 3.131 9.111 5
-0.954 3.131 9.111 5
-0.824 3.131 9.101 5
-0.824 3.131 9.101 4
-0.824 3.131 9.101 1
-0.451 3.251 8.943 5
-0.451 3.251 8.943 6
-0.298 3.169 8.933 5
-0.298 3.169 8.933 3
-0.298 3.169 8.933 1
-0.02 2.916 8.819 5
-0.02 2.916 8.819 5
-0.077 2.758 9.039 5
-0.077 2.758 9.039 4
-0.077 2.758 9.039 1
0.128 2.762 9.278 5
0.128 2.762 9.278 5
0.118 2.729 9.657 5
0.118 2.729 9.657 4
0.118 2.729 9.657 1
0.113 2.595 9.226 5
0.113 2.595 9.226 5
-0.274 2.633 9.293 5
-0.274 2.633 9.293 4
-0.274 2.633 9.293 2
-0.302 2.667 9.24 4
-0.302 2.667 9.24 5
-0.398 2.571 9.345 5
-0.398 2.571 9.345 4
-0.317 2.523 9.384 2
-0.317 2.523 9.384 4
-0.427 2.418 9.633 6
-0.427 2.418 9.633 5
-0.427 2.418 9.633 3
-0.298 2.446 9.872 1
-0.298 2.446 9.872 5
-0.096 2.422 9.872 5
-0.096 2.422 9.872 5
-0.096 2.422 9.872 4
0.171 2.183 9.886 1
0.171 2.183 9.886 5
0.559 2.197 9.944 5
0.559 2.197 9.944 5
0.559 2.197 9.944 4
0.53 2.303 9.805 1
0.53 2.303 9.805 5
0.257 2.418 9.484 6
0.257 2.418 9.484 5
0.257 2.418 9.484 3
-0.049 2.509 9.202 1
-0.049 2.509 9.202 5
-0.245 2.552 9.168 5
-0.245 2.552 9.168 5
-0.245 2.552 9.168 4
-0.005 2.652 9.182 2
-0.005 2.652 9.182 4
0.195 2.762 9.388 5
0.195 2.762 9.388 5
0.195 2.762 9.388 4
0.051 2.724 9.561 1
0.051 2.724 9.561 5
0.065 2.868 9.609 6
0.065 2.868 9.609 5
0.065 2.868 9.609 3
-0.073 2.791 9.767 1
-0.317 2.432 9.637 5
-0.317 2.432 9.637 5
-0.092 2.719 9.532 5
-0.092 2.719 9.532 4
-0.092 2.719 9.532 1
0.104 2.719 9.618 5
0.104 2.719 9.618 5
0.137 2.772 9.728 5
0.137 2.772 9.728 4
0.137 2.772 9.728 1
-0.02 2.762 9.862 6
-0.02 2.762 9.862 5
-0.02 2.92 10.107 5
-0.02 2.92 10.107 3
-0.02 2.92 10.107 2
-0.101 2.916 9.925 5
-0.101 2.916 9.925 5
-0.221 3.007 9.786 5
-0.221 3.007 9.786 3
-0.221 3.007 9.786 2
-0.317 3.284 9.513 5
-0.317 3.284 9.513 5
-0.757 3.184 9.278 5
-0.757 3.184 9.278 3
-0.757 3.184 9.278 2
-1.284 3.394 9.154 5
-1.284 3.394 9.154 5
-1.217 3.576 9.015 5
-1.217 3.576 9.015 3
-1.217 3.576 9.015 2
-0.949 3.438 9.029 5
-0.949 3.438 9.029 5
-0.513 3.303 9.101 5
-0.513 3.303 9.101 3
-0.513 3.303 9.101 2
-0.35 3.193 9.192 5
-0.436 3.174 9.173 5
-0.436 3.174 9.173 5
-0.436 3.174 9.173 3
-0.441 3.098 9.202 2
-0.441 3.098 9.202 5
-0.369 3.15 9.283 5
-0.369 3.15 9.283 5
-0.369 3.15 9.283 3
-0.36 3.093 9.312 2
-0.36 3.093 9.312 5
-0.465 3.021 9.408 5
-0.465 3.021 9.408 5
-0.465 3.021 9.408 4
-0.489 3.011 9.436 1
-0.489 3.011 9.436 5
-0.465 2.911 9.422 5
-0.465 2.911 9.422 5
-0.465 2.911 9.422 3
-0.331 2.81 9.273 2
-0.331 2.81 9.273 5
-0.389 2.863 9.211 5
-0.389 2.863 9.211 5
-0.389 2.863 9.211 3
-1.385 2.978 5.237 2
-1.385 2.978 5.237 5
-1.274 3.447 6.554 5
-1.274 3.447 6.554 5
-1.274 3.447 6.554 3
-1.897 3.337 8.21 2
-1.897 3.337 8.21 5
-2.098 3.107 9.858 5
-2.098 3.107 9.858 5
-2.098 3.107 9.858 3
-1.806 3.117 10.705 2
-1.643 2.877 10.691 5
-1.643 2.877 10.691 5
-1.552 2.571 10.834 5
-1.552 2.571 10.834 3
-1.552 2.571 10.834 2
-1.203 2.518 10.427 5
-1.203 2.518 10.427 5
-1.136 2.528 9.867 5
-1.136 2.528 9.867 4
-1.136 2.528 9.867 1
-0.719 2.652 9.245 5
-0.719 2.652 9.245 5
-0.877 2.667 8.694 5
-0.877 2.667 8.694 3
-0.877 2.667 8.694 2
-1.078 2.782 8.316 5
-1.078 2.782 8.316 5
-1.035 2.81 8.177 5
-1.035 2.81 8.177 3
-1.035 2.81 8.177 2
-0.978 2.681 8.23 5
-0.978 2.681 8.23 5
-0.81 2.657 8.321 5
-0.81 2.657 8.321 4
-0.81 2.657 8.321 1
-0.853 2.518 8.799 5
-0.853 2.518 8.799 5
-0.978 2.442 9.154 5
-0.978 2.442 9.154 3
-0.978 2.442 9.154 2
-0.978 2.47 9.36 5
-0.978 2.47 9.36 5
-1.078 2.403 9.666 5
-1.078 2.403 9.666 3
-1.078 2.403 9.666 2
-1.016 2.322 10.068 5
-0.882 2.341 10.25 5
-0.882 2.341 10.25 5
-0.882 2.341 10.25 3
-0.661 2.284 10.284 2
-0.661 2.284 10.284 5
-0.571 2.173 10.48 5
-0.571 2.173 10.48 5
-0.571 2.173 10.48 3
-0.283 2.284 10.255 2
-0.283 2.284 10.255 5
-0.183 2.183 10.303 5
-0.183 2.183 10.303 5
-0.183 2.183 10.303 3
-0.24 2.25 10.035 2
-0.24 2.25 10.035 5
-0.35 2.37 9.585 5
-0.35 2.37 9.585 5
-0.35 2.37 9.585 4
-0.446 2.398 9.235 1
-0.446 2.398 9.235 5
-0.499 2.504 8.91 5
-0.499 2.504 8.91 5
-0.499 2.504 8.91 3
-0.661 2.504 9.192 2
-0.661 2.504 9.192 5
-0.326 2.322 9.436 5
-0.326 2.322 9.436 5
-0.326 2.322 9.436 3
-0.053 2.149 10.116 2
-0.053 2.149 10.116 5
0.185 1.9 10.83 5
0.305 1.757 11.38 5
0.305 1.757 11.38 4
0.305 1.757 11.38 1
0.305 1.757 11.38 5
0.492 1.714 11.203 5
0.587 1.747 10.72 5
0.587 1.747 10.72 3
0.587 1.747 10.72 2
0.568 1.723 10.03 5
0.568 1.723 10.03 5
0.223 1.991 9.68 5
0.223 1.991 9.68 4
0.223 1.991 9.68 1
0.008 2.298 9.369 5
0.008 2.298 9.369 5
-0.044 2.183 8.842 5
-0.044 2.183 8.842 3
-0.044 2.183 8.842 2
-0.073 2.063 8.761 5
-0.073 2.063 8.761 5
0.075 2.082 9.082 5
0.075 2.082 9.082 4
0.075 2.082 9.082 1
0.257 2.173 9.321 5
0.257 2.173 9.321 5
0.238 2.073 9.297 5
0.238 2.073 9.297 4
0.238 2.073 9.297 1
0.29 1.958 9.317 5
0.29 1.958 9.317 5
0.31 1.877 9.403 5
0.31 1.877 9.403 4
0.31 1.877 9.403 1
0.357 1.8 9.642 5
0.357 1.8 9.642 5
0.372 1.781 9.977 5
0.372 1.781 9.977 4
0.372 1.781 9.977 1
0.391 1.695 10.231 5
0.468 1.709 10.322 5
0.468 1.709 10.322 5
0.468 1.709 10.322 4
0.357 1.656 10.202 1
0.357 1.656 10.202 5
0.396 1.747 9.872 5
0.396 1.747 9.872 5
0.396 1.747 9.872 4
0.343 1.867 9.695 1
0.343 1.867 9.695 5
0.415 2.078 9.503 5
0.415 2.078 9.503 5
0.415 2.078 9.503 4
0.271 1.968 9.427 1
0.271 1.968 9.427 5
0.276 1.929 9.374 5
0.276 1.929 9.374 5
0.276 1.929 9.374 4
0.367 2.006 9.451 1
0.367 2.006 9.451 5
0.295 1.929 9.522 5
0.295 1.929 9.522 5
0.295 1.929 9.522 4
0.324 1.953 9.733 1
0.324 1.953 9.733 5
0.367 1.891 9.939 5
0.367 1.891 9.939 5
0.367 1.891 9.939 4
0.434 1.862 10.245 1
0.434 1.862 10.245 5
0.391 1.867 10.188 5
0.391 1.867 10.188 5
0.391 1.867 10.188 4
0.223 1.929 9.963 1
0.223 1.929 9.963 5
0.132 1.915 9.891 5
0.137 1.958 9.7 5
0.137 1.958 9.7 4
0.137 1.958 9.7 1
0.104 1.968 9.719 5
0.104 1.968 9.719 5
0.156 2.015 9.747 5
0.156 2.015 9.747 4
0.156 2.015 9.747 1
0.209 1.996 9.7 5
0.209 1.996 9.7 5
0.219 1.953 9.575 5
0.219 1.953 9.575 4
0.219 1.953 9.575 1
0.204 2.006 9.441 5
0.204 2.006 9.441 5
0.204 2.111 9.465 5
0.204 2.111 9.465 4
0.204 2.111 9.465 1
0.185 2.035 9.46 5
0.185 2.035 9.46 5
0.161 2.059 9.657 5
0.161 2.059 9.657 4
0.161 2.059 9.657 1
0.099 2.059 9.69 5
0.099 2.059 9.69 6
0.132 1.996 9.685 5
0.132 1.996 9.685 3
0.132 1.996 9.685 1
0.185 1.929 9.752 5
0.185 1.929 9.752 5
0.166 2.025 9.834 5
0.166 2.025 9.834 4
0.166 2.025 9.834 1
0.175 1.991 9.949 5
0.175 1.991 9.949 5
0.204 1.944 10.006 5
0.204 1.944 10.006 4
0.204 1.953 9.977 1
0.204 1.953 9.977 5
0.156 1.968 9.882 6
0.156 1.968 9.882 5
0.156 1.968 9.882 3
0.142 1.982 9.786 1
0.142 1.982 9.786 5
0.084 1.972 9.733 5
0.084 1.972 9.733 5
0.084 1.972 9.733 4
0.118 1.963 9.633 1
0.118 1.963 9.633 5
0.204 2.044 9.566 5
0.204 2.044 9.566 5
0.204 2.044 9.566 4
0.185 2.073 9.532 1
0.185 2.073 9.532 5
0.113 2.13 9.508 6
0.113 2.13 9.508 5
0.113 2.13 9.508 3
0.152 2.092 9.518 1
0.152 2.092 9.518 5
0.257 2.063 9.446 6
0.257 2.063 9.446 5
0.257 2.063 9.446 3
0.353 2.03 9.589 3
0.353 2.03 9.589 4
0.386 2.087 9.68 5
0.386 2.087 9.68 5
0.386 2.087 9.68 3
0.262 2.111 9.652 2
0.262 2.111 9.652 5
0.199 2.087 9.575 5
0.142 2.154 9.46 5
0.142 2.154 9.46 3
0.142 2.154 9.46 2
0.113 2.183 9.345 5
0.113 2.183 9.345 5
0.204 2.13 9.34 5
0.204 2.13 9.34 3
0.204 2.13 9.34 2
0.171 2.13 9.379 5
0.171 2.13 9.379 5
0.175 2.044 9.398 5
0.175 2.044 9.398 3
0.175 2.044 9.398 2
0.161 2.006 9.455 5
0.161 2.006 9.455 5
0.166 1.929 9.57 5
0.166 1.929 9.57 3
0.166 1.929 9.57 2
0.223 1.944 9.69 5
0.223 1.944 9.69 5
0.156 1.968 9.724 5
0.156 1.968 9.724 3
0.156 1.968 9.724 2
0.032 2.011 9.666 5
0.032 2.011 9.666 5
0.07 2.001 9.786 5
0.07 2.001 9.786 3
0.07 2.001 9.786 2
0.084 2.044 9.838 5
0.084 2.044 9.838 5
0.175 2.059 9.733 5
0.175 2.059 9.733 3
0.175 2.059 9.733 2
0.161 2.054 9.575 5
0.161 2.054 9.575 5
0.19 2.073 9.58 5
0.19 2.073 9.58 4
0.214 2.073 9.838 1
0.214 2.073 9.838 5
0.219 2.082 10.03 5
0.219 2.082 10.03 5
0.219 2.082 10.03 3
0.132 2.092 10.14 2
0.132 2.092 10.14 5
0.142 2.073 10.169 5
0.142 2.073 10.169 5
0.142 2.073 10.169 3
0.266 2.288 9.958 2
0.266 2.288 9.958 5
0.089 2.293 9.815 5
0.089 2.293 9.815 5
0.089 2.293 9.815 3
-0.01 2.312 9.537 2
-0.01 2.312 9.537 5
-0.029 2.341 9.36 5
-0.029 2.341 9.36 5
-0.029 2.341 9.36 3
0.003 2.288 9.226 2
0.003 2.288 9.226 5
0.113 2.264 8.981 5
0.113 2.264 8.981 5
0.113 2.264 8.981 3
0.161 2.231 9.173 2
0.161 2.231 9.173 5
0.223 2.231 9.858 5
0.223 2.231 9.858 5
0.223 2.231 9.858 4
0.199 2.212 10.131 1
0.199 2.212 10.131 5
0.113 2.154 10.006 5
0.113 2.154 10.006 5
0.113 2.154 10.006 3
0.094 2.135 9.719 2
0.094 2.135 9.623 5
0.094 2.135 9.623 5
0.022 2.221 9.647 5
0.022 2.221 9.647 3
0.022 2.221 9.647 2
0.118 2.183 9.599 5
0.118 2.183 9.599 5
0.099 2.231 9.623 5
0.099 2.231 9.623 4
0.099 2.231 9.623 1
0.132 2.173 9.834 5
0.132 2.173 9.834 5
0.104 2.212 9.513 5
0.104 2.212 9.513 3
0.104 2.212 9.513 2
0.013 2.193 9.374 5
0.013 2.193 9.374 5
-0.029 2.269 9.355 5
-0.029 2.269 9.355 3
-0.029 2.269 9.355 2
-0.125 2.293 9.537 5
-0.125 2.293 9.537 5
-0.245 2.403 9.417 5
-0.245 2.403 9.417 3
-0.245 2.403 9.417 2
-0.178 2.389 9.115 5
-0.178 2.389 9.115 5
-0.092 2.408 7.985 5
-0.092 2.408 7.985 3
-0.092 2.408 7.985 2
-1.6 2.681 8.062 5
-1.6 2.681 8.062 5
-1.576 2.964 10.078 5
-1.576 2.964 10.078 3
-0.949 2.782 10.298 2
-0.949 2.782 10.298 5
-0.542 2.451 9.996 5
-0.542 2.451 9.996 5
-0.542 2.451 9.996 4
-0.231 2.274 9.609 1
-0.231 2.274 9.609 5
-0.183 2.24 9.384 5
-0.183 2.24 9.384 5
-0.183 2.24 9.384 3
-0.077 2.341 9.403 2
-0.077 2.341 9.403 5
0.022 2.341 9.135 5
0.022 2.341 9.135 5
0.022 2.341 9.135 4
-0.13 2.303 8.9 1
-0.13 2.303 8.9 5
-0.331 2.384 8.871 5
-0.331 2.384 8.871 5
-0.331 2.384 8.871 4
-0.465 2.398 8.905 1
-0.465 2.398 8.905 5
-0.561 2.327 9.173 5
-0.561 2.327 9.173 5
-0.561 2.327 9.173 3
-0.585 2.274 9.633 2
-0.585 2.274 9.633 5
-0.494 2.164 10.006 5
-0.494 2.164 10.006 5
-0.494 2.164 10.006 4
-0.36 2.049 10.494 1
-0.36 2.049 10.494 5
-0.168 2.001 10.71 5
-0.168 2.001 10.71 5
-0.168 2.001 10.71 4
0.003 1.91 10.676 1
-0.005 1.877 10.514 5
-0.005 1.877 10.514 5
-0.058 1.958 10.341 5
-0.058 1.958 10.341 4
-0.058 1.958 10.341 1
-0.12 2.039 10.064 5
-0.12 2.039 10.064 5
-0.187 2.068 9.642 5
-0.187 2.068 9.642 4
-0.187 2.068 9.642 1
-0.24 2.193 9.513 5
-0.24 2.193 9.513 5
-0.207 2.25 9.264 5
-0.207 2.25 9.264 4
-0.207 2.25 9.264 1
-0.183 2.245 9.293 5
-0.183 2.245 9.293 5
-0.116 2.197 9.312 5
-0.116 2.197 9.312 4
-0.116 2.197 9.312 1
-0.096 2.111 9.403 5
-0.096 2.111 9.403 5
0.003 2.102 9.475 5
0.003 2.102 9.475 4
0.003 2.102 9.475 1
-0.116 2.092 9.599 5
-0.116 2.092 9.599 5
-0.005 1.982 9.776 5
-0.005 1.982 9.776 4
-0.005 1.982 9.776 1
0.051 1.915 10.083 5
0.051 1.915 10.083 5
0.046 1.915 10.15 5
0.046 1.915 10.15 4
0.046 1.915 10.15 1
0.003 1.934 10.226 5
-0.125 1.948 10.145 5
-0.125 1.948 10.145 5
-0.125 1.948 10.145 4
-0.101 1.958 9.944 1
-0.101 1.958 9.944 6
-0.077 1.977 9.714 4
-0.077 1.977 9.714 5
-0.077 1.977 9.714 4
0.051 1.977 9.513 1
0.051 1.977 9.513 5
0.008 1.991 9.498 5
0.008 1.991 9.498 5
0.008 1.991 9.498 4
-0.015 2.001 9.431 1
-0.015 2.001 9.431 5
-0.02 2.044 9.489 5
-0.02 2.044 9.489 5
-0.02 2.044 9.489 4
-0.001 2.039 9.513 1
-0.001 2.039 9.513 5
0.056 2.049 9.46 5
0.056 2.049 9.46 5
0.056 2.049 9.46 4
0.065 2.068 9.393 1
0.065 2.068 9.393 5
0.07 2.02 9.542 5
0.07 2.02 9.542 5
0.07 2.02 9.542 4
-0.015 2.025 9.68 1
-0.015 2.025 9.68 5
0.003 2.011 9.762 6
0.003 2.011 9.762 5
0.003 2.011 9.762 3
0.037 1.996 9.838 1
0.037 1.996 9.838 5
0.08 2.035 9.657 5
0.037 2.044 9.566 5
0.037 2.044 9.566 4
0.037 2.044 9.566 2
0.013 1.987 9.542 4
0.013 1.987 9.542 5
0.008 2.044 9.676 5
0.008 2.044 9.676 4
0.008 2.044 9.676 1

# Completed @Tue Apr 11 08:34:51 GMT+02:00 2017
