# Accelerometer Data File
# Started @Fri Mar 31 10:48:02 GMT+02:00 2017
#
#
# sensor Vendor: Invensense
# sensor Name: ICM20610 Acceleration Sensor
# sensor Resolution: 0.0011971008m/sec^2; Max Range: 39.2266; Min Delay: 5000 microseconds
# The sensor's attributes are the result hardware and the Android capabilities.
# It means that the Android may not utilize all features provided by the hardware.
#
# Some devices and Android versions save battery too much so the device may go to sleep.
# It just happens after couple of minutes from turning off the scree and it is easy to find it out.
#
# The following file provides the data from accelerometer in the m/s^2 format.
# The diff value is just a time delta between the samples
#
#
# data format:
# so we have 4 columns with values separated by the " "
# X Y Z time_from_previous_sample(ms)

# sensor speed set to:FASTEST
# units set to: m/sec^2
# gravity NOT filtered out
# Accuracy: HIGH
0.061 7.0 6.846 0
-0.01 7.0 6.865 4
-0.01 7.0 6.865 5
0.013 7.058 6.827 5
0.013 7.058 6.827 3
0.013 7.058 6.827 2
0.108 7.029 6.76 5
0.108 7.029 6.76 5
0.223 7.268 7.018 5
0.223 7.268 7.018 3
0.223 7.268 7.018 2
0.204 7.254 6.879 5
0.204 7.254 6.879 5
0.065 7.216 6.783 5
0.065 7.216 6.783 3
0.065 7.216 6.783 2
0.104 7.402 6.511 5
0.003 7.522 6.578 5
0.003 7.522 6.578 5
0.003 7.522 6.578 3
-0.073 7.273 6.688 2
-0.073 7.273 6.688 5
-0.13 7.249 6.831 5
-0.13 7.249 6.831 5
-0.13 7.249 6.831 4
-0.058 7.182 6.922 1
-0.058 7.182 6.922 5
-0.096 7.206 6.812 5
-0.096 7.206 6.812 5
-0.096 7.206 6.812 3
-0.202 7.211 6.803 2
-0.202 7.211 6.803 5
-0.168 7.101 6.803 5
-0.168 7.101 6.803 5
-0.168 7.101 6.803 3
-0.144 7.096 6.932 2
-0.144 7.096 6.932 5
-0.001 7.058 6.989 5
-0.001 7.058 6.989 5
-0.001 7.058 6.989 3
0.027 7.019 7.037 2
0.027 7.019 7.037 5
0.017 7.029 6.927 5
0.017 7.029 6.927 5
0.017 7.029 6.927 3
0.089 7.0 7.214 2
0.089 7.0 7.214 5
0.132 7.019 7.19 5
0.152 7.101 7.042 5
0.152 7.101 7.042 3
0.152 7.101 7.042 2
0.046 7.067 6.874 5
0.046 7.067 6.874 5
-0.068 7.082 6.736 5
-0.068 7.082 6.736 3
-0.068 7.082 6.736 2
-0.101 7.034 6.669 5
-0.101 7.034 6.669 5
0.07 7.101 6.803 5
0.07 7.101 6.803 3
0.07 7.101 6.803 2
0.271 7.158 6.908 5
0.271 7.158 6.908 5
0.357 7.158 6.975 5
0.357 7.158 6.975 3
0.357 7.158 6.975 2
0.381 7.287 6.779 5
0.381 7.287 6.779 5
0.381 7.378 6.683 5
0.381 7.378 6.683 4
0.381 7.378 6.683 1
0.333 7.326 6.597 5
0.333 7.326 6.597 5
0.195 7.302 6.611 5
0.195 7.302 6.611 3
0.195 7.302 6.611 2
0.118 7.23 6.582 5
0.199 7.149 6.793 5
0.199 7.149 6.793 5
0.199 7.149 6.793 3
0.353 7.096 6.994 2
0.353 7.096 6.994 5
0.429 7.091 7.028 5
0.429 7.091 7.028 5
0.429 7.091 7.028 3
0.367 7.086 6.922 2
0.367 7.086 6.922 5
0.41 7.168 6.764 5
0.41 7.168 6.764 5
0.41 7.168 6.764 3
0.333 7.163 6.683 2
0.333 7.163 6.683 5
0.228 7.048 6.669 5
0.228 7.048 6.669 5
0.228 7.048 6.669 3
0.132 7.043 6.573 2
0.132 7.043 6.573 5
0.094 6.995 6.716 5
0.094 6.995 6.716 5
0.094 6.995 6.716 3
0.061 6.947 6.76 2
0.061 6.947 6.76 5
0.022 7.0 6.678 5
0.022 7.0 6.678 5
0.022 7.0 6.678 3
0.07 7.005 6.779 2
0.07 7.005 6.779 5
0.118 7.11 6.649 5
0.228 7.225 6.635 5
0.228 7.225 6.635 4
0.228 7.225 6.635 1
0.424 7.369 6.534 5
0.424 7.369 6.534 5
0.539 7.498 6.443 5
0.539 7.498 6.443 4
0.549 7.479 6.506 6
0.549 7.479 6.506 5
0.563 7.359 6.807 5
0.563 7.359 6.807 3
0.563 7.359 6.807 2
0.568 7.254 6.999 5
0.568 7.254 6.999 5
0.515 7.254 7.085 5
0.515 7.254 7.085 4
0.515 7.254 7.085 1
0.434 7.187 7.047 5
0.434 7.187 7.047 5
0.391 7.168 6.975 5
0.391 7.168 6.975 3
0.391 7.168 6.975 2
0.223 7.12 6.841 5
0.223 7.12 6.841 5
0.123 7.034 6.836 5
0.123 7.034 6.836 3
0.123 7.034 6.836 2
0.118 6.991 6.86 5
0.118 6.991 6.86 5
0.209 6.981 6.932 5
0.209 6.981 6.932 4
0.19 6.967 6.951 1
0.19 6.967 6.951 5
0.094 6.928 6.788 5
0.094 6.928 6.788 5
0.094 6.928 6.788 3
-0.005 6.981 6.649 2
-0.005 6.981 6.649 5
-0.01 7.029 6.549 5
-0.01 7.029 6.549 5
-0.01 7.029 6.549 3
0.017 6.995 6.649 2
0.017 6.995 6.649 5
0.022 7.0 6.659 5
0.022 7.0 6.659 5
0.022 7.0 6.659 4
-0.063 7.005 6.692 1
-0.063 7.005 6.692 5
-0.14 7.005 6.573 5
-0.14 7.005 6.573 5
-0.14 7.005 6.573 4
-0.183 7.082 6.496 1
-0.183 7.082 6.496 5
-0.245 7.048 6.511 5
-0.245 7.048 6.511 5
-0.245 7.048 6.511 4
-0.207 7.034 6.491 1
-0.207 7.034 6.491 6
-0.154 7.053 6.63 4
-0.154 7.053 6.63 5
-0.154 7.053 6.63 4
-0.187 7.034 6.688 1
-0.216 6.957 6.894 5
-0.216 6.957 6.894 5
-0.12 6.962 6.774 5
-0.12 6.962 6.774 4
-0.12 6.962 6.774 1
0.017 7.096 6.865 5
0.017 7.096 6.865 5
0.243 7.187 6.793 5
0.243 7.187 6.793 4
0.243 7.187 6.793 1
0.391 7.302 6.798 6
0.391 7.302 6.798 4
0.606 7.45 6.788 5
0.606 7.45 6.788 4
0.606 7.45 6.788 1
0.492 7.316 6.611 5
0.492 7.316 6.611 5
0.396 7.455 6.439 5
0.396 7.455 6.439 4
0.396 7.455 6.439 1
0.209 7.297 6.41 5
0.209 7.297 6.41 5
0.123 7.115 6.807 5
0.123 7.115 6.807 4
0.123 7.115 6.807 1
-0.073 6.909 7.109 6
-0.073 6.909 7.109 4
-0.369 6.665 7.392 5
-0.369 6.665 7.392 4
-0.254 6.607 7.535 1
-0.254 6.607 7.535 5
-0.135 6.698 7.569 5
-0.135 6.698 7.569 5
-0.135 6.698 7.569 5
-0.01 6.804 7.358 1
-0.01 6.804 7.358 4
-0.125 6.842 7.349 5
-0.125 6.842 7.349 5
-0.125 6.842 7.349 4
-0.173 6.837 7.229 1
-0.173 6.837 7.229 6
-0.293 6.823 7.171 4
-0.293 6.823 7.171 5
-0.293 6.823 7.171 5
-0.264 6.823 7.43 1
-0.264 6.823 7.43 4
-0.197 6.622 7.574 5
-0.197 6.622 7.574 5
-0.197 6.622 7.574 4
-0.231 6.799 7.736 1
-0.231 6.799 7.736 5
-0.24 6.646 7.449 5
-0.24 6.646 7.449 5
-0.24 6.646 7.449 4
-0.231 6.756 7.502 1
-0.231 6.756 7.502 6
-0.211 6.722 7.32 4
-0.211 6.722 7.32 5
-0.211 6.722 7.32 4
-0.168 6.785 7.186 1
-0.005 6.856 7.114 5
-0.005 6.856 7.114 5
0.089 6.924 7.214 5
0.089 6.924 7.214 4
0.089 6.924 7.214 1
0.099 6.852 7.363 5
0.099 6.852 7.363 5
0.065 6.88 7.123 5
0.065 6.88 7.123 4
0.065 6.88 7.123 1
-0.111 6.88 6.922 6
-0.111 6.88 6.922 4
-0.164 6.967 6.611 5
-0.164 6.967 6.611 4
-0.164 6.967 6.611 1
-0.14 7.029 6.338 5
-0.14 7.029 6.338 5
-0.14 7.096 6.242 5
-0.14 7.096 6.242 5
-0.14 7.096 6.242 1
-0.116 7.072 6.257 4
-0.116 7.072 6.257 6
-0.005 7.005 6.511 5
-0.005 7.005 6.511 3
-0.005 7.005 6.511 2
0.041 6.967 6.922 5
0.041 6.967 6.922 5
0.037 6.933 6.807 5
0.037 6.933 6.807 3
0.037 6.933 6.807 2
-0.092 6.981 6.669 5
-0.149 7.0 6.353 5
-0.149 7.0 6.353 5
-0.149 7.0 6.353 3
-0.312 6.957 6.367 2
-0.312 6.957 6.367 5
-0.384 6.971 6.372 5
-0.384 6.971 6.372 5
-0.384 6.971 6.372 3
-0.465 6.995 6.238 2
-0.465 6.995 6.238 5
-0.8 6.928 6.29 5
-0.8 6.928 6.29 5
-0.8 6.928 6.29 3
-1.131 6.794 6.228 2
-1.131 6.794 6.228 5
-1.514 6.794 6.214 5
-1.514 6.794 6.214 5
-1.514 6.794 6.214 3
-2.309 6.938 6.266 2
-2.309 6.938 6.266 5
-2.519 6.837 6.041 5
-2.519 6.837 6.041 5
-2.519 6.837 6.041 3
-1.83 7.053 6.783 2
-1.83 7.053 6.783 5
-1.643 6.789 8.282 5
-1.643 6.789 8.282 5
-1.643 6.789 8.282 3
-1.844 6.564 8.842 2
-2.155 6.473 9.436 5
-2.155 6.473 9.436 5
-1.504 6.809 9.302 5
-1.504 6.809 9.302 4
-0.025 7.637 9.987 6
-0.025 7.637 9.987 5
1.837 8.676 10.303 5
1.837 8.676 10.303 3
1.837 8.676 10.303 2
3.049 9.342 11.342 5
3.049 9.342 11.342 5
5.366 10.122 11.965 5
5.366 10.122 11.965 3
5.366 10.122 11.965 2
7.823 11.314 13.334 5
7.823 11.314 13.334 5
10.672 12.521 14.138 5
10.672 12.521 14.138 3
10.672 12.521 14.138 2
13.3 13.235 14.814 5
13.3 13.235 14.814 5
15.297 13.656 15.312 5
15.297 13.656 15.312 3
15.297 13.656 15.312 2
16.197 13.723 14.129 5
16.197 13.723 14.129 5
17.351 13.493 11.596 5
17.351 13.493 11.596 3
17.351 13.493 11.596 2
17.256 12.478 9.01 5
16.763 11.975 6.956 5
16.763 11.975 6.956 5
16.763 11.975 6.956 3
15.901 10.065 3.594 2
15.901 10.065 3.594 5
13.415 7.924 1.578 5
13.415 7.924 1.578 5
13.415 7.924 1.578 3
10.954 6.234 0.314 2
10.954 6.234 0.314 5
10.983 4.793 -1.217 5
10.983 4.793 -1.217 5
10.983 4.793 -1.217 3
11.136 3.074 -1.399 2
11.136 3.074 -1.399 5
10.672 0.995 -2.328 5
10.672 0.995 -2.328 5
10.672 0.995 -2.328 4
7.65 -2.753 -2.151 1
7.65 -2.753 -2.151 5
2.986 -6.406 -1.667 5
2.986 -6.406 -1.667 5
2.986 -6.406 -1.667 3
-1.136 -8.81 -2.141 2
-1.136 -8.81 -2.141 5
-4.349 -10.065 -2.644 5
-4.349 -10.065 -2.644 5
-4.349 -10.065 -2.644 3
-6.599 -10.4 -2.175 2
-6.599 -10.4 -2.175 5
-8.366 -10.002 -2.313 5
-10.961 -9.998 -2.213 5
-10.961 -9.998 -2.213 3
-10.961 -9.998 -2.213 2
-13.763 -10.275 -1.375 5
-13.763 -10.275 -1.375 5
-15.065 -10.05 -1.71 5
-15.065 -10.05 -1.71 3
-15.065 -10.05 -1.71 2
-13.916 -9.208 -0.987 5
-13.916 -9.208 -0.987 5
-13.049 -9.485 2.723 5
-13.049 -9.485 2.723 4
-13.049 -9.485 2.723 1
-12.513 -8.872 4.935 5
-12.513 -8.872 4.935 5
-13.365 -7.876 7.746 5
-13.365 -7.876 7.746 3
-13.365 -7.876 7.746 2
-13.375 -6.397 6.568 5
-13.375 -6.397 6.568 5
-14.787 -6.148 7.387 5
-14.787 -6.148 7.387 3
-14.787 -6.148 7.387 2
-16.631 -6.339 7.832 5
-16.631 -6.339 7.832 5
-17.445 -6.21 8.316 5
-17.445 -6.21 8.316 4
-17.445 -6.21 8.316 1
-16.439 -5.889 10.672 5
-16.439 -5.889 10.672 5
-14.17 -5.032 13.257 5
-14.17 -5.032 13.257 4
-11.143 -3.849 15.604 1
-11.143 -3.849 15.604 5
-9.132 -3.485 18.189 5
-9.132 -3.485 18.189 5
-9.132 -3.485 18.189 3
-5.522 -2.762 22.695 2
-5.522 -2.762 22.695 5
-0.336 -1.283 31.161 5
-0.336 -1.283 31.161 5
-0.336 -1.283 31.161 4
0.741 -0.335 34.992 1
0.741 -0.335 34.992 5
2.958 0.507 34.379 5
2.958 0.507 34.379 5
2.958 0.507 34.379 3
7.229 3.418 32.32 2
7.229 3.418 32.32 5
9.996 5.961 29.236 5
9.996 5.961 29.236 5
9.996 5.961 29.236 3
10.825 7.244 27.465 2
10.825 7.244 27.465 5
8.905 6.354 25.118 5
8.905 6.354 25.118 5
8.905 6.354 25.118 4
6.353 4.965 23.84 1
6.353 4.965 23.84 5
5.084 4.012 22.973 5
6.305 3.538 21.513 5
6.305 3.538 21.513 4
6.305 3.538 21.513 1
10.581 4.582 20.067 5
10.581 4.582 20.067 5
14.79 6.56 17.304 5
14.79 6.56 17.304 4
14.79 6.56 17.304 1
16.389 7.58 14.608 5
16.389 7.58 14.608 5
14.344 7.58 13.401 5
14.344 7.58 13.401 4
14.344 7.58 13.401 1
15.484 6.373 8.388 5
15.484 6.373 8.388 5
14.565 6.335 7.076 5
14.565 6.335 7.076 4
14.565 6.335 7.076 1
13.43 6.148 4.672 5
13.43 6.148 4.672 5
12.439 5.822 1.684 5
12.439 5.822 1.684 4
12.439 5.822 1.684 1
10.657 5.425 -0.556 5
10.657 5.425 -0.556 5
8.325 4.735 -2.093 5
8.325 4.735 -2.093 4
8.325 4.735 -2.093 1
6.448 4.381 -4.2 5
6.448 4.381 -4.2 5
4.921 4.247 -5.373 5
4.921 4.247 -5.373 4
3.633 3.83 -5.479 1
3.633 3.83 -5.479 5
2.335 3.179 -4.401 5
2.335 3.179 -4.401 5
2.335 3.179 -4.401 4
0.836 2.585 -2.816 1
0.836 2.585 -2.816 5
-0.106 2.513 -1.657 5
-0.106 2.513 -1.657 5
-0.106 2.513 -1.657 4
-0.791 2.47 -0.231 1
-0.791 2.47 -0.231 5
-1.049 2.901 0.779 5
-1.049 2.901 0.779 5
-1.049 2.901 0.779 4
-0.958 3.404 1.028 1
-0.958 3.404 1.028 5
-0.882 4.213 1.641 5
-0.882 4.213 1.641 5
-0.882 4.213 1.641 4
-0.551 5.013 2.0 1
-0.551 5.013 2.0 5
-0.417 5.343 2.632 5
-0.417 5.343 2.632 5
-0.417 5.343 2.632 4
-0.882 5.674 3.388 1
-0.882 5.674 3.388 5
-1.466 5.966 3.479 5
-1.164 6.354 2.388 5
-1.164 6.354 2.388 5
-1.164 6.354 2.388 1
-1.567 7.68 3.724 4
-1.567 7.68 3.724 5
-1.15 7.608 3.728 5
-1.15 7.608 3.728 4
-1.15 7.608 3.728 1
-1.078 7.479 4.849 5
-1.078 7.479 4.849 5
-1.073 7.814 6.262 5
-1.073 7.814 6.262 4
-1.073 7.814 6.262 1
-1.361 7.22 6.956 5
-1.361 7.22 6.956 5
-1.868 6.737 7.794 5
-1.868 6.737 7.794 4
-1.868 6.737 7.794 1
-2.203 6.756 7.918 5
-2.203 6.756 7.918 5
-2.184 6.378 8.139 5
-2.184 6.378 8.139 4
-2.184 6.378 8.139 1
-1.432 7.029 7.756 6
-1.432 7.029 7.756 4
-0.192 7.685 7.406 5
-0.192 7.685 7.406 4
-0.192 7.685 7.406 1
0.64 8.422 7.19 5
0.64 8.422 7.19 5
0.779 8.365 7.042 5
0.779 8.365 7.042 4
0.779 8.365 7.042 1
-0.001 8.408 7.296 5
-0.015 8.336 6.214 5
-0.015 8.336 6.214 5
-0.015 8.336 6.214 4
-0.063 8.125 6.453 1
-0.063 8.125 6.453 6
0.199 8.14 6.783 4
0.199 8.14 6.783 5
0.199 8.14 6.783 4
0.362 8.068 7.1 1
0.362 8.068 7.1 5
0.324 7.809 7.277 5
0.324 7.809 7.277 5
0.324 7.809 7.277 5
-0.015 7.843 6.956 1
-0.015 7.843 6.956 5
-0.235 7.781 6.482 5
-0.235 7.781 6.482 5
-0.235 7.781 6.482 3
-0.336 7.896 6.113 2
-0.336 7.896 6.113 5
-0.393 8.025 6.027 5
-0.393 8.025 6.027 5
-0.393 8.025 6.027 3
-0.365 7.92 5.711 2
-0.365 7.92 5.711 5
-0.154 7.943 5.826 5
-0.154 7.943 5.826 5
-0.154 7.943 5.826 3
0.123 7.924 5.845 2
0.592 8.063 6.487 5
0.592 8.063 6.487 5
0.645 7.924 6.616 5
0.645 7.924 6.616 3
0.645 7.924 6.616 2
0.18 7.584 6.851 5
0.18 7.584 6.851 5
-0.149 7.445 6.788 5
-0.149 7.445 6.788 3
-0.149 7.445 6.788 2
-0.235 7.335 6.688 5
-0.235 7.335 6.688 5
-0.341 7.292 6.649 5
-0.341 7.292 6.649 3
-0.341 7.292 6.649 2
-0.345 7.378 6.329 5
-0.345 7.378 6.329 5
-0.48 7.498 6.348 5
-0.48 7.498 6.348 3
-0.48 7.498 6.348 2
-0.278 7.642 5.926 5
-0.278 7.642 5.926 5
-0.274 7.58 6.276 5
-0.274 7.58 6.276 3
-0.274 7.58 6.276 2
-0.111 7.723 6.151 5
-0.111 7.723 6.151 5
-0.135 7.795 6.108 5
-0.135 7.795 6.108 4
-0.135 7.795 6.108 1
-0.087 7.781 6.003 5
0.056 8.025 5.811 5
0.056 8.025 5.811 5
0.056 8.025 5.811 3
-0.178 7.891 5.529 2
-0.178 7.891 5.529 5
0.501 8.317 5.888 5
0.501 8.317 5.888 5
0.501 8.317 5.888 3
0.482 7.987 5.835 2
0.482 7.987 5.835 5
0.286 7.991 6.108 5
0.286 7.991 6.108 5
0.286 7.991 6.108 3
0.171 7.843 6.161 2
0.171 7.843 6.161 5
-0.034 7.771 6.271 5
-0.034 7.771 6.271 5
-0.034 7.771 6.271 3
0.075 7.91 6.032 2
0.075 7.91 6.032 5
0.171 8.082 5.878 5
0.171 8.082 5.878 5
0.171 8.082 5.878 3
0.204 8.183 5.773 2
0.204 8.183 5.773 5
0.123 8.082 5.888 5
0.123 8.082 5.888 5
0.123 8.082 5.888 3
0.113 7.91 5.907 2
0.113 7.91 5.907 5
0.099 7.824 6.204 5
0.223 7.766 6.29 5
0.223 7.766 6.29 3
0.223 7.766 6.29 2
0.333 7.8 6.324 5
0.333 7.8 6.324 5
0.391 7.939 6.161 5
0.391 7.939 6.161 3
0.391 7.939 6.161 2
0.305 7.948 5.855 5
0.305 7.948 5.855 5
0.233 8.001 5.548 5
0.233 8.001 5.548 4
0.233 8.001 5.548 1
0.319 8.087 5.309 5
0.319 8.087 5.309 5
0.482 8.101 5.318 5
0.482 8.101 5.318 4
0.482 8.101 5.318 1
0.535 8.034 5.649 5
0.535 8.034 5.649 5
0.468 7.852 5.701 5
0.468 7.852 5.701 3
0.468 7.852 5.701 2
0.353 7.771 5.615 5
0.353 7.771 5.615 5
0.228 7.671 5.682 5
0.228 7.671 5.682 3
0.228 7.671 5.682 2
0.247 7.623 5.802 5
0.391 7.642 5.912 5
0.391 7.642 5.912 5
0.391 7.642 5.912 3
0.415 7.704 6.013 2
0.415 7.704 6.013 5
0.506 7.57 6.194 5
0.506 7.57 6.194 5
0.506 7.57 6.194 4
0.515 7.647 6.247 1
0.515 7.647 6.247 5
0.396 7.723 6.041 5
0.396 7.723 6.041 5
0.396 7.723 6.041 3
0.29 7.838 5.84 2
0.29 7.838 5.84 5
0.214 7.862 5.797 5
0.214 7.862 5.797 5
0.214 7.862 5.797 3
0.171 7.747 5.792 2
0.171 7.747 5.792 5
0.013 7.704 6.008 5
0.013 7.704 6.008 5
0.013 7.704 6.008 4
0.089 7.675 6.056 1
0.089 7.675 6.056 5
0.041 7.589 6.199 5
-0.01 7.594 6.156 5
-0.01 7.594 6.156 4
-0.01 7.594 6.156 1
-0.01 7.594 6.156 5
-0.01 7.651 6.06 5
0.128 7.79 6.008 5
0.128 7.79 6.008 3
0.128 7.79 6.008 2
0.219 7.896 5.974 5
0.219 7.896 5.974 5
0.18 7.915 5.912 5
0.18 7.915 5.912 4
0.18 7.915 5.912 1
0.152 7.943 5.84 5
0.152 7.943 5.84 5
0.108 7.881 5.979 5
0.108 7.881 5.979 3
0.108 7.881 5.979 2
0.046 7.762 6.171 5
0.046 7.762 6.171 5
-0.005 7.704 6.147 5
-0.005 7.704 6.147 3
-0.005 7.704 6.147 2
0.003 7.685 6.08 5
0.003 7.685 6.08 5
0.046 7.699 5.984 5
0.046 7.699 5.984 4
0.046 7.699 5.984 1
0.19 7.819 5.783 5
0.19 7.819 5.783 5
0.329 7.704 6.084 5
0.329 7.704 6.084 4
0.329 7.704 6.084 1
0.635 7.924 6.008 5
0.635 7.924 6.008 5
0.851 7.982 6.065 5
0.851 7.982 6.065 4
0.827 8.039 5.946 1
0.827 8.039 5.946 6
0.626 7.924 5.878 4
0.626 7.924 5.878 5
0.626 7.924 5.878 4
-0.058 7.886 6.276 1
-0.058 7.886 6.276 5
0.353 7.718 6.108 5
0.353 7.718 6.108 5
0.353 7.718 6.108 4
0.171 7.575 6.276 1
0.171 7.575 6.276 5
0.185 7.733 6.467 5
0.185 7.733 6.467 5
0.185 7.733 6.467 4
0.281 7.747 6.4 1
0.281 7.747 6.4 6
0.219 7.742 6.285 4
0.219 7.742 6.285 5
0.219 7.742 6.285 4
0.137 7.838 6.19 1
0.137 7.838 6.19 5
0.147 7.862 5.965 5
0.147 7.862 5.965 5
0.147 7.862 5.965 5
0.276 7.91 6.084 1
0.276 7.91 6.084 4
0.367 7.939 6.228 5
0.367 7.939 6.228 5
0.367 7.939 6.228 4
0.262 7.857 6.19 1
0.171 7.795 6.099 6
0.171 7.795 6.099 4
0.118 7.742 6.123 5
0.118 7.742 6.123 4
0.118 7.742 6.123 1
0.104 7.752 6.199 5
0.104 7.752 6.199 5
0.061 7.762 6.19 5
0.061 7.762 6.19 4
0.061 7.762 6.19 1
0.094 7.733 6.056 5
0.094 7.733 6.056 5
0.185 7.814 6.06 5
0.185 7.814 6.06 4
0.185 7.814 6.06 1
0.175 7.757 6.223 6
0.175 7.757 6.223 4
0.166 7.651 6.19 5
0.166 7.651 6.19 4
0.166 7.651 6.19 1
0.195 7.752 6.108 5
0.195 7.752 6.108 5
0.305 7.819 5.893 5
0.305 7.819 5.893 5
0.305 7.819 5.893 1
0.377 7.9 5.874 4
0.377 7.9 5.874 5
0.424 7.867 5.902 5
0.424 7.867 5.902 4
0.453 7.852 5.993 1
0.453 7.852 5.993 6
0.415 7.757 6.08 4
0.415 7.757 6.08 5
0.415 7.757 6.08 4
0.405 7.762 6.056 1
0.405 7.762 6.056 5
0.453 7.747 6.194 5
0.453 7.747 6.194 5
0.453 7.747 6.194 4
1.085 8.303 2.488 1
1.085 8.303 2.488 5
0.764 8.935 6.003 5
0.764 8.935 6.003 5
0.764 8.935 6.003 4
1.44 8.015 4.571 2
1.44 8.015 4.571 5
0.769 7.924 6.147 4
0.769 7.924 6.147 5
0.769 7.924 6.147 4
0.343 7.096 6.74 1
0.343 7.096 6.74 5
0.065 6.928 7.353 5
0.065 6.928 7.353 5
0.065 6.928 7.353 4
-0.025 7.249 7.267 2
-0.025 7.249 7.267 5
0.07 7.24 6.549 4
0.07 7.24 6.549 5
0.07 7.24 6.549 4
0.132 7.762 6.252 2
0.314 7.905 5.965 5
0.314 7.905 5.965 5
0.415 8.01 5.835 5
0.415 8.01 5.835 3
0.415 8.01 5.835 2
0.338 8.159 6.046 5
0.338 8.159 6.046 5
0.238 7.819 5.993 5
0.238 7.819 5.993 4
-0.058 7.709 6.099 6
-0.058 7.709 6.099 5
-0.015 7.651 6.194 5
-0.015 7.651 6.194 3
-0.015 7.651 6.194 2
-0.077 7.522 6.233 5
-0.077 7.522 6.233 5
-0.116 7.484 6.496 5
-0.116 7.484 6.496 3
-0.116 7.484 6.496 2
-0.125 7.57 6.175 5
-0.125 7.57 6.175 5
-0.24 7.46 6.233 5
-0.24 7.46 6.233 3
-0.24 7.46 6.233 2
-0.149 7.671 5.922 5
-0.149 7.671 5.922 5
-0.082 7.8 5.677 5
-0.082 7.8 5.677 3
-0.082 7.8 5.677 2
-0.044 7.896 5.558 5
0.104 7.92 5.778 5
0.104 7.92 5.778 5
0.104 7.92 5.778 3
0.137 7.862 6.017 2
0.137 7.862 6.017 5
0.07 7.771 6.156 5
0.07 7.771 6.156 5
0.07 7.771 6.156 3
-0.01 7.738 6.18 2
-0.01 7.738 6.18 5
-0.029 7.699 6.161 5
-0.029 7.699 6.161 5
-0.029 7.699 6.161 3
-0.034 7.747 6.056 2
-0.034 7.747 6.056 5
0.051 7.747 5.969 5
0.051 7.747 5.969 5
0.051 7.747 5.969 3
0.041 7.709 5.969 2
0.041 7.709 5.969 5
0.243 7.833 5.931 5
0.243 7.833 5.931 5
0.243 7.833 5.931 4
0.295 7.838 5.974 1
0.295 7.838 5.974 5
0.243 7.833 5.85 5
0.243 7.833 5.85 5
0.243 7.833 5.85 3
0.195 7.79 5.735 2
0.195 7.79 5.735 5
0.247 7.805 5.744 5
0.3 7.809 5.902 5
0.3 7.809 5.902 3
0.3 7.809 5.902 2
0.271 7.781 5.993 5
0.271 7.781 5.993 5
0.243 7.795 5.912 5
0.243 7.795 5.912 3
0.243 7.795 5.912 2
0.391 7.929 5.845 5
0.391 7.929 5.845 5
0.228 7.9 5.845 5
0.228 7.9 5.845 3
0.228 7.9 5.845 2
0.041 7.824 5.663 5
0.041 7.824 5.663 5
0.008 7.833 5.419 5
0.008 7.833 5.419 3
0.008 7.833 5.419 2
0.132 7.881 5.505 5
0.132 7.881 5.505 5
0.161 7.762 5.831 5
0.161 7.762 5.831 4
0.161 7.762 5.831 1
-0.01 7.642 5.864 5
-0.01 7.642 5.864 5
-0.005 7.637 5.787 5
-0.005 7.637 5.787 3
-0.005 7.637 5.787 2
0.319 7.762 6.051 5
0.377 7.742 6.266 5
0.377 7.742 6.266 5
0.377 7.742 6.266 3
0.252 7.671 6.156 2
0.252 7.671 6.156 5
0.152 7.632 6.252 5
0.152 7.632 6.252 5
0.152 7.632 6.252 4
0.089 7.594 6.338 1
0.089 7.594 6.338 5
0.056 7.651 6.185 5
0.056 7.651 6.185 5
0.056 7.651 6.185 3
0.07 7.709 6.108 2
0.07 7.709 6.108 5
0.137 7.776 6.094 5
0.137 7.776 6.094 5
0.137 7.776 6.094 4
0.271 7.881 6.094 1
0.271 7.881 6.094 5
0.219 7.852 6.041 5
0.219 7.852 6.041 5
0.219 7.852 6.041 3
0.094 7.752 6.036 2
0.094 7.752 6.036 5
-0.049 7.647 6.056 5
-0.049 7.647 6.056 5
-0.049 7.647 6.056 3
-0.01 7.656 6.089 2
-0.01 7.656 6.089 5
0.037 7.656 6.041 5
-0.015 7.68 5.902 5
-0.015 7.68 5.902 4
-0.015 7.68 5.902 1
0.113 7.785 5.874 5
0.113 7.785 5.874 5
0.333 7.833 5.936 5
0.333 7.833 5.936 3
0.333 7.833 5.936 2
0.405 7.872 6.104 5
0.405 7.872 6.104 5
0.276 7.814 6.194 5
0.276 7.814 6.194 3
0.276 7.814 6.194 2
0.147 7.776 6.065 5
0.147 7.776 6.065 5
0.075 7.771 6.127 5
0.075 7.771 6.127 4
0.075 7.771 6.127 1
0.037 7.699 6.3 5
0.037 7.699 6.3 5
0.003 7.69 6.233 5
0.003 7.69 6.233 4
0.003 7.69 6.233 1
0.037 7.718 6.099 5
0.037 7.718 6.099 5
0.113 7.843 5.931 5
0.113 7.843 5.931 4
0.113 7.843 5.931 1
0.08 7.829 5.926 5
0.08 7.829 5.926 5
0.219 7.843 5.888 5
0.219 7.843 5.888 4
0.132 7.829 5.902 1
0.132 7.829 5.902 5
0.094 7.79 5.811 5
0.094 7.79 5.811 5
0.094 7.79 5.811 4
0.108 7.723 5.969 1
0.108 7.723 5.969 5
0.037 7.647 6.084 5
0.037 7.647 6.084 5
0.037 7.647 6.084 4
-0.001 7.714 6.142 1
-0.001 7.714 6.142 5
-0.005 7.632 6.123 5
-0.005 7.632 6.123 5
-0.005 7.632 6.123 4
-0.034 7.56 6.252 1
-0.034 7.56 6.252 5
0.032 7.637 6.305 5
0.032 7.637 6.305 5
0.032 7.637 6.305 4
0.132 7.637 6.276 1
0.132 7.637 6.276 5
0.113 7.718 6.214 5
0.113 7.718 6.214 5
0.113 7.718 6.214 4
0.051 7.795 5.869 1
0.051 7.795 5.869 6
0.022 7.8 5.835 4
0.022 7.8 5.835 5
0.022 7.8 5.835 5
0.051 7.843 5.773 1
0.128 7.69 6.07 4
0.128 7.69 6.07 5
0.247 7.771 6.228 5
0.247 7.771 6.228 5
0.286 7.723 6.247 5
0.286 7.723 6.247 5
0.329 7.742 6.41 5
0.329 7.742 6.41 4
0.329 7.742 6.41 1
0.223 7.723 6.415 6
0.223 7.723 6.415 4
0.132 7.714 6.19 5
0.132 7.714 6.19 4
0.132 7.714 6.19 1
0.032 7.795 6.257 5
0.032 7.795 6.257 5
0.051 7.728 6.194 5
0.051 7.728 6.194 4
0.051 7.728 6.194 1
0.094 7.757 6.08 5
0.094 7.757 6.08 5
0.137 7.771 6.123 5
0.137 7.771 6.123 4
0.137 7.771 6.123 1
0.008 7.709 6.108 6
0.008 7.709 6.108 4
0.013 7.637 5.936 5
0.013 7.637 5.936 4
0.013 7.637 5.936 1
0.094 7.671 6.051 5
0.199 7.752 6.032 5
0.199 7.752 6.032 5
0.199 7.752 6.032 4
0.166 7.694 5.998 1
0.166 7.694 5.998 5
0.247 7.742 5.874 5
0.247 7.742 5.874 5
0.247 7.742 5.874 4
0.247 7.8 5.744 1
0.247 7.8 5.744 6
0.065 7.675 5.792 4
0.065 7.675 5.792 5
0.065 7.675 5.792 4
-0.053 7.493 5.864 1
-0.053 7.493 5.864 5
-0.049 7.484 5.869 5
-0.049 7.484 5.869 5
-0.049 7.484 5.869 5
0.118 7.56 5.922 1
0.118 7.56 5.922 4
0.271 7.699 5.907 5
0.271 7.699 5.907 5
0.271 7.699 5.907 4
0.367 7.781 6.003 1
0.367 7.781 6.003 6
0.271 7.661 6.051 4
0.271 7.661 6.051 5
0.271 7.661 6.051 4
0.123 7.637 6.185 1
0.075 7.584 6.156 5
0.075 7.584 6.156 5
0.065 7.613 6.099 5
0.065 7.613 6.099 4
0.065 7.613 6.099 1
0.065 7.608 6.113 5
0.065 7.608 6.113 5
0.128 7.618 6.113 5
0.128 7.618 6.113 4
0.128 7.618 6.113 1
0.243 7.618 6.214 6
0.243 7.618 6.214 5
0.573 7.862 6.113 5
0.573 7.862 6.113 3
0.573 7.862 6.113 2
0.616 7.9 6.151 4
0.616 7.9 6.151 5
0.544 7.958 6.075 5
0.544 7.958 6.075 4
0.544 7.958 6.075 2
0.63 8.078 5.802 5
0.63 8.078 5.802 5
0.367 8.006 6.113 5
0.367 8.006 6.113 3
0.367 8.006 6.113 2
0.41 7.977 6.065 5
0.41 7.977 6.065 5
0.405 7.967 6.056 5
0.405 7.967 6.056 3
0.405 7.967 6.056 2
1.559 9.102 1.684 5
0.707 8.839 6.372 5
0.707 8.839 6.372 5
0.707 8.839 6.372 4
1.334 7.891 4.926 6
0.463 8.049 5.965 5
0.463 8.049 5.965 5
0.463 8.049 5.965 3
0.161 7.422 6.228 2
0.161 7.422 6.228 5
-0.14 7.364 6.424 5
-0.14 7.364 6.424 5
-0.14 7.364 6.424 3
-0.135 7.503 6.616 2
-0.135 7.503 6.616 5
0.219 7.556 6.3 5
0.219 7.556 6.3 5
0.219 7.556 6.3 3
0.257 7.852 6.156 2
0.257 7.852 6.156 5
0.511 8.049 6.262 5
0.511 8.049 6.262 5
0.511 8.049 6.262 3
0.726 8.068 6.18 2
0.726 8.068 6.18 5
0.726 8.216 6.166 5
0.726 8.216 6.166 5
0.726 8.216 6.166 3
0.535 8.121 6.104 2
0.535 8.121 6.104 5
0.238 7.996 5.998 5
-0.034 7.819 6.127 5
-0.034 7.819 6.127 3
-0.034 7.819 6.127 2
-0.317 7.556 6.305 5
-0.317 7.556 6.305 5
-0.451 7.35 6.515 5
-0.451 7.35 6.515 3
-0.451 7.35 6.515 2
-0.374 7.331 6.539 5
-0.374 7.331 6.539 5
-0.168 7.565 6.534 5
-0.168 7.565 6.534 3
-0.168 7.565 6.534 2
0.032 7.589 6.491 5
0.032 7.589 6.491 5
0.199 7.896 6.137 5
0.199 7.896 6.137 4
0.199 7.896 6.137 1
0.065 7.862 5.831 5
0.065 7.862 5.831 5
-0.039 7.862 5.744 5
-0.039 7.862 5.744 3
-0.039 7.862 5.744 2
-0.029 7.785 5.85 5
-0.029 7.785 5.85 5
-0.077 7.728 5.965 5
-0.077 7.728 5.965 4
-0.077 7.728 5.965 1
-0.01 7.709 6.008 5
-0.01 7.709 6.008 5
-0.039 7.661 6.099 5
-0.039 7.661 6.099 3
0.07 7.675 6.161 2
0.07 7.675 6.161 5
0.171 7.752 5.979 5
0.171 7.752 5.979 5
0.171 7.752 5.979 3
0.142 7.709 6.056 2
0.142 7.709 6.056 5
0.094 7.666 6.065 5
0.094 7.666 6.065 5
0.094 7.666 6.065 3
0.046 7.637 5.926 2
0.046 7.637 5.926 5
0.008 7.661 5.783 5
0.008 7.661 5.783 5
0.008 7.661 5.783 3
0.003 7.632 5.759 2
0.003 7.632 5.759 5
0.051 7.714 5.682 5
0.051 7.714 5.682 5
0.051 7.714 5.682 3
0.137 7.771 5.543 2
0.137 7.771 5.543 5
0.175 7.766 5.864 5
0.175 7.766 5.864 5
0.175 7.766 5.864 4
0.175 7.685 5.821 1
0.175 7.685 5.821 5
0.094 7.637 5.84 5
0.056 7.69 5.941 5
0.056 7.69 5.941 4

# Completed @Fri Mar 31 10:48:06 GMT+02:00 2017
