# Accelerometer Data File
# Started @Fri Mar 31 10:47:48 GMT+02:00 2017
#
#
# sensor Vendor: Invensense
# sensor Name: ICM20610 Acceleration Sensor
# sensor Resolution: 0.0011971008m/sec^2; Max Range: 39.2266; Min Delay: 5000 microseconds
# The sensor's attributes are the result hardware and the Android capabilities.
# It means that the Android may not utilize all features provided by the hardware.
#
# Some devices and Android versions save battery too much so the device may go to sleep.
# It just happens after couple of minutes from turning off the scree and it is easy to find it out.
#
# The following file provides the data from accelerometer in the m/s^2 format.
# The diff value is just a time delta between the samples
#
#
# data format:
# so we have 4 columns with values separated by the " "
# X Y Z time_from_previous_sample(ms)

# sensor speed set to:FASTEST
# units set to: m/sec^2
# gravity NOT filtered out
# Accuracy: HIGH
0.554 6.526 7.281 0
0.554 6.526 7.281 5
0.697 6.517 7.698 5
0.697 6.517 7.698 4
0.697 6.517 7.698 1
0.712 6.521 7.732 5
0.712 6.521 7.732 5
0.611 6.56 7.607 5
0.611 6.56 7.607 3
0.611 6.56 7.607 2
0.401 6.579 7.439 5
0.401 6.579 7.439 5
0.223 6.574 7.248 5
0.223 6.574 7.248 3
0.18 6.607 7.214 2
0.18 6.607 7.214 5
0.142 6.564 7.315 5
0.142 6.564 7.315 5
0.142 6.564 7.315 3
0.199 6.631 7.238 2
0.199 6.631 7.238 5
0.353 6.713 7.368 5
0.353 6.713 7.368 5
0.353 6.713 7.368 3
0.563 6.799 7.55 2
0.563 6.799 7.55 5
0.568 6.833 7.746 5
0.568 6.833 7.746 5
0.568 6.833 7.746 3
0.477 6.646 7.655 2
0.477 6.646 7.655 5
0.271 6.641 7.688 5
0.271 6.641 7.688 5
0.271 6.641 7.688 3
0.175 6.631 7.487 2
0.175 6.631 7.487 5
0.314 6.78 7.387 5
0.314 6.78 7.387 5
0.314 6.78 7.387 3
0.429 6.785 7.272 2
0.429 6.785 7.272 5
0.453 6.785 7.114 5
0.453 6.785 7.114 5
0.453 6.785 7.114 3
0.53 6.737 7.21 2
0.654 6.617 7.339 5
0.654 6.617 7.339 5
0.702 6.521 7.502 5
0.702 6.521 7.502 4
0.702 6.521 7.502 1
0.559 6.493 7.473 5
0.559 6.493 7.473 5
0.511 6.411 7.372 5
0.511 6.411 7.372 3
0.511 6.411 7.372 2
0.525 6.397 7.339 5
0.525 6.397 7.339 5
0.549 6.531 7.157 5
0.549 6.531 7.157 3
0.549 6.531 7.157 2
0.621 6.54 7.009 5
0.621 6.54 7.009 5
0.726 6.607 7.013 5
0.726 6.607 7.013 3
0.726 6.607 7.013 2
0.817 6.607 7.032 5
0.817 6.607 7.032 5
0.769 6.703 6.989 5
0.769 6.703 6.989 4
0.769 6.703 6.989 1
0.86 6.641 6.961 5
0.86 6.641 6.961 5
0.889 6.584 7.253 5
0.889 6.584 7.253 3
0.922 6.655 7.545 2
0.922 6.655 7.545 5
0.985 6.497 7.401 5
0.985 6.497 7.401 5
0.985 6.497 7.401 3
0.827 6.617 7.31 2
0.827 6.617 7.31 5
0.764 6.66 7.143 5
0.764 6.66 7.143 5
0.764 6.66 7.143 3
0.76 6.77 7.013 2
0.76 6.77 7.013 5
0.922 6.924 7.013 5
0.922 6.924 7.013 5
0.922 6.924 7.013 3
1.023 7.01 7.157 2
1.023 7.01 7.157 5
1.057 7.005 7.301 5
1.057 7.005 7.301 5
1.057 7.005 7.301 4
1.013 6.924 7.516 1
1.013 6.924 7.516 5
0.899 6.852 7.554 5
0.899 6.852 7.554 5
0.899 6.852 7.554 3
0.831 6.746 7.53 2
0.831 6.746 7.53 5
0.673 6.627 7.497 5
0.673 6.627 7.497 5
0.673 6.627 7.497 3
0.616 6.545 7.42 2
0.511 6.43 7.66 5
0.511 6.43 7.66 5
0.338 6.32 7.636 5
0.338 6.32 7.636 3
0.338 6.32 7.636 2
0.219 6.22 7.53 5
0.219 6.22 7.53 5
0.171 6.162 7.439 5
0.171 6.162 7.439 3
0.171 6.162 7.439 2
0.286 6.239 7.315 5
0.286 6.239 7.315 5
0.396 6.339 7.167 5
0.396 6.339 7.167 4
0.396 6.339 7.167 1
0.511 6.426 7.037 5
0.511 6.426 7.037 5
0.616 6.502 6.831 5
0.616 6.502 6.831 3
0.616 6.502 6.831 2
0.544 6.564 6.692 5
0.544 6.564 6.692 5
0.401 6.488 6.692 5
0.401 6.488 6.692 3
0.401 6.488 6.692 2
0.372 6.426 6.913 5
0.372 6.426 6.913 5
0.463 6.459 6.927 5
0.463 6.459 6.927 4
0.463 6.459 6.927 1
0.602 6.426 7.143 5
0.65 6.402 7.224 5
0.65 6.402 7.224 5
0.65 6.402 7.224 4
0.492 6.426 7.205 6
0.338 6.382 7.056 5
0.338 6.382 7.056 5
0.338 6.382 7.056 4
0.252 6.454 6.764 1
0.252 6.454 6.764 5
0.18 6.483 6.688 5
0.18 6.483 6.688 5
0.18 6.483 6.688 4
0.209 6.502 6.669 1
0.209 6.502 6.669 5
0.319 6.502 6.716 5
0.319 6.502 6.716 5
0.319 6.502 6.716 4
0.587 6.574 6.87 1
0.587 6.574 6.87 5
0.717 6.627 6.985 5
0.717 6.627 6.985 5
0.717 6.627 6.985 4
0.582 6.483 6.874 1
0.582 6.483 6.874 5
0.357 6.502 6.956 5
0.357 6.502 6.956 5
0.357 6.502 6.956 4
0.314 6.44 6.932 1
0.314 6.44 6.932 5
0.276 6.497 7.095 5
0.295 6.488 7.037 5
0.295 6.488 7.037 4
0.295 6.488 7.037 1
0.295 6.574 7.009 5
0.295 6.574 7.009 5
0.252 6.607 6.961 5
0.252 6.607 6.961 4
0.252 6.607 6.961 1
0.199 6.641 6.798 6
0.199 6.641 6.798 4
0.199 6.603 6.965 5
0.199 6.603 6.965 4
0.199 6.603 6.965 1
0.257 6.737 6.927 5
0.257 6.737 6.927 5
0.171 6.641 7.176 5
0.171 6.641 7.176 4
0.171 6.641 7.176 2
0.305 6.665 7.037 4
0.305 6.665 7.037 5
0.228 6.694 7.32 5
0.228 6.694 7.32 4
0.228 6.694 7.32 1
0.444 6.813 6.951 6
0.444 6.813 6.951 4
0.185 6.967 6.999 5
0.185 6.967 6.999 4
0.185 6.967 6.999 1
0.266 6.761 6.587 5
0.171 6.703 6.86 5
0.171 6.703 6.86 5
0.171 6.703 6.86 4
0.381 6.799 7.176 1
0.381 6.799 7.176 5
0.602 6.679 7.526 5
0.602 6.679 7.526 5
0.602 6.679 7.526 4
1.009 6.766 7.779 1
1.009 6.766 7.779 6
1.238 6.861 7.909 4
1.238 6.861 7.909 5
1.238 6.861 7.909 4
1.176 6.842 7.669 1
1.176 6.842 7.669 5
0.946 6.78 7.521 5
0.946 6.78 7.521 5
0.946 6.78 7.521 4
0.793 6.828 7.301 1
0.793 6.828 7.301 5
0.798 6.904 7.43 5
0.798 6.904 7.43 5
0.798 6.904 7.43 4
0.817 6.914 7.353 1
0.817 6.914 7.353 6
0.808 6.89 7.368 4
0.808 6.89 7.368 5
0.808 6.89 7.368 4
0.841 6.856 7.564 1
0.841 6.856 7.564 5
0.86 6.679 7.76 5
0.966 6.641 7.985 5
0.966 6.641 7.985 5
0.966 6.641 7.985 1
0.889 6.641 8.062 4
0.889 6.641 8.062 5
0.741 6.78 7.655 5
0.741 6.78 7.655 4
0.741 6.78 7.655 1
0.587 6.761 7.286 6
0.587 6.761 7.286 4
0.405 6.761 7.219 5
0.405 6.761 7.219 4
0.405 6.761 7.219 1
0.281 6.675 7.205 5
0.281 6.675 7.205 5
-0.609 6.631 7.621 5
-0.609 6.631 7.621 4
-0.609 6.631 7.621 1
0.448 6.239 6.4 5
0.448 6.239 6.4 5
-0.063 6.301 7.937 5
-0.063 6.301 7.937 4
-0.063 6.301 7.937 1
0.266 6.445 7.296 6
0.266 6.445 7.296 4
0.3 6.473 7.425 5
0.3 6.473 7.425 4
0.3 6.473 7.425 1
0.353 6.598 6.846 5
0.353 6.598 6.846 5
0.266 6.67 6.688 5
0.266 6.67 6.688 4
0.084 6.631 6.554 1
0.084 6.631 6.554 6
0.037 6.574 6.63 5
0.037 6.574 6.63 5
0.037 6.574 6.63 3
0.099 6.579 6.86 2
0.099 6.579 6.86 5
0.219 6.564 6.927 5
0.219 6.564 6.927 5
0.219 6.564 6.927 3
0.29 6.464 7.162 2
0.29 6.464 7.162 5
0.496 6.545 7.511 5
0.496 6.545 7.511 5
0.496 6.545 7.511 4
0.784 6.406 7.224 1
0.784 6.406 7.224 5
0.731 6.722 7.914 5
0.731 6.722 7.914 5
0.731 6.722 7.914 3
0.688 6.727 7.507 2
0.688 6.727 7.507 5
0.573 6.722 7.234 5
0.573 6.722 7.234 5
0.573 6.722 7.234 3
0.329 6.727 7.047 2
0.329 6.727 7.047 5
0.18 6.732 7.171 5
0.18 6.732 7.171 5
0.18 6.732 7.171 3
0.032 6.536 7.167 2
0.037 6.459 7.521 5
0.037 6.459 7.521 5
0.094 6.296 7.732 5
0.094 6.296 7.732 3
0.094 6.296 7.732 2
0.07 6.177 7.918 5
0.07 6.177 7.918 5
0.238 6.335 7.837 5
0.238 6.335 7.837 3
0.238 6.335 7.837 2
0.386 6.397 7.66 5
0.386 6.397 7.66 5
0.396 6.469 7.679 5
0.396 6.469 7.679 3
0.396 6.469 7.679 2
0.314 6.44 7.478 5
0.314 6.44 7.478 5
0.094 6.287 7.54 5
0.094 6.287 7.54 3
0.094 6.287 7.54 2
0.017 6.229 7.483 5
0.017 6.229 7.483 5
0.152 6.277 7.526 5
0.152 6.277 7.526 3
0.152 6.277 7.526 2
0.415 6.402 7.727 5
0.415 6.402 7.727 5
0.539 6.464 7.799 5
0.539 6.464 7.799 5
0.41 6.449 7.636 5
0.171 6.454 7.296 5
0.171 6.454 7.296 5
0.171 6.454 7.296 3
0.166 6.545 7.076 2
0.166 6.545 7.076 5
0.386 6.66 7.205 5
0.386 6.66 7.205 5
0.386 6.66 7.205 3
0.511 6.66 7.387 2
0.511 6.66 7.387 5
0.621 6.698 7.31 5
0.621 6.698 7.31 5
0.621 6.698 7.31 3
0.741 6.698 7.387 2
0.741 6.698 7.387 5
0.621 6.66 7.478 5
0.621 6.66 7.478 5
0.621 6.66 7.478 3
0.492 6.603 7.329 2
0.492 6.603 7.329 5
0.386 6.66 7.171 5
0.386 6.66 7.171 5
0.386 6.66 7.171 3
0.329 6.607 7.009 2
0.329 6.607 7.009 5
0.357 6.588 7.109 5
0.357 6.588 7.109 5
0.357 6.588 7.109 3
0.401 6.569 7.305 2
0.396 6.517 7.372 5
0.396 6.517 7.372 5
0.444 6.526 7.487 5
0.444 6.526 7.487 3
0.444 6.526 7.487 2
0.578 6.449 7.669 5
0.578 6.449 7.669 5
0.544 6.478 7.712 5
0.544 6.478 7.712 3
0.544 6.478 7.712 2
0.549 6.44 7.507 5
0.549 6.44 7.507 5
0.544 6.478 7.449 5
0.544 6.478 7.449 4
0.539 6.55 7.243 6
0.539 6.55 7.243 5
0.472 6.54 7.253 5
0.472 6.54 7.253 3
0.472 6.54 7.253 2
0.405 6.497 7.43 5
0.405 6.497 7.43 5
0.343 6.43 7.344 5
0.343 6.43 7.344 4
0.343 6.43 7.344 1
0.353 6.378 7.569 5
0.353 6.378 7.569 5
0.415 6.339 7.65 5
0.415 6.339 7.65 3
0.415 6.339 7.65 2
0.458 6.253 7.947 5
0.444 6.263 7.976 5
0.444 6.263 7.976 5
0.444 6.263 7.976 3
0.444 6.33 7.631 2
0.444 6.33 7.631 5
0.41 6.421 7.444 5
0.41 6.421 7.444 5
0.41 6.421 7.444 4
0.496 6.536 7.329 1
0.496 6.536 7.329 5
0.559 6.564 7.277 5
0.559 6.564 7.277 5
0.559 6.564 7.277 3
0.606 6.598 7.439 2
0.606 6.598 7.439 5
0.535 6.464 7.492 5
0.535 6.464 7.492 5
0.535 6.464 7.492 3
0.42 6.464 7.444 2
0.42 6.464 7.444 5
0.468 6.459 7.473 5
0.468 6.459 7.473 5
0.468 6.459 7.473 4
0.544 6.531 7.368 1
0.544 6.531 7.368 5
0.812 6.631 7.411 5
0.937 6.679 7.473 5
0.937 6.679 7.473 4
0.937 6.679 7.473 1
0.937 6.679 7.473 5
0.822 6.694 7.291 5
0.664 6.703 7.056 5
0.664 6.703 7.056 4
0.664 6.703 7.056 1
0.635 6.588 7.31 6
0.635 6.588 7.31 4
0.678 6.521 7.32 5
0.678 6.521 7.32 4
0.678 6.521 7.32 1
0.784 6.536 7.425 5
0.784 6.536 7.425 5
0.894 6.488 7.717 5
0.894 6.488 7.717 4
0.894 6.488 7.717 1
0.908 6.526 7.655 5
0.908 6.526 7.655 5
0.808 6.526 7.526 5
0.808 6.526 7.526 4
0.808 6.526 7.526 1
0.669 6.454 7.401 5
0.669 6.454 7.401 5
0.764 6.584 7.128 5
0.764 6.584 7.128 4
0.764 6.584 7.128 1
0.803 6.651 7.133 5
0.803 6.651 7.133 5
0.808 6.593 7.104 5
0.808 6.593 7.104 4
0.808 6.593 7.104 1
0.717 6.473 7.286 5
0.726 6.445 7.21 5
0.726 6.445 7.21 5
0.726 6.445 7.21 4
0.697 6.378 7.286 1
0.697 6.378 7.286 6
0.645 6.339 7.554 4
0.645 6.339 7.554 5
0.645 6.339 7.554 4
0.736 6.358 7.344 1
0.736 6.358 7.344 5
0.702 6.449 7.229 5
0.702 6.449 7.229 5
0.702 6.449 7.229 4
0.697 6.464 7.181 2
0.697 6.464 7.181 4
0.669 6.445 7.243 5
0.669 6.445 7.243 5
0.669 6.445 7.243 4
0.712 6.526 7.133 1
0.712 6.526 7.133 6
0.712 6.44 7.377 4
0.712 6.44 7.377 5
0.712 6.44 7.377 4
0.717 6.339 7.454 1
0.717 6.339 7.454 5
0.621 6.311 7.65 5
0.621 6.311 7.65 5
0.621 6.311 7.65 4
0.487 6.239 7.617 1
0.487 6.239 7.617 5
0.434 6.224 7.583 5
0.401 6.229 7.463 5
0.401 6.229 7.463 4
0.401 6.229 7.463 1
0.372 6.248 7.42 6
0.372 6.248 7.42 4
0.544 6.33 7.416 5
0.544 6.33 7.416 4
0.544 6.33 7.416 1
0.693 6.435 7.416 5
0.693 6.435 7.416 5
0.659 6.459 7.334 5
0.659 6.459 7.334 4
0.659 6.459 7.334 1
0.606 6.435 7.248 5
0.606 6.435 7.248 5
0.525 6.454 7.358 5
0.525 6.454 7.358 4
0.525 6.454 7.358 1
0.477 6.373 7.401 6
0.477 6.373 7.401 4
0.401 6.397 7.353 5
0.401 6.397 7.353 4
0.401 6.397 7.353 2
0.319 6.344 7.32 4
0.319 6.344 7.32 5
0.161 6.325 7.253 5
0.161 6.325 7.253 5
0.161 6.325 7.253 1
0.171 6.358 7.08 4
0.171 6.358 7.08 5
0.175 6.44 7.119 5
0.175 6.44 7.119 4
0.161 6.526 7.119 1
0.161 6.526 7.119 6
0.099 6.545 7.032 4
0.099 6.545 7.032 5
0.099 6.545 7.032 4
-0.412 6.421 6.865 1
-0.412 6.421 6.865 5
-0.92 6.363 6.774 5
-0.92 6.363 6.774 5
-0.92 6.363 6.774 4
-1.49 6.21 6.731 1
-1.49 6.21 6.731 5
-1.916 6.181 6.429 5
-1.916 6.181 6.429 5
-1.916 6.181 6.429 4
-2.366 6.004 6.372 2
-2.366 6.004 6.372 5
-2.764 5.741 6.343 5
-2.764 5.741 6.343 5
-2.764 5.741 6.343 3
-2.821 5.837 6.156 2
-2.821 5.837 6.156 5
-2.926 5.779 6.305 5
-2.926 5.779 6.305 5
-2.926 5.779 6.305 3
-2.874 5.554 6.506 2
-2.874 5.554 6.506 5
-2.601 5.549 6.745 5
-2.601 5.549 6.745 5
-2.601 5.549 6.745 3
-1.155 5.76 6.999 2
1.104 6.703 7.597 5
1.104 6.703 7.597 5
3.216 7.331 7.684 5
3.216 7.331 7.684 3
3.216 7.331 7.684 2
4.897 7.805 8.244 5
4.897 7.805 8.244 5
6.544 7.642 9.135 5
6.544 7.642 9.135 4
6.544 7.642 9.135 1
7.444 8.341 12.87 5
7.444 8.341 12.87 5
15.656 9.734 11.974 5
15.656 9.734 11.974 3
15.656 9.734 11.974 2
19.324 11.458 15.46 5
19.324 11.458 15.46 5
22.992 13.144 16.26 5
22.992 13.144 16.26 3
22.992 13.144 16.26 2
24.137 13.172 15.733 5
24.137 13.172 15.733 5
24.726 13.809 14.828 5
24.726 13.809 14.828 3
24.726 13.809 14.828 2
23.275 12.392 12.281 5
23.275 12.392 12.281 5
20.186 10.548 10.198 5
20.186 10.548 10.198 3
17.806 8.834 8.311 2
17.806 8.834 8.311 5
17.284 7.57 5.84 5
17.284 7.57 5.84 5
17.284 7.57 5.84 3
16.873 6.698 3.609 2
16.873 6.698 3.609 5
16.691 5.568 1.176 5
16.691 5.568 1.176 5
16.691 5.568 1.176 3
15.436 3.873 -0.614 2
15.436 3.873 -0.614 5
13.205 1.359 -1.629 5
13.205 1.359 -1.629 5
13.205 1.359 -1.629 3
11.395 -1.039 -2.457 2
11.395 -1.039 -2.457 5
10.437 -2.533 -3.535 5
10.437 -2.533 -3.535 5
10.437 -2.533 -3.535 3
9.475 -4.515 -4.32 2
9.475 -4.515 -4.32 5
6.932 -7.685 -4.033 5
6.932 -7.685 -4.033 5
6.932 -7.685 -4.033 4
3.853 -9.94 -4.373 1
3.853 -9.94 -4.373 5
1.186 -11.008 -5.143 5
1.186 -11.008 -5.143 5
1.186 -11.008 -5.143 3
-2.917 -12.823 -4.928 2
-8.352 -14.695 -4.009 5
-8.352 -14.695 -4.009 5
-12.144 -15.385 -4.684 5
-12.144 -15.385 -4.684 3
-12.144 -15.385 -4.684 2
-14.878 -15.739 -3.453 5
-14.878 -15.739 -3.453 5
-18.024 -17.305 -1.744 5
-18.024 -17.305 -1.744 3
-18.024 -17.305 -1.744 2
-21.563 -16.558 5.175 5
-21.563 -16.558 5.175 5
-22.358 -14.618 6.266 5
-22.358 -14.618 6.266 3
-22.358 -14.618 6.266 2
-22.43 -12.2 8.948 5
-22.43 -12.2 8.948 5
-22.047 -10.644 10.193 5
-22.047 -10.644 10.193 3
-22.047 -10.644 10.193 2
-21.003 -9.035 10.073 5
-21.003 -9.035 10.073 5
-18.211 -6.919 8.167 5
-18.211 -6.919 8.167 3
-18.211 -6.919 8.167 2
-14.524 -5.683 7.794 5
-14.524 -5.683 7.794 5
-9.214 -4.29 8.407 5
-9.214 -4.29 8.407 3
-9.214 -4.29 8.407 2
-3.348 -2.169 11.601 5
0.377 -1.465 14.847 5
0.377 -1.465 14.847 5
0.377 -1.465 14.847 3
2.646 -1.106 16.585 2
2.646 -1.106 16.585 5
4.911 0.158 23.883 5
4.911 0.158 23.883 5
4.911 0.158 23.883 4
5.519 -0.335 30.204 6
5.203 -0.914 32.775 5
5.203 -0.914 32.775 5
5.203 -0.914 32.775 3
2.574 -0.861 34.753 2
2.574 -0.861 34.753 5
4.701 -1.422 31.324 5
4.701 -1.422 31.324 5
4.701 -1.422 31.324 4
7.061 -0.928 26.923 1
7.061 -0.928 26.923 5
11.399 0.766 20.713 5
11.399 0.766 20.713 5
11.399 0.766 20.713 3
16.351 5.104 17.902 2
16.351 5.104 17.902 5
19.865 9.059 14.277 5
19.865 9.059 14.277 5
19.865 9.059 14.277 3
23.749 13.072 13.368 2
23.749 13.072 13.368 5
23.236 15.773 14.598 5
23.332 13.637 9.221 5
23.332 13.637 9.221 4
23.332 13.637 9.221 1
17.232 9.648 13.487 5
17.232 9.648 13.487 5
13.157 6.89 12.276 5
13.157 6.89 12.276 3
13.157 6.89 12.276 2
9.953 5.061 9.628 5
9.953 5.061 9.628 5
9.115 5.482 6.558 5
9.115 5.482 6.558 3
9.115 5.482 6.558 2
10.241 6.349 4.724 5
10.241 6.349 4.724 5
10.667 6.564 5.787 5
10.667 6.564 5.787 4
10.667 6.564 5.787 1
12.731 5.166 5.031 5
12.731 5.166 5.031 5
12.348 3.988 7.066 5
12.348 3.988 7.066 4
9.738 1.896 6.827 6
9.738 1.896 6.827 5
5.409 -0.22 4.418 5
5.409 -0.22 4.418 3
5.409 -0.22 4.418 2
1.938 0.105 0.362 5
1.602 1.661 -1.839 5
1.602 1.661 -1.839 5
1.602 1.661 -1.839 4
1.899 3.557 -0.949 1
1.899 3.557 -0.949 5
2.541 4.204 -1.088 5
2.541 4.204 -1.088 5
2.541 4.204 -1.088 4
3.135 3.773 0.501 1
3.135 3.773 0.501 5
2.488 3.394 4.059 5
2.488 3.394 4.059 5
2.488 3.394 4.059 4
1.243 2.925 5.682 1
1.243 2.925 5.682 5
-0.058 2.054 5.031 5
-0.058 2.054 5.031 5
-0.058 2.054 5.031 4
-1.04 1.924 5.304 1
-1.04 1.924 5.304 5
-1.246 2.686 4.945 5
-1.246 2.686 4.945 5
-1.246 2.686 4.945 4
-1.107 3.543 3.776 1
-1.107 3.543 3.776 5
-1.217 4.323 3.393 5
-1.217 4.323 3.393 5
-1.217 4.323 3.393 4
-0.843 5.406 3.068 1
-0.843 5.406 3.068 5
-0.288 6.268 3.226 5
0.401 6.986 3.705 5
0.401 6.986 3.705 4
0.401 6.986 3.705 2
0.353 7.465 3.886 4
0.353 7.465 3.886 5
-0.101 7.402 3.987 5
-0.101 7.402 3.987 4
-0.101 7.402 3.987 2
-0.685 6.995 4.734 4
-0.685 6.995 4.734 5
-1.001 6.856 5.189 5
-1.001 6.856 5.189 4
-1.001 6.856 5.189 1
-0.843 6.809 5.495 5
-0.843 6.809 5.495 5
-0.8 6.799 6.391 5
-0.8 6.799 6.391 4
-0.8 6.799 6.391 1
-0.781 6.66 6.98 5
-0.781 6.66 6.98 5
-1.021 6.636 7.353 5
-1.021 6.636 7.353 4
-1.021 6.636 7.353 1
-1.27 6.507 7.267 5
-1.27 6.507 7.267 5
-1.418 6.675 6.879 5
-1.418 6.675 6.879 4
-1.418 6.675 6.879 1
-1.073 7.22 6.793 5
-1.073 7.22 6.793 5
-0.757 7.369 6.798 5
-0.757 7.369 6.798 4
-0.374 7.436 7.052 1
-0.374 7.436 7.052 5
-0.499 7.297 7.554 5
-0.499 7.297 7.554 5
-0.499 7.297 7.554 4
-0.489 7.096 7.818 1
-0.489 7.096 7.818 5
-0.369 7.163 7.808 5
-0.369 7.163 7.808 5
-0.369 7.163 7.808 4
0.104 7.508 7.846 1
0.104 7.508 7.846 6
0.142 7.498 7.914 4
0.142 7.498 7.914 5
0.142 7.498 7.914 4
0.089 7.393 7.751 1
0.089 7.393 7.751 5
0.027 7.489 7.641 5
0.027 7.489 7.641 5
0.027 7.489 7.641 5
0.08 7.603 7.344 1
0.08 7.603 7.344 5
0.185 7.647 7.152 4
0.185 7.647 7.152 5
0.185 7.647 7.152 4
0.195 7.709 6.989 1
0.195 7.709 6.989 6
0.161 7.694 6.803 4
0.161 7.694 6.803 5
0.161 7.694 6.803 4
-0.116 7.541 6.683 1
0.798 7.259 5.735 5
0.798 7.259 5.735 5
-0.523 7.417 7.669 5
-0.523 7.417 7.669 4
-0.523 7.417 7.669 1
0.041 7.201 6.443 5
0.041 7.201 6.443 5
-0.173 7.144 6.932 5
-0.173 7.144 6.932 4
-0.173 7.144 6.932 1
-0.302 6.9 6.946 6
-0.302 6.9 6.946 5
-0.326 6.842 6.989 5
-0.326 6.842 6.989 3
-0.326 6.842 6.989 2
-0.35 6.837 7.109 5
-0.35 6.837 7.109 5
-0.226 7.062 7.042 5
-0.226 7.062 7.042 3
-0.226 7.062 7.042 2
-0.144 7.115 7.114 5
-0.144 7.115 7.114 5
-0.183 6.991 7.21 5
-0.183 6.991 7.21 3
-0.183 6.991 7.21 2
-0.345 6.967 7.224 5
-0.345 6.967 7.224 5
-0.503 6.866 7.1 5
-0.503 6.866 7.1 3
-0.412 7.019 7.037 2
-0.412 7.019 7.037 5
-0.096 7.139 6.941 5
-0.096 7.139 6.941 5
-0.096 7.139 6.941 4
0.128 7.24 7.056 1
0.128 7.24 7.056 5
0.539 7.536 6.846 5
0.539 7.536 6.846 5
0.539 7.536 6.846 3
0.673 7.632 7.023 2
0.673 7.632 7.023 5
0.535 7.498 7.042 5
0.535 7.498 7.042 5
0.535 7.498 7.042 3
0.209 7.206 7.272 2
0.209 7.206 7.272 5
0.094 7.101 7.377 5
0.094 7.101 7.377 5
0.094 7.101 7.377 3
0.166 7.168 7.368 2
0.166 7.168 7.368 5
0.027 7.201 7.071 5
0.027 7.201 7.071 5
0.027 7.201 7.071 3
-0.034 7.211 6.894 2
-0.034 7.211 6.894 5
-0.154 7.273 6.625 5
-0.154 7.273 6.625 5
-0.154 7.273 6.625 3
-0.278 7.264 6.491 2
-0.365 7.22 6.329 5
-0.365 7.22 6.329 5
-0.36 7.244 6.123 5
-0.36 7.244 6.123 3
-0.36 7.244 6.123 2
-0.039 7.431 6.175 5
-0.039 7.431 6.175 5
0.381 7.599 6.166 5
0.381 7.599 6.166 3
0.381 7.599 6.166 2
0.578 7.694 6.18 5
0.578 7.694 6.18 5
0.372 7.536 6.137 5
0.372 7.536 6.137 3
0.372 7.536 6.137 2
0.214 7.369 6.214 5
0.214 7.369 6.214 5
0.204 7.201 6.511 5
0.204 7.201 6.511 4
0.175 7.11 6.515 6
0.175 7.11 6.515 5
-0.01 7.11 6.745 5
-0.01 7.11 6.745 3
-0.01 7.11 6.745 2
-0.049 6.986 6.568 5
-0.049 6.986 6.568 5
-0.187 6.995 6.53 5
-0.187 6.995 6.53 3
-0.187 6.995 6.53 2
-0.187 7.0 6.223 5
-0.034 7.139 6.424 5
-0.034 7.139 6.424 5
-0.034 7.139 6.424 3
0.348 7.201 6.501 2
0.348 7.201 6.501 5
0.664 7.378 6.357 5
0.664 7.378 6.357 5
0.664 7.378 6.357 3
0.592 7.594 6.649 2
0.592 7.594 6.649 5
0.559 7.302 6.654 5
0.559 7.302 6.654 5
0.559 7.302 6.654 3
0.401 7.235 6.783 2
0.401 7.235 6.783 5
-0.254 7.422 7.502 5
-0.254 7.422 7.502 5
-0.254 7.422 7.502 3
0.319 7.369 6.64 2
0.319 7.369 6.64 5
0.104 7.244 6.683 5
0.104 7.244 6.683 5
0.104 7.244 6.683 3
-0.044 7.513 6.324 2
-0.044 7.513 6.324 5
0.013 7.479 5.955 5
0.013 7.479 5.955 5
0.013 7.479 5.955 3
-0.073 7.46 6.08 2
-0.073 7.46 6.08 5
0.022 7.278 6.434 5
0.29 7.302 6.846 5
0.29 7.302 6.846 4
0.65 7.359 6.726 6
0.65 7.359 6.726 5
0.515 7.536 6.803 5
0.515 7.536 6.803 3
0.515 7.536 6.803 2
0.286 7.422 6.563 5
0.286 7.422 6.563 5
0.147 7.331 6.649 5
0.147 7.331 6.649 4
0.147 7.331 6.649 1
0.041 7.283 6.726 5
0.041 7.283 6.726 5
0.041 7.268 6.736 5
0.041 7.268 6.736 3
0.041 7.268 6.736 2
0.027 7.211 6.965 5
0.027 7.211 6.965 5
0.051 7.129 7.085 5
0.051 7.129 7.085 3
0.051 7.129 7.085 2
0.017 7.096 7.157 5
0.017 7.096 7.157 5
-0.044 7.053 7.143 5
-0.044 7.053 7.143 4
-0.044 7.053 7.143 1
-0.144 7.053 7.004 5
-0.226 7.077 6.841 5
-0.226 7.077 6.841 5
-0.226 7.077 6.841 4
-0.13 7.206 6.678 1
-0.13 7.206 6.678 5
-0.01 7.268 6.736 5
-0.01 7.268 6.736 5
-0.01 7.268 6.736 3
-0.034 7.216 6.855 2
-0.034 7.216 6.855 5
-0.149 7.182 6.98 5
-0.149 7.182 6.98 5
-0.149 7.182 6.98 4
-0.278 7.034 7.004 1
-0.278 7.034 7.004 5
-0.317 7.091 7.018 5
-0.317 7.091 7.018 5
-0.317 7.091 7.018 4
-0.298 7.12 6.884 1
-0.298 7.12 6.884 5
-0.254 7.115 6.865 5
-0.254 7.115 6.865 5
-0.254 7.115 6.865 4
-0.202 7.22 6.817 1
-0.202 7.22 6.817 6
-0.135 7.134 6.841 4
-0.135 7.134 6.841 5
-0.135 7.134 6.841 4
-0.02 7.182 6.827 1
-0.02 7.182 6.827 5
0.051 7.244 6.822 5
-0.034 7.244 6.592 5
-0.034 7.244 6.592 4
-0.034 7.244 6.592 1
0.027 7.264 6.602 5
0.027 7.264 6.602 5
0.08 7.297 6.53 5
0.08 7.297 6.53 4
0.08 7.297 6.53 1
0.161 7.417 6.429 6
0.161 7.417 6.429 4
0.228 7.407 6.429 5
0.228 7.407 6.429 4
0.228 7.407 6.429 1
0.07 7.302 6.654 5
0.07 7.302 6.654 5
-0.058 7.216 6.597 5
-0.058 7.216 6.597 4
-0.058 7.216 6.597 1
-0.13 7.249 6.424 5
-0.13 7.249 6.424 5
-0.063 7.264 6.314 5
-0.063 7.264 6.314 4
-0.063 7.264 6.314 1
-0.053 7.287 6.223 6
-0.053 7.287 6.223 4
-0.073 7.273 6.276 5
-0.073 7.273 6.276 4
-0.073 7.273 6.276 1
0.003 7.177 6.568 5
0.003 7.177 6.568 5
0.008 7.216 6.64 5
0.008 7.216 6.64 5
-0.029 7.225 6.678 1
-0.029 7.225 6.678 4
0.152 7.278 6.63 5
0.152 7.278 6.63 5
0.152 7.278 6.63 4
0.228 7.388 6.774 1
0.228 7.388 6.774 6
0.166 7.307 6.783 4
0.166 7.307 6.783 5
0.166 7.307 6.783 4
0.037 7.235 6.851 1
0.037 7.235 6.851 5
-0.058 7.206 6.913 5
-0.058 7.206 6.913 5
-0.058 7.206 6.913 4
-0.092 7.168 6.879 1
-0.092 7.168 6.879 5
-0.159 7.082 6.855 5
-0.159 7.082 6.855 5
-0.159 7.082 6.855 4
-0.12 7.125 6.793 1
-0.12 7.125 6.793 6
0.084 7.23 6.63 4
0.084 7.23 6.63 5
0.084 7.23 6.63 4
0.175 7.244 6.669 1
0.175 7.244 6.669 5
-0.02 7.139 6.625 5
-0.02 7.139 6.625 5
-0.02 7.139 6.625 4
-0.154 7.082 6.534 1
-0.154 7.149 6.558 5
-0.154 7.149 6.558 5
-0.077 7.129 6.539 5
-0.077 7.129 6.539 4
-0.077 7.129 6.539 1
0.013 7.264 6.434 6
0.013 7.264 6.434 4
0.137 7.364 6.372 5
0.137 7.364 6.372 4
0.137 7.364 6.372 1
0.113 7.383 6.381 5
0.113 7.383 6.381 5
0.008 7.297 6.319 5
0.008 7.297 6.319 5
0.008 7.297 6.319 1
-0.077 7.225 6.482 4
-0.077 7.225 6.482 5
-0.073 7.173 6.578 5
-0.073 7.173 6.578 4
-0.073 7.173 6.578 1
-0.082 7.201 6.63 6
-0.082 7.201 6.63 5
0.056 7.22 6.692 5
0.056 7.22 6.692 3
0.056 7.22 6.692 2
0.142 7.283 6.822 5
0.142 7.283 6.822 5
0.075 7.283 6.764 5
0.075 7.283 6.764 3
0.089 7.235 6.764 2
0.089 7.235 6.764 5
0.065 7.201 6.937 5
0.065 7.201 6.937 5
0.065 7.201 6.937 3
0.075 7.196 7.018 2
0.075 7.196 7.018 5
0.046 7.153 6.941 5
0.046 7.153 6.941 5
0.046 7.153 6.941 3
-0.01 7.196 6.884 2
-0.01 7.196 6.884 5
0.07 7.216 6.831 5
0.07 7.216 6.831 5
0.07 7.216 6.831 4
0.056 7.173 7.056 1
0.056 7.173 7.056 5
0.099 7.182 6.918 5
0.099 7.182 6.918 5
0.099 7.182 6.918 3
0.041 7.196 6.851 2
0.041 7.196 6.851 5
-0.02 7.158 6.855 5
-0.02 7.158 6.855 5
-0.02 7.158 6.855 3
-0.12 7.105 6.874 2
-0.12 7.105 6.874 5
-0.068 7.134 6.712 5
0.041 7.225 6.692 5
0.041 7.225 6.692 4
0.041 7.225 6.692 1
0.08 7.201 6.678 5
0.08 7.201 6.678 5
0.07 7.173 6.745 5
0.07 7.173 6.745 3
0.07 7.173 6.745 2
0.075 7.187 6.611 5
0.075 7.187 6.611 5
0.041 7.187 6.774 5
0.041 7.187 6.774 3
0.041 7.187 6.774 2
0.061 7.144 6.831 5
0.061 7.144 6.831 5
0.089 7.129 6.851 5
0.089 7.129 6.851 3
0.089 7.129 6.851 2
0.099 7.211 6.697 5
0.099 7.211 6.697 5
0.147 7.259 6.645 5
0.147 7.259 6.645 3
0.147 7.259 6.645 2
0.099 7.264 6.415 5
0.099 7.264 6.415 5
-0.039 7.23 6.53 5
-0.039 7.23 6.53 3
-0.039 7.23 6.53 2
0.017 7.225 6.42 5
0.017 7.225 6.42 5
0.07 7.168 6.582 5
0.07 7.168 6.582 3
0.07 7.168 6.582 2
0.238 7.216 6.649 5
0.372 7.354 6.63 5
0.372 7.354 6.63 5
0.372 7.354 6.63 3
0.429 7.393 6.587 2
0.429 7.393 6.587 5
0.53 7.441 6.611 5
0.53 7.441 6.611 5
0.53 7.441 6.611 3
0.444 7.35 6.702 2
0.444 7.35 6.702 5
0.338 7.331 6.707 5
0.338 7.331 6.707 5
0.338 7.331 6.707 4
0.166 7.264 6.736 1
0.166 7.264 6.736 5
0.108 7.264 6.616 5
0.108 7.264 6.616 5
0.108 7.264 6.616 3
0.166 7.378 6.511 2
0.166 7.378 6.511 5
0.228 7.383 6.319 5
0.228 7.383 6.319 5
0.228 7.383 6.319 3
0.343 7.426 6.41 2
0.343 7.426 6.41 5
1.205 8.001 4.303 5
1.205 8.001 4.303 5
1.205 8.001 4.303 3
0.927 8.183 6.453 2
0.927 8.183 6.453 5
0.97 7.407 5.96 5
0.29 7.398 6.439 5
0.29 7.398 6.439 3
0.29 7.398 6.439 2
0.056 6.924 6.903 5
0.056 6.924 6.903 5
-0.001 6.77 7.329 5
-0.001 6.77 7.329 3
-0.001 6.77 7.329 2
0.032 6.804 7.621 5
0.032 6.804 7.621 5
0.372 7.015 7.698 5
0.372 7.015 7.698 3
0.372 7.015 7.698 2
0.195 7.149 7.1 5
0.195 7.149 7.1 5
0.003 7.287 6.779 5
0.003 7.287 6.779 3
0.003 7.287 6.779 2
-0.01 7.388 6.487 5
-0.01 7.388 6.487 5
0.147 7.536 6.333 5
0.147 7.536 6.333 4
0.147 7.536 6.333 1
0.171 7.541 6.539 5
0.171 7.541 6.539 5
0.08 7.474 6.611 5
0.08 7.474 6.611 4
0.08 7.474 6.611 1
-0.005 7.474 6.477 5
0.08 7.45 6.573 5
0.08 7.45 6.573 5
0.08 7.45 6.573 3
0.075 7.364 6.702 2
0.075 7.364 6.702 5
0.008 7.259 6.879 5
0.008 7.259 6.879 5
0.008 7.259 6.879 4
-0.005 7.235 6.654 1
-0.005 7.235 6.654 5
-0.02 7.259 6.659 5
-0.02 7.259 6.659 5
-0.02 7.259 6.659 3
-0.077 7.273 6.597 2
-0.077 7.273 6.597 5
-0.01 7.307 6.439 5
-0.01 7.307 6.439 5
-0.01 7.307 6.439 4
0.027 7.35 6.396 1
0.027 7.35 6.396 5
0.147 7.374 6.453 5
0.147 7.374 6.453 5
0.147 7.374 6.453 4
0.252 7.383 6.506 1
0.252 7.383 6.506 5
0.209 7.359 6.549 5
0.209 7.359 6.549 5
0.209 7.359 6.549 4
0.075 7.23 6.568 5
0.075 7.23 6.568 1
-0.01 7.163 6.625 5
-0.082 7.043 6.688 5
-0.082 7.043 6.688 4
-0.082 7.043 6.688 1
-0.087 6.986 6.774 5
-0.087 6.986 6.774 5
-0.058 7.015 6.731 5
-0.058 7.015 6.731 4
-0.058 7.015 6.731 1
0.08 7.029 6.86 5
0.08 7.029 6.86 5
0.147 7.091 6.841 5
0.147 7.091 6.841 5
0.185 7.125 6.812 5
0.185 7.125 6.812 5
0.171 7.11 6.831 5
0.171 7.11 6.831 4
0.171 7.11 6.831 1
0.065 7.149 6.611 5
0.065 7.149 6.611 5
-0.058 7.187 6.506 5
-0.058 7.187 6.506 4
-0.058 7.187 6.506 1
-0.154 7.153 6.424 5
-0.154 7.153 6.424 5
-0.164 7.192 6.424 5
-0.164 7.192 6.424 4
-0.164 7.192 6.424 1
-0.063 7.149 6.511 5
-0.063 7.149 6.511 5
0.075 7.168 6.678 5
0.075 7.168 6.678 4
0.161 7.23 6.673 1
0.161 7.23 6.673 6
0.075 7.211 6.927 4
0.075 7.211 6.927 5
0.075 7.211 6.927 4
0.075 7.12 6.932 1
0.075 7.12 6.932 5
0.037 7.168 6.932 5
0.037 7.168 6.932 5
0.037 7.168 6.932 4
-0.034 7.11 6.922 1
-0.034 7.11 6.922 5
-0.12 7.058 6.975 5
-0.12 7.058 6.975 5
-0.12 7.058 6.975 4
-0.173 7.019 6.97 1
-0.173 7.019 6.97 6
-0.116 6.995 7.004 4
-0.116 6.995 7.004 5
-0.116 6.995 7.004 4
-0.14 7.034 7.1 1
-0.14 7.034 7.1 5
-0.034 7.11 7.042 5
-0.034 7.11 7.042 5
-0.034 7.11 7.042 5
0.128 7.168 6.999 1
0.128 7.168 6.999 4
0.156 7.173 7.004 5
0.156 7.173 7.004 5
0.156 7.173 7.004 4
0.132 7.134 6.989 1
0.147 7.173 6.927 6
0.147 7.173 6.927 4
0.19 7.244 6.803 5
0.19 7.244 6.803 4
0.19 7.244 6.803 1
0.132 7.268 6.578 5
0.132 7.268 6.578 5
0.041 7.211 6.621 5
0.041 7.211 6.621 4
0.041 7.211 6.621 1
-0.015 7.149 6.654 5
-0.015 7.149 6.654 5
0.051 7.153 6.673 5
0.051 7.153 6.673 4
0.051 7.153 6.673 1
0.104 7.173 7.052 6
0.104 7.173 7.052 4
0.065 7.077 6.755 5
0.065 7.077 6.755 4
0.065 7.077 6.755 1
-0.077 7.139 6.788 5
-0.077 7.139 6.788 5
-0.02 7.125 6.534 5
-0.02 7.125 6.534 4
-0.02 7.125 6.534 1
0.046 7.173 6.625 5
0.046 7.173 6.625 5
0.166 7.22 6.621 5
0.166 7.22 6.621 4
0.137 7.259 6.539 1
0.137 7.259 6.539 6
0.084 7.173 6.554 4
0.084 7.173 6.554 5
0.084 7.173 6.554 4
-0.039 7.091 6.707 1
-0.039 7.091 6.707 5
-0.111 6.995 6.678 5
-0.111 6.995 6.678 5
-0.111 6.995 6.678 5
-0.092 7.034 6.726 1
-0.092 7.034 6.726 4
-0.02 7.115 6.649 5
-0.02 7.115 6.649 5
-0.02 7.115 6.649 4
0.037 7.206 6.597 2
0.037 7.206 6.597 5
0.166 7.268 6.654 4
0.166 7.268 6.654 5
0.166 7.268 6.654 5
0.348 7.302 6.712 1
0.348 7.302 6.712 5
0.367 7.287 6.831 5
0.367 7.287 6.831 5
0.367 7.287 6.831 3
0.219 7.254 6.889 2
0.219 7.254 6.889 5
0.104 7.125 6.961 5
0.104 7.125 6.961 5
0.104 7.125 6.961 3
0.017 7.096 6.918 2
-0.058 7.139 6.822 5
-0.058 7.139 6.822 5
-0.01 7.177 6.74 5
-0.01 7.177 6.74 3
-0.01 7.177 6.74 2
-0.02 7.225 6.578 5
-0.02 7.225 6.578 5
0.065 7.235 6.63 5
0.065 7.235 6.63 3
0.065 7.235 6.63 2
0.113 7.264 6.635 5
0.113 7.264 6.635 5
0.128 7.244 6.75 5
0.128 7.244 6.75 3
0.128 7.244 6.75 2
0.223 7.182 6.831 5
0.223 7.182 6.831 5
0.171 7.177 7.023 5
0.171 7.177 7.023 3
0.171 7.177 7.023 2
0.08 7.134 6.951 5
0.08 7.134 6.951 5
-0.068 7.086 6.874 5
-0.068 7.086 6.874 4
-0.144 7.058 6.764 6
-0.144 7.058 6.764 5
-0.149 7.029 6.807 5
-0.149 7.029 6.807 3
-0.149 7.029 6.807 2
-0.073 7.058 6.855 5
0.008 7.077 6.764 5
0.008 7.077 6.764 5
0.008 7.077 6.764 3
-0.01 7.086 6.697 2
-0.01 7.086 6.697 5
0.051 7.096 6.764 5
0.051 7.096 6.764 5
0.051 7.096 6.764 3
0.027 7.091 6.98 2
0.027 7.091 6.98 5
-0.049 7.058 6.913 5
-0.049 7.058 6.913 5
-0.049 7.058 6.913 3
-0.087 7.12 6.827 2
-0.087 7.12 6.827 5
0.003 7.105 6.726 5
0.003 7.105 6.726 5
0.003 7.105 6.726 3
0.056 7.125 6.86 2
0.056 7.125 6.86 5
0.027 7.163 6.779 5
0.027 7.163 6.779 5
0.027 7.163 6.779 3
-0.034 7.182 6.779 2
-0.034 7.182 6.779 5
-0.005 7.201 6.659 5
-0.005 7.201 6.659 5
-0.005 7.201 6.659 3
-0.01 7.149 6.654 2
-0.01 7.149 6.654 5
0.089 7.196 6.683 5
0.271 7.321 6.716 5
0.271 7.321 6.716 3
0.271 7.321 6.716 2
0.377 7.383 6.75 5
0.377 7.383 6.75 5
0.271 7.292 6.702 5
0.271 7.292 6.702 4
0.271 7.292 6.702 1
0.147 7.211 6.74 5
0.147 7.211 6.74 5
0.132 7.115 6.879 5
0.132 7.115 6.879 3
0.132 7.115 6.879 2
0.137 7.115 6.913 5
0.137 7.115 6.913 5
0.07 7.077 6.836 5
0.07 7.077 6.836 3
0.07 7.077 6.836 2
0.003 7.091 6.712 5
0.003 7.091 6.712 5
0.104 7.144 6.783 5
0.104 7.144 6.783 3
0.104 7.144 6.783 2
0.415 7.235 6.726 5
0.415 7.235 6.726 5
0.477 7.35 6.649 5
0.477 7.35 6.649 3
0.477 7.35 6.649 2
0.472 7.393 6.587 5
0.401 7.331 6.645 5
0.401 7.331 6.645 5
0.401 7.331 6.645 4
0.271 7.177 6.764 1
0.271 7.177 6.764 5
0.19 7.038 6.932 5
0.19 7.038 6.932 5
0.19 7.038 6.932 3
0.061 6.976 6.874 2
0.061 6.976 6.874 5
0.017 6.986 6.774 5
0.017 6.986 6.774 5
0.017 6.986 6.774 3
-0.005 7.038 6.554 2
-0.005 7.038 6.554 5
0.046 7.129 6.439 5
0.046 7.129 6.439 5
0.046 7.129 6.439 4
-0.015 7.163 6.415 1
-0.015 7.163 6.415 5
-0.068 7.144 6.448 5
-0.068 7.144 6.448 5
-0.068 7.144 6.448 4
-0.101 7.034 6.592 6
-0.096 7.0 6.731 5
-0.096 7.0 6.731 5
-0.096 7.0 6.731 3
-0.005 7.062 6.678 2
-0.005 7.062 6.678 5
0.07 7.105 6.76 5
0.152 7.144 6.76 5
0.152 7.144 6.76 4
0.152 7.144 6.76 1
0.142 7.153 6.774 5
0.142 7.153 6.774 5
0.099 7.101 6.846 5
0.099 7.101 6.846 4
0.099 7.101 6.846 1
0.094 7.034 7.138 5
0.094 7.034 7.138 5
0.113 7.096 6.788 5
0.113 7.096 6.788 4
0.113 7.096 6.788 1
0.099 7.082 7.08 5
0.099 7.082 7.08 5
0.223 7.115 7.028 5
0.223 7.115 7.028 4
0.223 7.115 7.028 1
0.295 7.201 6.98 5
0.295 7.201 6.98 5
0.357 6.995 4.04 5
0.357 6.995 4.04 4
0.357 6.995 4.04 1
-0.197 8.566 8.871 5
-0.197 8.566 8.871 5
1.191 6.449 5.299 5
1.191 6.449 5.299 4
1.191 6.449 5.299 1
0.228 7.216 6.898 5
0.228 7.216 6.898 5
-0.178 6.588 7.334 5
-0.178 6.588 7.334 4
-0.058 6.306 7.741 1
-0.058 6.306 7.741 5
-0.264 6.526 7.928 5
-0.264 6.526 7.928 5
-0.264 6.526 7.928 4
-0.005 6.627 8.215 1
-0.005 6.627 8.215 5
0.515 6.924 7.918 5
0.515 6.924 7.918 5
0.515 6.924 7.918 4
0.314 7.192 7.463 1
0.314 7.192 7.463 6
0.367 7.311 7.258 4
0.367 7.311 7.258 5
0.367 7.311 7.258 4
0.333 7.412 7.071 1
0.333 7.412 7.071 5
0.281 7.402 7.171 5
0.281 7.402 7.171 5
0.281 7.402 7.171 4
0.132 7.374 7.181 1
0.132 7.374 7.181 5
-0.034 7.153 7.056 5
-0.034 7.153 7.056 5
-0.034 7.153 7.056 4
-0.264 7.043 7.028 1
-0.264 7.043 7.028 6
-0.331 7.005 6.745 4
-0.355 7.043 6.664 5
-0.355 7.043 6.664 4
-0.355 7.043 6.664 1
-0.211 7.077 6.534 5
-0.211 7.077 6.534 5
-0.068 7.187 6.463 5
-0.068 7.187 6.463 4
-0.068 7.187 6.463 1
-0.001 7.201 6.501 5
-0.001 7.201 6.501 5
0.013 7.268 6.386 5
0.013 7.268 6.386 4
0.013 7.268 6.386 1
0.113 7.354 6.329 6
0.113 7.354 6.329 4
0.142 7.407 6.319 5
0.142 7.407 6.319 4
0.142 7.407 6.319 1
0.084 7.316 6.362 5
0.084 7.316 6.362 5
0.041 7.249 6.597 5
0.041 7.249 6.597 5
0.041 7.249 6.597 1
-0.073 7.153 6.712 4
-0.073 7.153 6.712 5
-0.049 7.149 6.76 5
-0.049 7.149 6.76 4
-0.049 7.149 6.76 1
-0.005 7.196 6.812 6
-0.005 7.196 6.812 4
0.094 7.129 6.889 5
0.094 7.129 6.889 4
0.214 7.192 7.018 1
0.214 7.192 7.018 5
0.295 7.292 6.807 5
0.295 7.292 6.807 5
0.295 7.292 6.807 4
0.391 7.455 6.539 1
0.391 7.455 6.539 5
0.271 7.264 6.755 5
0.271 7.264 6.755 5
0.271 7.264 6.755 4
0.247 7.235 6.788 1
0.247 7.235 6.788 6
0.219 7.192 6.961 4
0.219 7.192 6.961 5
0.219 7.192 6.961 4
0.29 7.101 7.028 1
0.29 7.101 7.028 5
0.18 7.086 7.09 5
0.18 7.086 7.09 5
0.18 7.086 7.09 4
0.142 7.038 7.152 1
0.142 7.038 7.152 6
0.08 6.962 7.21 4
0.08 6.962 7.21 5
0.08 6.962 7.21 5
0.003 6.967 7.032 1
0.003 6.967 7.032 5
-0.005 6.986 6.903 4
-0.005 6.986 6.903 5
-0.005 6.986 6.903 4
0.065 7.038 6.774 2
0.228 7.153 6.611 4
0.228 7.153 6.611 6
0.41 7.259 6.683 5
0.41 7.259 6.683 4
0.41 7.259 6.683 1
0.496 7.321 6.578 5
0.496 7.321 6.578 5
0.295 7.292 6.549 5
0.295 7.292 6.549 3
0.295 7.292 6.549 2
0.233 7.201 6.539 5
0.233 7.201 6.539 5
0.233 7.177 6.554 5
0.233 7.177 6.554 3
0.233 7.177 6.554 2
0.29 7.11 6.645 5
0.29 7.11 6.645 5
0.228 7.048 6.635 5
0.228 7.048 6.635 3
0.228 7.048 6.635 2
0.175 7.034 6.64 5
0.175 7.034 6.64 5
0.238 7.043 6.63 5
0.238 7.043 6.63 3
0.238 7.043 6.63 2
0.506 7.173 6.669 5
0.506 7.173 6.669 5
0.673 7.335 6.602 5
0.673 7.335 6.602 3
0.688 7.374 6.563 2
0.688 7.374 6.563 5
0.606 7.469 6.434 5
0.606 7.469 6.434 5
0.606 7.469 6.434 3
0.568 7.517 6.42 2
0.568 7.517 6.42 5
0.501 7.465 6.501 5
0.501 7.465 6.501 5
0.501 7.465 6.501 3
0.554 7.441 6.673 2
0.554 7.441 6.673 5
0.559 7.378 6.736 5
0.559 7.378 6.736 5
0.559 7.378 6.736 3
1.693 8.259 0.846 2
1.693 8.259 0.846 5
0.214 7.8 8.699 5
0.214 7.8 8.699 5
0.214 7.8 8.699 4
1.08 6.584 5.653 1
1.08 6.584 5.653 5
0.147 7.565 6.97 5
0.147 7.565 6.97 5
0.147 7.565 6.97 3
0.295 6.9 6.937 2
0.295 6.9 6.937 5
0.343 7.034 7.047 5
0.343 7.034 7.047 5
0.343 7.034 7.047 3
0.463 7.34 6.898 2
0.281 7.086 7.104 5
0.281 7.086 7.104 5
0.295 7.192 7.023 5
0.295 7.192 7.023 3
0.295 7.192 7.023 2
0.448 7.316 6.946 5
0.448 7.316 6.946 5
0.616 7.513 6.922 5
0.616 7.513 6.922 3
0.616 7.513 6.922 2
0.64 7.556 6.836 5
0.64 7.556 6.836 5
0.31 7.359 6.908 5
0.31 7.359 6.908 3
0.31 7.359 6.908 2
-0.001 7.144 7.004 5
-0.001 7.144 7.004 5
-0.178 7.019 6.965 5
-0.178 7.019 6.965 3
-0.178 7.019 6.965 2
-0.221 6.976 7.018 5
-0.221 6.976 7.018 5
-0.235 7.024 6.86 5
-0.235 7.024 6.86 3
-0.235 7.024 6.86 2
-0.173 7.053 6.807 5
-0.173 7.053 6.807 5
-0.192 7.048 6.702 5
-0.192 7.048 6.702 3
-0.192 7.048 6.702 2
-0.096 7.115 6.764 5
-0.044 7.158 6.769 5
-0.044 7.158 6.769 5
-0.044 7.158 6.769 4
-0.101 7.086 6.879 6
-0.178 7.029 6.994 5
-0.178 7.029 6.994 5
-0.178 7.029 6.994 3
-0.096 7.125 6.989 2
-0.096 7.125 6.989 5
-0.005 7.062 7.066 5
-0.005 7.062 7.066 5
-0.005 7.062 7.066 4
-0.073 7.01 6.985 1
-0.073 7.01 6.985 5
-0.053 7.024 6.922 5
-0.053 7.024 6.922 5
-0.053 7.024 6.922 3
-0.077 7.019 6.855 2
-0.077 7.019 6.855 5
-0.178 6.914 6.812 5
-0.178 6.914 6.812 5
-0.178 6.914 6.812 3
-0.135 6.909 6.831 2
-0.135 6.909 6.831 5
-0.096 6.981 6.731 5
-0.096 6.981 6.731 5
-0.096 6.981 6.731 4
0.008 7.062 6.616 1
0.008 7.062 6.616 5
0.099 7.091 6.702 5
0.104 7.082 6.635 5
0.104 7.082 6.635 3
0.104 7.082 6.635 2
0.152 7.043 6.491 5
0.152 7.043 6.491 5
0.084 7.149 6.487 5
0.084 7.149 6.487 3
0.084 7.149 6.487 2
0.175 7.216 6.276 5
0.175 7.216 6.276 5
0.262 7.292 6.376 5
0.262 7.292 6.376 4
0.262 7.292 6.376 1
0.295 7.278 6.448 5
0.295 7.278 6.448 5
0.333 7.278 6.477 5
0.333 7.278 6.477 4
0.372 7.316 6.429 6
0.372 7.316 6.429 5

# Completed @Fri Mar 31 10:47:55 GMT+02:00 2017
