# Accelerometer Data File
# Started @Thu Mar 30 19:10:15 GMT+02:00 2017
#
#
# sensor Vendor: Invensense
# sensor Name: ICM20610 Acceleration Sensor
# sensor Resolution: 0.0011971008m/sec^2; Max Range: 39.2266; Min Delay: 5000 microseconds
# The sensor's attributes are the result hardware and the Android capabilities.
# It means that the Android may not utilize all features provided by the hardware.
#
# Some devices and Android versions save battery too much so the device may go to sleep.
# It just happens after couple of minutes from turning off the scree and it is easy to find it out.
#
# The following file provides the data from accelerometer in the m/s^2 format.
# The diff value is just a time delta between the samples
#
#
# data format:
# so we have 4 columns with values separated by the " "
# X Y Z time_from_previous_sample(ms)

# sensor speed set to:FASTEST
# units set to: m/sec^2
# gravity NOT filtered out
# Accuracy: HIGH
0.496 7.656 5.979 0
0.496 7.656 5.979 4
0.597 7.699 5.907 5
0.597 7.699 5.907 5
0.597 7.699 5.907 3
0.707 7.781 5.869 2
0.707 7.781 5.869 5
0.764 7.795 5.998 5
0.764 7.795 5.998 5
0.764 7.795 5.998 3
0.908 7.886 6.285 2
0.908 7.886 6.285 5
0.803 7.795 6.448 5
0.745 7.757 6.41 5
0.745 7.757 6.41 3
0.745 7.757 6.41 2
0.774 7.762 6.482 5
0.774 7.762 6.482 5
0.712 7.915 6.429 5
0.712 7.915 6.429 3
0.712 7.915 6.429 2
0.678 7.891 6.295 5
0.678 7.891 6.295 5
0.573 7.848 6.319 5
0.573 7.848 6.319 3
0.573 7.848 6.319 2
0.712 7.929 6.472 5
0.712 7.929 6.472 5
0.836 7.943 6.376 5
0.836 7.943 6.376 3
0.836 7.943 6.376 2
0.903 7.891 6.396 5
0.903 7.891 6.396 5
0.899 7.872 6.218 5
0.899 7.872 6.218 3
0.899 7.872 6.218 2
0.808 7.848 6.252 5
0.808 7.848 6.252 5
0.659 7.8 6.41 5
0.659 7.8 6.41 3
0.659 7.8 6.41 2
0.626 7.556 6.391 5
0.626 7.556 6.391 5
0.673 7.575 6.29 5
0.673 7.575 6.29 3
0.626 7.594 6.147 2
0.626 7.594 6.147 5
0.659 7.536 6.056 5
0.659 7.536 6.056 5
0.659 7.536 6.056 3
0.731 7.503 5.941 2
0.731 7.503 5.941 5
0.889 7.551 5.898 5
0.889 7.551 5.898 5
0.889 7.551 5.898 3
0.86 7.58 6.017 2
0.86 7.58 6.017 5
0.793 7.56 6.123 5
0.793 7.56 6.123 5
0.793 7.56 6.123 3
0.626 7.517 6.242 5
0.626 7.517 6.242 2
0.539 7.508 6.204 5
0.539 7.508 6.204 5
0.539 7.508 6.204 3
0.482 7.46 6.233 2
0.482 7.46 6.233 5
0.535 7.503 6.084 5
0.535 7.503 6.084 5
0.535 7.503 6.084 3
0.597 7.551 6.065 2
0.597 7.551 6.065 5
0.65 7.56 6.099 5
0.65 7.56 6.099 5
0.65 7.56 6.099 3
0.645 7.57 6.132 2
0.563 7.565 6.132 5
0.563 7.565 6.132 5
0.448 7.584 6.099 5
0.448 7.584 6.099 3
0.448 7.584 6.099 2
0.3 7.632 6.108 5
0.3 7.632 6.108 5
0.367 7.642 6.209 5
0.367 7.642 6.209 3
0.367 7.642 6.209 2
0.41 7.671 6.362 5
0.41 7.671 6.362 5
0.42 7.627 6.53 5
0.42 7.627 6.53 3
0.42 7.627 6.53 2
0.367 7.589 6.635 5
0.367 7.589 6.635 5
0.501 7.623 6.64 5
0.501 7.623 6.64 3
0.501 7.623 6.64 2
0.664 7.785 6.64 5
0.664 7.785 6.64 5
0.664 7.958 6.501 5
0.664 7.958 6.501 3
0.664 7.958 6.501 2
0.63 8.054 6.343 5
0.63 8.054 6.343 6
0.539 8.307 6.482 5
0.539 8.307 6.482 2
0.539 8.307 6.482 2
0.195 8.508 6.688 5
-0.341 8.571 7.047 5
-0.341 8.571 7.047 5
-0.341 8.571 7.047 3
-0.829 8.585 7.392 2
-0.829 8.585 7.392 5
-0.963 8.619 7.53 5
-0.963 8.619 7.53 5
-0.963 8.619 7.53 3
-1.246 8.772 7.861 2
-1.246 8.772 7.861 5
-1.523 8.686 8.095 5
-1.523 8.686 8.095 5
-1.523 8.686 8.095 3
-1.744 8.781 8.392 2
-1.744 8.781 8.392 5
-2.069 8.877 8.56 5
-2.069 8.877 8.56 5
-2.069 8.877 8.56 3
-2.395 9.04 8.747 2
-2.395 9.04 8.747 5
-2.668 9.112 9.034 5
-2.668 9.112 9.034 5
-2.668 9.112 9.034 3
-3.161 9.05 9.34 2
-3.161 9.05 9.34 5
-3.76 8.686 9.326 5
-3.76 8.686 9.326 5
-3.76 8.686 9.326 3
-4.205 8.485 9.436 2
-4.205 8.485 9.436 5
-4.21 7.996 9.302 5
-4.416 7.589 9.278 5
-4.416 7.589 9.278 3
-4.416 7.589 9.278 2
-4.66 7.173 9.034 5
-4.66 7.173 9.034 5
-4.875 6.785 8.412 5
-4.875 6.785 8.412 3
-4.875 6.785 8.412 2
-5.177 6.454 7.823 5
-5.177 6.454 7.823 6
-5.479 5.904 7.296 5
-5.479 5.904 7.296 2
-5.479 5.904 7.296 2
-5.656 5.458 6.889 5
-5.656 5.458 6.889 5
-5.838 4.912 6.549 5
-5.838 4.912 6.549 4
-5.838 4.912 6.549 1
-6.187 4.027 5.989 5
-6.187 4.027 5.989 5
-6.81 3.126 5.438 5
-6.81 3.126 5.438 4
-6.81 3.126 5.438 1
-7.332 2.001 4.811 5
-7.332 2.001 4.811 5
-6.977 0.967 4.763 5
-6.977 0.967 4.763 4
-6.977 0.967 4.763 1
-6.427 0.181 5.562 5
-6.427 0.181 5.562 5
-5.78 -0.459 6.051 5
-5.78 -0.459 6.051 4
-4.976 -1.082 5.96 1
-4.976 -1.082 5.96 5
-3.913 -1.537 5.395 6
-3.913 -1.537 5.395 5
-3.913 -1.537 5.395 3
-2.984 -1.805 4.868 1
-2.984 -1.805 4.868 5
-2.333 -2.207 4.437 5
-2.333 -2.207 4.437 5
-2.333 -2.207 4.437 4
-1.629 -2.777 3.719 1
-1.629 -2.777 3.719 5
-0.848 -3.074 2.656 5
-0.848 -3.074 2.656 5
-0.848 -3.074 2.656 4
-0.029 -3.189 2.182 1
-0.029 -3.189 2.182 5
0.597 -3.447 2.555 5
0.597 -3.447 2.555 5
0.597 -3.447 2.555 4
1.171 -3.907 3.168 1
1.171 -3.907 3.168 5
1.746 -4.496 3.925 6
1.746 -4.496 3.925 5
1.746 -4.496 3.925 3
2.823 -4.716 4.528 1
2.823 -4.716 4.528 5
4.327 -4.668 5.261 5
4.327 -4.668 5.261 5
4.327 -4.668 5.261 4
5.357 -4.601 5.845 1
6.63 -4.424 6.309 5
6.63 -4.424 6.309 5
8.0 -3.739 6.975 5
8.0 -3.739 6.975 4
8.0 -3.739 6.975 1
9.589 -2.892 7.66 5
9.589 -2.892 7.66 5
10.791 -1.991 8.335 5
10.791 -1.991 8.335 4
10.791 -1.991 8.335 1
10.892 -1.599 8.392 5
10.892 -1.599 8.392 6
10.94 -1.321 8.201 5
10.94 -1.321 8.201 3
10.94 -1.321 8.201 1
11.51 -0.627 8.321 5
11.51 -0.627 8.321 6
12.678 0.114 8.167 5
12.678 0.114 8.167 3
12.678 0.114 8.167 1
13.99 0.814 8.526 5
13.99 0.814 8.526 5
14.952 1.374 9.623 5
14.952 1.374 9.623 4
14.952 1.374 9.623 1
15.288 1.651 10.681 5
15.288 1.651 10.681 6
15.048 1.685 10.313 5
15.048 1.685 10.313 3
15.048 1.685 10.313 1
15.12 1.948 9.872 5
15.173 2.312 10.198 5
15.173 2.312 10.198 5
15.173 2.312 10.198 4
15.249 2.48 10.064 1
15.249 2.48 10.064 5
15.005 2.643 9.096 6
15.005 2.643 9.096 5
15.005 2.643 9.096 3
14.498 2.619 8.244 1
14.498 2.619 8.244 5
14.22 2.552 7.775 6
14.22 2.552 7.775 5
14.22 2.552 7.775 3
14.364 2.734 7.846 1
14.364 2.734 7.846 5
14.306 2.806 8.019 6
14.306 2.806 8.019 5
14.306 2.806 8.019 3
14.253 2.997 8.354 1
14.253 2.997 8.354 5
14.569 2.92 8.866 6
14.569 2.92 8.866 5
14.569 2.92 8.866 3
15.819 3.002 10.514 1
15.819 3.002 10.514 6
16.964 3.232 12.458 5
16.964 3.232 12.458 5
16.964 3.232 12.458 3
17.304 3.198 13.712 2
17.304 3.198 13.712 5
17.237 3.05 13.382 5
16.719 2.94 12.448 5
16.719 2.94 12.448 3
16.719 2.94 12.448 2
15.996 2.829 11.869 5
15.996 2.829 11.869 5
15.45 2.738 11.514 5
15.45 2.738 11.514 3
15.45 2.738 11.514 2
15.379 2.896 10.796 5
15.379 2.896 10.796 5
15.91 3.418 10.471 5
15.91 3.418 10.471 3
15.91 3.418 10.471 2
16.255 3.792 10.04 5
16.255 3.792 10.04 5
16.087 3.883 9.551 5
16.087 3.883 9.551 3
16.087 3.883 9.551 2
15.647 3.667 8.799 5
15.647 3.667 8.799 5
14.823 3.299 8.268 5
14.823 3.299 8.268 3
14.823 3.299 8.268 2
14.158 2.782 8.067 5
14.158 2.782 8.067 5
13.372 2.379 7.918 5
13.372 2.379 7.918 3
13.372 2.379 7.918 2
12.525 2.044 7.621 5
12.525 2.044 7.621 5
11.864 1.695 7.224 5
11.864 1.695 7.224 3
11.107 1.312 6.855 2
11.107 1.312 6.855 5
10.198 0.718 7.104 5
10.198 0.718 7.104 5
10.198 0.718 7.104 3
9.522 0.354 7.454 2
9.522 0.354 7.454 5
8.507 0.043 7.478 5
8.507 0.043 7.478 5
8.507 0.043 7.478 3
6.965 -0.311 6.961 2
6.965 -0.311 6.961 5
5.237 -0.732 6.166 5
5.237 -0.732 6.166 5
5.237 -0.732 6.166 3
4.432 -0.775 6.329 2
4.432 -0.775 6.329 5
4.495 -0.727 7.507 5
4.495 -0.727 7.507 5
4.495 -0.727 7.507 3
4.839 -0.55 8.584 2
4.839 -0.55 8.584 5
4.657 -0.454 8.996 5
4.657 -0.454 8.996 5
4.657 -0.454 8.996 3
4.126 -0.569 9.211 2
4.126 -0.569 9.211 5
3.513 -0.454 9.192 5
3.513 -0.454 9.192 5
3.513 -0.454 9.192 3
2.728 -0.316 8.622 2
2.076 -0.1 7.803 5
2.076 -0.1 7.803 5
1.559 -0.004 6.98 5
1.559 -0.004 6.98 3
1.559 -0.004 6.98 2
1.871 0.339 6.453 5
1.871 0.339 6.453 5
2.881 1.154 6.008 5
2.881 1.154 6.008 3
2.881 1.154 6.008 2
4.145 1.747 5.878 5
4.145 1.747 5.878 5
5.213 2.293 6.463 5
5.213 2.293 6.463 3
5.213 2.293 6.463 2
5.51 2.509 7.061 5
5.51 2.509 7.061 5
5.002 2.604 7.258 5
5.002 2.604 7.258 3
5.002 2.604 7.258 2
4.011 2.595 6.941 5
4.011 2.595 6.941 5
3.7 2.834 7.281 5
3.7 2.834 7.281 3
3.7 2.834 7.281 2
3.163 2.849 7.597 5
3.163 2.849 7.597 5
2.527 2.786 7.751 5
2.527 2.786 7.751 3
2.527 2.786 7.751 2
2.316 2.916 8.009 5
2.958 3.213 7.985 5
2.958 3.213 7.985 5
2.958 3.213 7.985 3
3.604 3.433 8.043 2
3.604 3.433 8.043 5
3.906 3.62 7.846 5
3.906 3.62 7.846 5
3.906 3.62 7.846 3
3.954 3.907 7.329 2
3.954 3.907 7.329 5
4.303 3.983 6.415 5
4.303 3.983 6.415 5
4.303 3.983 6.415 3
5.151 4.467 6.075 2
5.151 4.467 6.075 5
5.582 4.616 6.616 6
5.582 4.616 6.616 5
5.582 4.616 6.616 2
5.764 4.362 7.396 2
5.764 4.362 7.396 5
5.73 4.141 7.928 5
5.73 4.141 7.928 5
5.73 4.141 7.928 3
5.491 3.869 7.923 2
5.491 3.869 7.923 5
5.079 3.811 7.736 5
5.079 3.811 7.736 5
5.079 3.811 7.736 3
4.61 3.806 7.181 3
4.61 3.806 7.181 4
4.193 4.127 6.812 5
3.968 4.314 6.453 5
3.968 4.314 6.453 4
3.968 4.314 6.453 1
3.934 4.625 6.348 5
3.934 4.625 6.348 5
3.408 4.788 6.338 5
3.408 4.788 6.338 3
3.408 4.788 6.338 2
2.814 4.649 5.898 5
2.814 4.649 5.898 5
2.574 4.611 5.251 5
2.574 4.611 5.251 3
2.574 4.611 5.251 2
2.44 4.807 5.289 5
2.44 4.807 5.289 5
2.402 4.855 5.582 5
2.402 4.855 5.582 3
2.402 4.855 5.582 2
2.153 4.826 5.787 5
2.153 4.826 5.787 5
1.775 4.888 5.778 5
1.775 4.888 5.778 4
1.775 4.888 5.778 1
1.195 4.888 5.424 5
1.195 4.888 5.424 5
0.75 4.826 5.069 5
0.75 4.826 5.069 4
0.75 4.826 5.069 1
0.492 4.865 4.811 5
0.453 4.903 4.897 6
0.453 4.903 4.897 5
0.453 4.903 4.897 3
0.453 4.97 5.074 1
0.453 4.97 5.074 5
0.233 5.056 5.17 5
0.233 5.056 5.17 5
0.233 5.056 5.17 4
-0.149 5.262 4.887 1
-0.149 5.262 4.887 5
-0.25 5.573 4.25 5
-0.25 5.573 4.25 5
-0.25 5.573 4.25 4
-0.077 5.913 4.471 1
-0.077 5.913 4.471 5
0.056 6.09 5.184 6
0.056 6.09 5.184 5
0.056 6.09 5.184 3
-0.178 6.205 5.74 1
-0.178 6.205 5.74 5
-0.709 6.244 5.582 5
-0.709 6.244 5.582 5
-0.709 6.244 5.582 4
-1.432 6.521 5.012 1
-1.432 6.521 5.012 5
-2.189 6.885 4.174 6
-2.189 6.885 4.174 5
-2.189 6.885 4.174 3
-2.644 7.168 3.484 1
-2.644 7.168 3.484 5
-2.912 7.493 3.523 5
-2.912 7.493 3.523 5
-2.912 7.493 3.523 4
-3.123 7.733 3.772 1
-3.271 7.987 4.203 5
-3.271 7.987 4.203 5
-3.353 8.044 4.389 5
-3.353 8.044 4.389 4
-3.353 8.044 4.389 1
-3.137 8.145 4.519 5
-3.137 8.145 4.519 5
-3.037 8.255 5.05 5
-3.037 8.255 5.05 4
-3.037 8.255 5.05 1
-2.989 8.336 5.457 5
-2.989 8.336 5.457 6
-2.907 8.494 5.754 5
-2.907 8.494 5.754 3
-2.907 8.494 5.754 1
-3.214 8.671 5.989 5
-3.214 8.671 5.989 5
-3.367 8.757 5.902 5
-3.367 8.757 5.902 4
-3.367 8.757 5.902 1
-3.563 8.925 5.969 5
-3.563 8.925 5.969 5
-3.64 8.925 6.18 5
-3.64 8.925 6.18 4
-3.64 8.925 6.18 1
-3.578 8.911 6.29 5
-3.578 8.911 6.29 6
-3.386 8.983 6.233 5
-3.386 8.983 6.233 3
-3.386 8.983 6.233 1
-3.199 9.016 6.434 5
-2.893 8.734 6.76 6
-2.893 8.734 6.76 5
-2.893 8.734 6.76 3
-2.529 8.556 7.459 1
-2.529 8.556 7.459 5
-2.299 8.36 8.081 6
-2.299 8.36 8.081 5
-2.299 8.36 8.081 3
-2.16 8.049 8.335 1
-2.16 8.049 8.335 5
-2.117 7.838 8.574 5
-2.117 7.838 8.574 5
-2.117 7.838 8.574 4
-2.031 7.651 8.421 1
-2.031 7.651 8.421 5
-1.873 7.675 8.091 6
-1.873 7.675 8.091 5
-1.873 7.675 8.091 3
-1.681 7.642 7.674 1
-1.681 7.642 7.674 5
-1.365 7.699 7.21 5
-1.365 7.699 7.21 5
-1.365 7.699 7.21 4
-1.016 7.762 7.162 1
-1.016 7.762 7.162 5
-0.638 7.785 7.147 6
-0.638 7.785 7.147 5
-0.638 7.785 7.147 3
-0.35 7.714 7.253 1
-0.35 7.714 7.253 5
-0.13 7.632 7.492 6
-0.125 7.541 7.732 5
-0.125 7.541 7.732 3
-0.125 7.541 7.732 2
-0.379 7.46 7.602 5
-0.379 7.46 7.602 5
-0.551 7.393 6.879 5
-0.551 7.393 6.879 3
-0.551 7.393 6.879 2
-0.566 7.613 6.381 5
-0.566 7.613 6.381 5
-0.537 7.742 5.979 5
-0.537 7.742 5.979 3
-0.537 7.742 5.979 2
-0.47 7.91 5.553 5
-0.47 7.91 5.553 5
-0.537 7.896 5.266 5
-0.537 7.896 5.266 3
-0.537 7.896 5.266 2
-0.537 7.867 5.371 5
-0.537 7.867 5.371 5
-0.527 7.747 5.548 5
-0.527 7.747 5.548 3
-0.527 7.747 5.548 2
-0.575 7.623 5.61 5
-0.575 7.623 5.61 5
-0.594 7.503 5.744 5
-0.594 7.503 5.744 3
-0.594 7.503 5.744 2
-0.523 7.398 5.673 5
-0.523 7.398 5.673 5
-0.594 7.321 5.792 5
-0.594 7.321 5.792 3
-0.638 7.292 5.629 2
-0.638 7.292 5.629 5
-0.527 7.331 5.385 5
-0.527 7.331 5.385 5
-0.527 7.331 5.385 3
-0.159 7.508 5.203 2
-0.159 7.508 5.203 5
0.075 7.647 5.395 5
0.075 7.647 5.395 5
0.075 7.647 5.395 3
0.223 7.637 5.625 2
0.223 7.637 5.625 5
0.247 7.651 5.744 5
0.247 7.651 5.744 5
0.247 7.651 5.744 3
0.18 7.546 5.907 2
0.18 7.546 5.907 5
0.041 7.551 6.065 5
0.041 7.551 6.065 5
0.041 7.551 6.065 3
-0.034 7.441 6.036 2
-0.034 7.441 6.036 5
0.003 7.441 6.075 5
0.003 7.441 6.075 5
0.003 7.441 6.075 3
-0.111 7.45 6.127 2
-0.111 7.45 6.127 5
-0.154 7.417 6.051 5
-0.154 7.417 6.051 5
-0.154 7.417 6.051 3
-0.044 7.556 5.811 2
-0.073 7.718 5.725 5
-0.073 7.718 5.725 5
0.065 7.704 5.744 5
0.065 7.704 5.744 3
0.065 7.704 5.744 2
0.333 7.675 6.147 5
0.333 7.675 6.147 5
0.444 7.613 6.515 5
0.444 7.613 6.515 3
0.444 7.613 6.515 2
0.353 7.422 6.678 5
0.353 7.422 6.678 5
0.137 7.302 6.649 5
0.137 7.302 6.649 3
0.137 7.302 6.649 2
-0.111 7.278 6.606 5
-0.111 7.278 6.606 5
-0.187 7.235 6.458 5
-0.187 7.235 6.458 3
-0.187 7.235 6.458 2
-0.178 7.244 6.3 5
-0.178 7.244 6.3 5
-0.125 7.407 6.204 5
-0.125 7.407 6.204 3
-0.125 7.407 6.204 2
-0.044 7.546 6.194 5
-0.044 7.546 6.194 5
-0.068 7.513 6.185 5
-0.068 7.513 6.185 3
-0.068 7.513 6.185 2
-0.116 7.56 6.343 5
0.027 7.58 6.29 5
0.027 7.58 6.29 5
0.027 7.58 6.29 3
0.084 7.647 6.285 2
0.084 7.647 6.285 5
0.123 7.603 6.343 5
0.123 7.603 6.343 5
0.123 7.603 6.343 3
0.137 7.58 6.41 2
0.137 7.58 6.41 5
0.128 7.527 6.501 5
0.128 7.527 6.501 5
0.128 7.527 6.501 3
0.137 7.484 6.472 2
0.137 7.484 6.472 5
0.19 7.589 6.329 5
0.19 7.589 6.329 5
0.19 7.589 6.329 3
0.214 7.603 6.223 2
0.214 7.603 6.223 5
0.353 7.718 6.075 5
0.353 7.718 6.075 5
0.353 7.718 6.075 3
0.496 7.833 6.06 2
0.496 7.833 6.06 5
0.458 7.881 6.166 5
0.458 7.881 6.166 5
0.458 7.881 6.166 3
0.42 7.896 6.319 2
0.42 7.896 6.319 5
0.535 7.857 6.329 5
0.582 7.924 6.434 5
0.582 7.924 6.434 3
0.582 7.924 6.434 2
0.645 7.896 6.501 5
0.645 7.896 6.501 6
0.616 7.848 6.348 5
0.616 7.848 6.348 2
0.616 7.848 6.348 2
0.678 7.838 6.223 5
0.678 7.838 6.223 5
0.626 7.637 6.429 5
0.626 7.637 6.429 3
0.626 7.637 6.429 2
0.635 7.589 6.774 5
0.635 7.589 6.774 5
0.697 7.498 6.812 5
0.697 7.498 6.812 3
0.697 7.498 6.812 2
0.798 7.45 6.807 5
0.798 7.45 6.807 5
0.817 7.407 6.783 5
0.817 7.407 6.783 3
0.817 7.407 6.783 2
0.769 7.374 6.769 5
0.769 7.374 6.769 5
0.597 7.335 6.592 5
0.597 7.335 6.592 3
0.597 7.335 6.592 2
0.654 7.259 6.324 5
0.764 7.474 6.257 6
0.764 7.474 6.257 5
0.764 7.474 6.257 3
0.875 7.479 6.156 1
0.875 7.479 6.156 5
0.721 7.398 6.06 5
0.721 7.398 6.06 5
0.721 7.398 6.06 3
0.645 7.345 5.993 2
0.645 7.345 5.993 5
0.573 7.412 5.874 5
0.573 7.412 5.874 5
0.573 7.412 5.874 4
0.573 7.417 5.855 1
0.573 7.417 5.855 5
0.635 7.431 5.802 5
0.635 7.431 5.802 5
0.635 7.431 5.802 4
0.702 7.45 5.855 1
0.702 7.45 5.855 5
0.798 7.493 6.051 6
0.798 7.493 6.051 5
0.798 7.493 6.051 3
0.846 7.465 6.309 1
0.846 7.465 6.309 5
0.731 7.436 6.367 5
0.731 7.436 6.367 5
0.731 7.436 6.367 4
0.606 7.345 6.271 1
0.606 7.345 6.271 5
0.726 7.455 6.036 5
0.726 7.455 6.036 5
0.726 7.455 6.036 4
0.922 7.551 5.926 3
1.037 7.627 5.898 3
1.037 7.627 5.898 6
1.071 7.671 5.936 5
1.071 7.671 5.936 3
1.071 7.671 5.936 1
1.133 7.666 5.965 5
1.133 7.666 5.965 5
1.133 7.623 5.869 5
1.133 7.623 5.869 4
1.133 7.623 5.869 1
1.095 7.876 5.529 5
1.095 7.876 5.529 6
0.98 7.618 6.554 5
0.98 7.618 6.554 3
0.98 7.618 6.554 1
1.047 7.556 6.783 5
1.047 7.556 6.783 6
1.349 7.651 6.621 5
1.349 7.651 6.621 3
1.349 7.651 6.621 1
1.09 7.694 6.405 5
1.09 7.694 6.405 5
1.076 7.637 6.319 5
1.076 7.637 6.319 4
1.076 7.637 6.319 1
1.133 7.666 6.367 5
1.133 7.666 6.367 5
1.157 7.671 6.42 5
1.157 7.671 6.42 4
1.157 7.671 6.42 1
1.109 7.608 6.506 5
1.148 7.58 6.582 6
1.148 7.58 6.582 5
1.148 7.58 6.582 3
1.148 7.575 6.783 1
1.148 7.575 6.783 5
1.023 7.474 6.879 5
1.023 7.474 6.879 5
1.023 7.474 6.879 4
0.951 7.445 6.788 1
0.951 7.445 6.788 5
0.889 7.374 6.779 5
0.889 7.374 6.779 5
0.889 7.374 6.779 4
0.851 7.402 6.707 1
0.851 7.402 6.707 5
0.808 7.465 6.673 6
0.808 7.465 6.673 5
0.808 7.465 6.673 3
0.86 7.393 6.52 1
0.86 7.393 6.52 5
0.97 7.493 6.525 6
0.97 7.493 6.525 5
0.97 7.493 6.525 3
0.951 7.431 6.539 1
0.951 7.431 6.539 5
0.879 7.335 6.707 6
0.879 7.335 6.707 5
0.879 7.335 6.707 3
0.927 7.321 6.721 1
0.927 7.321 6.721 5
0.999 7.264 6.817 6
0.961 7.206 6.836 5
0.961 7.206 6.836 3
0.961 7.206 6.836 1
0.918 7.149 6.803 5
0.918 7.149 6.803 6
0.846 7.149 6.664 5
0.846 7.149 6.664 3
0.846 7.149 6.664 1
0.76 7.024 6.611 5
0.76 7.024 6.611 5
0.654 7.053 6.525 5
0.654 7.053 6.525 4
0.654 7.053 6.525 1
0.669 7.096 6.439 5
0.669 7.096 6.439 6
0.65 7.077 6.266 5
0.65 7.077 6.266 3
0.65 7.077 6.266 1
0.731 7.192 6.003 5
0.731 7.192 6.003 6
0.908 7.374 6.06 5
0.908 7.374 6.06 3
0.908 7.374 6.06 2
0.922 7.331 6.262 5
0.922 7.331 6.262 5
0.879 7.326 6.309 5
0.879 7.326 6.309 3
0.879 7.326 6.309 2
0.889 7.249 6.458 5
0.889 7.249 6.458 5
0.803 7.24 6.448 5
0.803 7.24 6.448 3
0.707 7.187 6.501 2
0.707 7.187 6.501 5
0.549 7.096 6.415 5
0.549 7.096 6.415 5
0.549 7.096 6.415 3
0.492 7.067 6.3 2
0.492 7.067 6.3 5
0.401 7.034 6.362 5
0.401 7.034 6.362 5
0.401 7.034 6.362 3
0.209 6.928 6.4 2
0.209 6.928 6.4 5
0.329 6.938 6.362 5
0.329 6.938 6.362 5
0.329 6.938 6.362 3
0.693 7.024 6.669 2
0.693 7.024 6.669 5
0.721 6.971 7.018 5
0.721 6.971 7.018 5
0.721 6.971 7.018 3
0.606 6.885 7.167 2
0.606 6.885 7.167 5
0.592 6.89 7.047 5
0.592 6.89 7.047 5
0.592 6.89 7.047 3
0.669 7.0 6.918 2
0.669 7.0 6.918 5
0.755 7.053 6.827 5
0.755 7.053 6.827 5
0.755 7.053 6.827 3
0.827 7.134 6.707 2
0.827 7.134 6.707 5
0.966 7.201 6.846 5
1.047 7.235 6.999 5
1.047 7.235 6.999 3
1.047 7.235 6.999 2
0.994 7.24 7.052 5
0.994 7.24 7.052 5
1.028 7.278 6.898 5
1.028 7.278 6.898 3
1.028 7.278 6.898 2
1.124 7.259 6.851 5
1.124 7.259 6.851 5
1.2 7.196 7.047 5
1.2 7.196 7.047 3
1.2 7.196 7.047 2
1.095 7.125 7.21 5
1.095 7.125 7.21 5
1.013 7.034 7.248 5
1.013 7.034 7.248 3
1.013 7.034 7.248 2
0.975 6.957 7.238 5
0.975 6.957 7.238 5
1.095 7.0 7.147 5
1.095 7.0 7.147 3
1.095 7.0 7.147 2
1.191 7.053 7.157 5
1.191 7.053 7.157 5
1.09 7.067 6.994 5
1.09 7.067 6.994 3
1.09 7.067 6.994 2
0.99 7.029 6.827 5
0.99 7.029 6.827 5
0.922 7.034 6.87 5
0.922 7.034 6.87 3
0.779 6.947 6.898 2
0.779 6.947 6.898 5
0.793 6.837 6.851 5
0.793 6.837 6.851 5
0.793 6.837 6.851 3
0.721 6.799 7.162 2
0.721 6.799 7.162 5
0.659 6.756 7.258 6
0.659 6.756 7.258 5
0.659 6.756 7.258 2
0.501 6.607 7.157 2
0.501 6.607 7.157 5
0.386 6.713 7.023 5
0.386 6.713 7.023 5
0.386 6.713 7.023 3
0.42 6.756 6.86 2
0.42 6.756 6.86 5
0.539 6.837 6.716 5
0.539 6.837 6.716 5
0.539 6.837 6.716 3
0.659 6.947 6.697 2
0.659 6.947 6.697 5
0.597 6.967 6.793 5
0.597 6.967 6.793 5
0.597 6.967 6.793 3
0.477 6.89 6.807 2
0.477 6.89 6.807 5
0.424 6.947 6.903 5
0.424 6.947 6.903 5
0.424 6.947 6.903 3
0.343 6.933 6.894 2
0.391 6.952 6.884 5
0.391 6.952 6.884 5
0.444 7.019 6.894 5
0.444 7.019 6.894 3
0.444 7.019 6.894 2
0.52 6.952 6.798 5
0.52 6.952 6.798 5
0.582 6.981 6.764 5
0.582 6.981 6.764 3
0.582 6.981 6.764 2
0.621 6.952 6.736 5
0.621 6.952 6.736 5
0.764 6.885 6.827 5
0.764 6.885 6.827 3
0.764 6.885 6.827 2
0.937 6.852 7.032 5
0.937 6.852 7.032 5
1.018 6.799 7.262 5
1.018 6.799 7.262 3
1.018 6.799 7.262 2
0.956 6.732 7.267 5
0.956 6.732 7.267 6
0.769 6.636 7.176 5
0.769 6.636 7.176 2
0.769 6.636 7.176 2
0.683 6.617 7.119 5
0.683 6.617 7.119 5
0.573 6.655 6.889 5
0.573 6.655 6.889 4
0.573 6.655 6.889 1
0.63 6.775 6.788 5
0.678 6.847 6.779 5
0.678 6.847 6.779 5
0.678 6.847 6.779 3
0.831 6.88 6.726 2
0.831 6.88 6.726 5
0.87 6.895 6.827 5
0.87 6.895 6.827 5
0.87 6.895 6.827 3
0.865 6.861 6.87 2
0.865 6.861 6.87 5
0.889 6.789 7.023 5
0.889 6.789 7.023 5
0.889 6.789 7.023 3
0.817 6.694 7.09 2
0.817 6.694 7.09 5
0.678 6.67 7.119 6
0.678 6.67 7.119 5
0.678 6.67 7.119 3
0.592 6.579 7.047 1
0.592 6.579 7.047 5
0.697 6.636 7.095 5
0.697 6.636 7.095 5
0.697 6.636 7.095 4
0.798 6.703 7.071 1
0.798 6.703 7.071 5
0.956 6.756 7.157 5
0.956 6.756 7.157 5
0.956 6.756 7.157 4
1.061 6.789 7.119 1
1.061 6.789 7.119 5
1.21 6.861 7.042 5
1.229 6.933 7.114 5
1.229 6.933 7.114 4
1.229 6.933 7.114 1
1.167 6.943 7.076 5
1.167 6.943 7.076 6
1.176 6.957 7.171 5
1.176 6.957 7.171 3
1.176 6.957 7.171 1
1.229 7.053 7.162 5
1.229 7.053 7.162 5
1.186 7.062 7.09 5
1.186 7.062 7.09 4
1.186 7.062 7.09 1
1.248 7.096 6.98 5
1.248 7.096 6.98 5
1.296 7.163 6.956 5
1.296 7.163 6.956 4
1.296 7.163 6.956 1
1.248 7.11 6.985 5
1.248 7.11 6.985 6
1.296 7.062 6.937 5
1.296 7.062 6.937 3
1.296 7.062 6.937 1
1.382 7.01 6.956 5
1.382 7.01 6.956 5
1.363 6.938 7.219 5
1.363 6.938 7.219 4
1.363 6.938 7.219 1
1.349 6.804 7.454 5
1.262 6.756 7.483 6
1.262 6.756 7.483 5
1.262 6.756 7.483 3
1.085 6.694 7.406 1
1.085 6.694 7.406 5
1.004 6.684 7.281 6
1.004 6.684 7.281 5
1.004 6.684 7.281 3
0.98 6.727 7.2 1
0.98 6.727 7.2 5
1.009 6.708 7.162 5
1.009 6.708 7.162 5
1.009 6.708 7.162 4
0.87 6.636 7.114 1
0.87 6.636 7.114 5
0.817 6.588 7.147 5
0.817 6.588 7.147 5
0.817 6.588 7.147 4
0.87 6.631 7.162 1
0.87 6.631 7.162 5
0.994 6.627 7.272 6
0.994 6.627 7.272 5
0.994 6.627 7.272 3
0.961 6.607 7.325 1
0.961 6.607 7.325 5
0.875 6.54 7.372 6
0.875 6.54 7.372 5
0.875 6.54 7.372 3
0.846 6.574 7.234 1
0.846 6.574 7.234 5
0.808 6.593 7.1 5
0.808 6.593 7.1 5
0.808 6.593 7.1 4
0.846 6.665 6.908 1
0.932 6.78 6.764 5
0.932 6.78 6.764 6
1.028 6.809 6.779 5
1.028 6.809 6.779 3
1.028 6.809 6.779 1
1.104 6.818 6.927 5
1.104 6.818 6.927 6
1.052 6.78 7.004 5
1.052 6.78 7.004 3
1.052 6.78 7.004 1
1.2 6.77 7.1 5
1.2 6.77 7.1 6
1.282 6.828 7.2 5
1.282 6.828 7.2 3
1.282 6.828 7.2 2
1.727 7.508 4.93 4
1.727 7.508 4.93 6
1.028 7.196 6.846 5
1.028 7.196 6.846 3
1.028 7.196 6.846 1
1.071 6.665 6.683 5
1.071 6.665 6.683 6
1.057 6.833 7.248 5
1.057 6.833 7.248 3
1.057 6.833 7.248 1
1.401 6.77 7.569 5
1.401 6.77 7.569 5
1.856 6.89 7.449 5
1.856 6.89 7.449 4
1.856 6.89 7.449 2
1.938 6.967 7.181 4
1.487 6.89 7.353 6
1.487 6.89 7.353 5
1.487 6.89 7.353 3
1.286 6.698 7.454 2
1.286 6.698 7.454 5
1.229 6.722 7.401 5
1.229 6.722 7.401 5
1.229 6.722 7.401 3
1.282 6.737 7.449 2
1.282 6.737 7.449 5
1.21 6.766 7.449 5
1.21 6.766 7.449 5
1.21 6.766 7.449 3
1.09 6.703 7.262 2
1.09 6.703 7.262 5
0.966 6.737 7.095 5
0.966 6.737 7.095 5
0.966 6.737 7.095 3
0.793 6.718 7.056 2
0.793 6.718 7.056 5
0.76 6.684 6.994 5
0.76 6.684 6.994 5
0.76 6.684 6.994 3
0.793 6.789 7.056 2
0.793 6.789 7.056 5
0.884 6.689 7.353 5
0.884 6.689 7.353 5
0.884 6.689 7.353 3
0.755 6.636 7.521 2
0.755 6.636 7.521 5
0.659 6.569 7.602 5
0.602 6.564 7.54 5
0.602 6.564 7.54 3
0.602 6.564 7.54 2
0.602 6.603 7.416 5
0.602 6.603 7.416 5
0.64 6.646 7.444 5
0.64 6.646 7.444 3
0.64 6.646 7.444 2
0.63 6.593 7.507 5
0.63 6.593 7.507 5
0.568 6.512 7.516 5
0.568 6.512 7.516 3
0.568 6.512 7.516 2
0.626 6.421 7.468 5
0.626 6.421 7.468 5
0.726 6.449 7.478 5
0.726 6.449 7.478 3
0.726 6.449 7.478 2
0.76 6.478 7.526 5
0.76 6.478 7.526 5
0.769 6.473 7.449 5
0.769 6.473 7.449 3
0.769 6.473 7.449 2
0.855 6.512 7.377 5
0.855 6.512 7.377 5
0.951 6.55 7.334 5
0.951 6.55 7.334 3
0.951 6.55 7.334 2
0.894 6.497 7.353 5
0.894 6.497 7.353 5
0.784 6.55 7.377 5
0.784 6.55 7.377 4
0.669 6.473 7.272 6
0.688 6.55 7.133 5
0.688 6.55 7.133 5
0.688 6.55 7.133 3
0.831 6.584 7.195 2
0.831 6.584 7.195 5
0.798 6.579 7.253 5
0.798 6.579 7.253 5
0.798 6.579 7.253 3
0.784 6.507 7.08 2
0.784 6.507 7.08 5
0.808 6.507 7.076 5
0.808 6.507 7.076 5
0.808 6.507 7.076 3
0.774 6.569 7.013 2
0.774 6.569 7.013 5
0.875 6.56 7.023 5
0.875 6.56 7.023 5
0.875 6.56 7.023 3
0.841 6.617 7.114 2
0.841 6.617 7.114 5
0.846 6.607 7.138 5
0.846 6.607 7.138 5
0.846 6.607 7.138 3
0.884 6.584 7.104 2
0.884 6.584 7.104 5
0.889 6.593 7.229 6
0.889 6.593 7.229 5
0.889 6.593 7.229 2
0.851 6.564 7.219 2
0.875 6.517 7.229 5
0.875 6.517 7.229 5
0.932 6.569 7.387 5
0.932 6.569 7.387 3
0.932 6.569 7.387 2
0.98 6.536 7.363 5
0.98 6.536 7.363 5
0.846 6.517 7.281 5
0.846 6.517 7.281 3
0.846 6.517 7.281 2
0.855 6.469 7.21 5
0.855 6.469 7.21 5
0.875 6.502 7.349 5
0.875 6.502 7.349 3
0.875 6.502 7.349 2
0.894 6.54 7.349 5
0.894 6.54 7.349 5
0.865 6.66 7.392 5
0.865 6.66 7.392 3
0.865 6.66 7.392 2
0.946 6.593 7.368 5

# Completed @Thu Mar 30 19:10:19 GMT+02:00 2017
