# Accelerometer Data File
# Started @Sun Mar 26 22:21:59 GMT+02:00 2017
#
#
# sensor Vendor: Invensense
# sensor Name: ICM20610 Acceleration Sensor
# sensor Resolution: 0.0011971008m/sec^2; Max Range: 39.2266; Min Delay: 5000 microseconds
# The sensor's attributes are the result hardware and the Android capabilities.
# It means that the Android may not utilize all features provided by the hardware.
#
# Some devices and Android versions save battery too much so the device may go to sleep.
# It just happens after couple of minutes from turning off the scree and it is easy to find it out.
#
# The following file provides the data from accelerometer in the m/s^2 format.
# The diff value is just a time delta between the samples
#
#
# data format:
# so we have 4 columns with values separated by the " "
# X Y Z time_from_previous_sample(ms)

# sensor speed set to:FASTEST
# units set to: m/sec^2
# gravity NOT filtered out
# Accuracy: HIGH
0.372 9.035 3.695 0
0.372 9.035 3.695 1
0.357 9.069 3.709 5
0.357 9.069 3.709 5
0.372 9.078 3.657 5
0.372 9.078 3.657 4
0.372 9.078 3.657 1
0.362 9.011 3.728 5
0.362 9.011 3.728 5
0.319 9.026 3.69 5
0.319 9.026 3.69 4
0.319 9.026 3.69 1
0.238 9.05 3.599 5
0.238 9.05 3.599 5
0.142 9.035 3.542 5
0.142 9.035 3.542 3
0.142 9.035 3.542 2
0.061 8.968 3.561 5
-0.044 8.987 3.681 5
-0.044 8.987 3.681 5
-0.044 8.987 3.681 4
-0.073 8.939 3.709 1
-0.073 8.939 3.709 5
-0.159 8.959 3.714 5
-0.159 8.959 3.714 5
-0.159 8.959 3.714 3
-0.116 8.925 3.637 2
-0.116 8.925 3.637 5
-0.116 8.954 3.681 5
-0.116 8.954 3.681 5
-0.116 8.954 3.681 4
-0.039 8.983 3.637 1
-0.039 8.983 3.637 5
-0.082 9.026 3.633 5
-0.082 9.026 3.633 5
-0.082 9.026 3.633 4
-0.13 9.064 3.642 1
-0.13 9.064 3.642 5
-0.226 9.04 3.623 5
-0.226 9.04 3.623 5
-0.226 9.04 3.623 4
-0.336 8.954 3.652 1
-0.336 8.954 3.652 5
-0.408 8.892 3.719 5
-0.408 8.892 3.719 5
-0.408 8.892 3.719 4
-0.542 8.853 3.829 1
-0.542 8.853 3.829 5
-0.48 8.829 3.925 5
-0.317 8.863 4.021 5
-0.317 8.863 4.021 4
-0.317 8.863 4.021 1
-0.216 8.935 4.011 5
-0.216 8.935 4.011 5
-0.231 8.959 4.073 5
-0.231 8.959 4.073 4
-0.231 8.959 4.073 1
-0.221 8.92 4.001 5
-0.221 8.92 4.001 5
-0.245 8.92 3.954 5
-0.245 8.92 3.954 4
-0.245 8.92 3.954 1
-0.336 8.906 3.824 5
-0.336 8.906 3.824 5
-0.379 8.863 3.757 5
-0.379 8.863 3.757 4
-0.326 8.839 3.69 6
-0.326 8.839 3.69 5
-0.202 8.906 3.7 5
-0.202 8.906 3.7 4
-0.202 8.906 3.7 1
-0.096 8.901 3.834 5
-0.096 8.901 3.834 5
0.132 8.959 3.939 5
0.132 8.959 3.939 4
0.132 8.959 3.939 1
0.286 9.088 3.91 5
0.286 9.088 3.91 5
0.314 9.069 3.843 5
0.314 9.069 3.843 4
0.314 9.069 3.843 1
0.214 9.107 3.714 5
0.056 9.083 3.551 5
0.056 9.083 3.551 5
0.056 9.083 3.551 4
-0.001 9.011 3.542 1
-0.001 9.011 3.542 5
-0.029 8.968 3.489 5
-0.029 8.968 3.489 5
-0.029 8.968 3.489 4
-0.092 8.901 3.657 1
-0.092 8.901 3.657 5
-0.106 8.829 3.647 5
-0.106 8.829 3.647 5
-0.106 8.829 3.647 4
-0.063 8.753 3.872 1
-0.063 8.753 3.872 5
0.041 8.695 3.958 5
0.041 8.695 3.958 5
0.041 8.695 3.958 4
0.128 8.815 4.021 1
0.128 8.815 4.021 5
0.3 8.858 3.992 5
0.3 8.858 3.992 5
0.3 8.858 3.992 4
0.477 8.978 4.04 1
0.477 8.978 4.04 5
0.659 9.088 4.001 5
0.659 9.088 4.001 5
0.659 9.088 4.001 5
0.726 9.184 3.839 5
0.654 9.236 3.762 5
0.535 9.188 3.652 5
0.535 9.188 3.652 4
0.535 9.188 3.652 1
0.372 9.169 3.599 5
0.372 9.169 3.599 5
0.31 9.121 3.561 5
0.31 9.121 3.561 4
0.31 9.121 3.561 1
0.257 9.102 3.724 5
0.257 9.102 3.724 5
0.367 9.088 3.772 5
0.367 9.088 3.772 4
0.367 9.088 3.772 1
0.439 9.069 3.815 5
0.439 9.069 3.815 5
0.372 9.021 3.853 5
0.372 9.021 3.853 4
0.372 9.021 3.853 1
0.487 8.992 3.977 5
0.487 8.992 3.977 5
0.501 8.853 4.102 5
0.501 8.853 4.102 4
0.501 8.853 4.102 1
0.554 8.887 4.116 5
0.554 8.887 4.116 5
0.568 8.911 4.006 5
0.568 8.911 4.006 4
0.568 8.911 4.006 2
0.482 8.853 4.064 4
0.482 8.853 4.064 5
0.262 8.805 3.973 5
0.262 8.805 3.973 4
0.262 8.805 3.973 1
0.084 8.724 3.968 5
0.104 8.724 3.963 5
0.104 8.724 3.963 5
0.104 8.724 3.963 4
0.156 8.772 3.863 1
0.156 8.772 3.863 5
0.166 8.724 3.863 5
0.166 8.724 3.863 5
0.166 8.724 3.863 5
0.262 8.738 3.93 1
0.262 8.738 3.93 4
0.295 8.82 3.901 5
0.295 8.82 3.901 5
0.295 8.82 3.901 4
0.281 8.839 3.901 2
0.281 8.839 3.901 5
0.276 8.81 3.901 5
0.276 8.81 3.901 5
0.276 8.81 3.901 3
0.228 8.848 3.834 2
0.228 8.848 3.834 5
0.195 8.93 3.719 5
0.195 8.93 3.719 5
0.195 8.93 3.719 3
0.175 8.949 3.738 2
0.175 8.949 3.738 5
0.204 9.021 3.671 5
0.204 9.021 3.671 5
0.204 9.021 3.671 3
0.238 9.088 3.657 2
0.238 9.088 3.657 5
0.257 9.112 3.542 5
0.195 9.088 3.537 5
0.195 9.088 3.537 3
0.195 9.088 3.537 2
0.271 9.083 3.547 5
0.271 9.083 3.547 5
0.41 9.236 3.494 5
0.41 9.236 3.494 4
0.41 9.236 3.494 1
0.482 9.198 3.628 5
0.482 9.198 3.628 5
0.477 9.184 3.652 5
0.477 9.184 3.652 3
0.477 9.184 3.652 2
0.453 9.165 3.805 5
0.453 9.165 3.805 5
0.424 9.078 3.882 5
0.424 9.078 3.882 3
0.424 9.078 3.882 2
0.333 8.959 3.977 5
0.333 8.959 3.977 5
0.353 8.973 3.92 5
0.353 8.973 3.92 4
0.314 8.954 3.939 6
0.314 8.954 3.939 5
0.31 8.944 3.93 5
0.31 8.944 3.93 3
0.31 8.944 3.93 2
0.214 8.863 4.04 5
0.214 8.863 4.04 5
0.238 8.892 4.011 5
0.238 8.892 4.011 4
0.238 8.892 4.011 1
0.286 8.887 4.049 5
0.31 9.016 3.973 5
0.31 9.016 3.973 5
0.31 9.016 3.973 4
0.42 9.03 4.025 1
0.42 9.03 4.025 5
0.41 9.083 4.011 5
0.41 9.083 4.011 5
0.41 9.083 4.011 3
0.377 9.059 4.102 2
0.377 9.059 4.102 5
0.506 9.078 4.045 5
0.506 9.078 4.045 5
0.506 9.078 4.045 3
0.515 9.069 4.112 2
0.515 9.069 4.112 5
0.515 9.093 4.107 5
0.515 9.093 4.107 5
0.515 9.093 4.107 4
0.429 9.059 4.025 3
0.429 9.059 4.025 3
0.305 9.03 4.045 5
0.305 9.03 4.045 5
0.305 9.03 4.045 3
0.252 9.002 4.006 2
0.252 9.002 4.006 5
0.262 9.026 4.001 5
0.262 9.026 4.001 5
0.262 9.026 4.001 3
0.329 9.069 3.973 2
0.329 9.069 3.973 5
0.415 9.054 4.179 5
0.515 9.04 4.294 5
0.515 9.04 4.294 4
0.712 9.064 4.337 6
0.712 9.064 4.337 5
0.621 9.217 4.169 5
0.621 9.217 4.169 3
0.621 9.217 4.169 2
0.573 9.217 4.116 5
0.573 9.217 4.116 5
0.587 9.313 3.886 5
0.587 9.313 3.886 4
0.587 9.313 3.886 1
0.539 9.346 4.059 5
0.539 9.346 4.059 5
0.592 9.37 4.049 5
0.592 9.37 4.049 4
0.592 9.37 4.049 1
0.549 9.366 4.049 5
0.549 9.366 4.049 5
0.573 9.409 4.049 5
0.573 9.409 4.049 3
0.573 9.409 4.049 2
0.654 9.543 3.93 5
0.654 9.543 3.93 5
0.626 9.567 3.896 5
0.626 9.567 3.896 3
0.626 9.567 3.896 2
0.707 9.576 3.848 5
0.707 9.576 3.848 5
0.401 9.667 3.719 5
0.401 9.667 3.719 4
0.472 9.691 3.728 1
0.472 9.691 3.728 5
0.434 9.658 3.839 5
0.434 9.658 3.839 5
0.434 9.658 3.839 3
0.31 9.619 3.872 2
0.31 9.619 3.872 5
0.166 9.639 3.757 5
0.166 9.639 3.757 5
0.166 9.639 3.757 3
-0.029 9.744 3.566 2
-0.029 9.744 3.566 5
-0.202 9.653 3.278 5
-0.202 9.653 3.278 5
-0.202 9.653 3.278 4
-0.398 9.706 3.336 6
-0.575 9.634 3.441 5
-0.575 9.634 3.441 5
-0.575 9.634 3.441 3
-0.829 9.447 3.848 2
-0.829 9.447 3.848 5
-1.188 9.155 4.279 5
-1.188 9.155 4.279 5
-1.188 9.155 4.279 4
-1.385 8.987 4.782 1
-1.385 8.987 4.782 5
-1.289 9.121 5.117 5
-1.289 9.121 5.117 5
-1.289 9.121 5.117 4
-1.255 9.323 4.921 1
-1.255 9.323 4.921 5
-1.495 9.27 4.6 5
-1.748 9.165 4.542 5
-1.748 9.165 4.542 4
-1.748 9.165 4.542 1
-2.021 9.203 3.93 5
-2.021 9.203 3.93 5
-2.438 9.246 3.494 5
-2.438 9.246 3.494 4
-2.438 9.246 3.494 1
-2.342 9.026 3.508 5
-2.342 9.026 3.508 5
-2.716 9.054 2.89 5
-2.716 9.054 2.89 4
-2.716 9.054 2.89 1
-2.51 9.184 3.451 5
-2.51 9.184 3.451 5
-3.151 8.681 4.222 5
-3.151 8.681 4.222 4
-3.151 8.681 4.222 1
-3.544 8.681 4.217 5
-3.544 8.681 4.217 5
-4.114 8.858 4.25 5
-4.114 8.858 4.25 4
-4.114 8.858 4.25 1
-4.296 8.853 3.599 5
-4.296 8.853 3.599 5
-4.942 8.628 3.269 5
-4.942 8.628 3.269 5
-5.402 8.394 2.225 5
-5.402 8.394 2.225 5
-5.919 8.212 1.392 5
-5.919 8.212 1.392 4
-5.919 8.212 1.392 1
-6.599 7.714 1.009 5
-7.538 7.163 0.199 5
-7.538 7.163 0.199 5
-7.538 7.163 0.199 4
-8.265 6.828 0.013 1
-8.265 6.828 0.013 5
-9.223 6.459 -0.293 5
-9.223 6.459 -0.293 5
-9.223 6.459 -0.293 4
-10.248 5.87 -0.207 1
-10.248 5.87 -0.207 5
-10.961 4.999 -0.839 5
-10.961 4.999 -0.839 5
-10.961 4.999 -0.839 4
-11.785 4.122 -0.901 1
-11.785 4.122 -0.901 5
-13.193 2.801 -0.901 5
-13.193 2.801 -0.901 5
-13.193 2.801 -0.901 4
-14.845 1.163 -1.078 1
-14.845 1.163 -1.078 5
-16.899 -0.253 -2.098 5
-16.899 -0.253 -2.098 5
-16.899 -0.253 -2.098 4
-18.23 -1.838 -2.811 1
-18.23 -1.838 -2.811 5
-19.47 -3.38 -2.783 5
-19.47 -3.38 -2.783 5
-19.47 -3.38 -2.783 4
-20.409 -5.281 -2.232 1
-20.409 -5.281 -2.232 5
-20.543 -7.489 -2.337 5
-19.595 -8.906 -1.921 5
-19.595 -8.906 -1.921 4
-19.595 -8.906 -1.921 1
-18.321 -11.066 -0.867 5
-18.321 -11.066 -0.867 5
-16.095 -13.69 -0.322 5
-16.095 -13.69 -0.322 5
-10.415 -14.245 -0.714 5
-10.415 -14.245 -0.714 5
-2.97 -13.584 0.97 5
-2.97 -13.584 0.97 4
-2.97 -13.584 0.97 1
3.882 -13.254 2.373 5
3.882 -13.254 2.373 5
15.182 -12.052 3.8 5
15.182 -12.052 3.8 4
15.182 -12.052 3.8 2
23.078 -10.017 7.401 4
23.078 -10.017 7.401 5
26.89 -7.824 10.825 5
26.89 -7.824 10.825 4
26.89 -7.824 10.825 1
28.604 -7.072 6.065 5
28.604 -7.072 6.065 5
33.503 -2.47 4.217 5
33.503 -2.47 4.217 4
33.503 -2.47 4.217 1
32.583 1.096 -0.575 5
32.583 1.096 -0.575 5
33.421 3.342 -6.518 5
33.421 3.342 -6.518 4
33.421 3.342 -6.518 1
34.925 5.832 -2.764 5
35.318 7.762 -2.127 5
35.318 7.762 -2.127 5
35.318 7.762 -2.127 4
33.441 9.203 1.487 1
33.441 9.203 1.487 6
30.342 9.643 5.826 4
30.342 9.643 5.826 5
30.342 9.643 5.826 4
27.134 8.748 5.093 1
27.134 8.748 5.093 6
24.505 8.24 4.097 4
24.505 8.24 4.097 5
24.505 8.24 4.097 4
21.967 8.911 4.586 1
21.967 8.911 4.586 6
21.249 9.078 4.346 5
21.249 9.078 4.346 5
21.249 9.078 4.346 4
18.726 8.192 4.815 1
18.726 8.192 4.815 5
16.135 7.086 4.303 5
16.135 7.086 4.303 5
16.135 7.086 4.303 3
13.411 6.32 4.835 2
13.411 6.32 4.835 5
11.39 5.889 4.27 5
11.39 5.889 4.27 5
11.39 5.889 4.27 3
10.691 6.1 4.739 2
10.691 6.1 4.739 5
11.931 6.833 5.72 5
9.81 7.546 8.483 5
9.81 7.546 8.483 3
9.81 7.546 8.483 2
9.91 7.082 8.852 5
9.91 7.082 8.852 5
8.881 5.975 9.302 5
8.881 5.975 9.302 3
8.881 5.975 9.302 2
7.439 5.535 9.982 5
7.439 5.535 9.982 5
6.06 4.984 9.791 5
6.06 4.984 9.791 3
6.06 4.984 9.791 2
4.791 4.563 9.35 5
4.791 4.563 9.35 5
3.805 4.702 8.526 5
3.805 4.702 8.526 3
3.805 4.702 8.526 2
3.374 5.267 7.712 5
3.374 5.267 7.712 5
3.331 5.861 7.281 5
3.331 5.861 7.281 3
3.331 5.861 7.281 2
4.145 6.306 7.597 5
4.145 6.306 7.597 5
3.321 6.157 7.406 5
3.321 6.157 7.406 3
3.321 6.157 7.406 2
3.025 6.67 9.135 5
3.025 6.67 9.135 5
3.029 5.645 7.325 5
3.029 5.645 7.325 4
2.292 5.75 8.067 1
2.292 5.75 8.067 5
1.76 5.501 7.463 5
1.76 5.501 7.463 5
1.76 5.501 7.463 3
0.999 5.319 7.205 2
0.999 5.319 7.205 5
0.496 5.248 6.53 5
0.496 5.248 6.53 5
0.496 5.248 6.53 4
-0.025 5.578 5.797 1
-0.025 5.578 5.797 5
-0.077 5.889 4.878 5
-0.077 5.889 4.878 5
-0.077 5.889 4.878 3
0.075 6.402 4.308 2
0.075 6.402 4.308 5
0.372 6.804 3.628 5
0.372 6.804 3.628 5
0.372 6.804 3.628 3
0.357 6.967 3.671 2
0.357 6.967 3.671 5
-0.068 6.847 3.714 5
-0.068 6.847 3.714 5
-0.068 6.847 3.714 3
-0.499 6.66 3.724 2
-0.499 6.66 3.724 5
-0.724 6.588 4.102 5
-0.724 6.588 4.102 5
-0.724 6.588 4.102 4
-0.633 6.694 4.169 1
-0.633 6.694 4.169 5
-0.412 7.015 3.968 5
0.008 7.34 3.925 5
0.008 7.34 3.925 3
0.008 7.34 3.925 2
0.338 7.565 4.04 5
0.338 7.565 4.04 5
0.506 7.704 4.442 5
0.506 7.704 4.442 3
0.506 7.704 4.442 2
0.41 7.632 4.351 5
0.41 7.632 4.351 5
0.262 7.766 4.03 5
0.262 7.766 4.03 4
0.132 7.805 3.968 6
0.132 7.805 3.968 5
0.128 7.852 4.03 5
0.128 7.852 4.03 3
0.128 7.852 4.03 2
0.357 7.972 3.939 5
0.357 7.972 3.939 5
0.525 8.101 4.308 5
0.525 8.101 4.308 4
0.525 8.101 4.308 1
0.903 8.049 4.691 5
0.903 8.049 4.691 5
1.195 7.924 5.122 5
1.195 7.924 5.122 4
1.195 7.924 5.122 1
1.301 7.862 5.634 5
1.301 7.862 5.634 5
1.339 7.747 5.773 5
1.339 7.747 5.773 3
1.339 7.747 5.773 2
1.291 7.781 5.821 5
1.229 7.805 5.567 5
1.229 7.805 5.567 5
1.229 7.805 5.567 4
1.167 7.819 5.376 1
1.167 7.819 5.376 5
1.306 7.92 5.017 5
1.306 7.92 5.017 5
1.306 7.92 5.017 4
1.325 8.192 5.026 1
1.325 8.192 5.026 5
1.569 8.236 4.935 5
1.569 8.236 4.935 5
1.569 8.236 4.935 3
1.646 8.288 5.131 2
1.646 8.288 5.131 5
1.569 8.245 5.017 5
1.569 8.245 5.017 5
1.569 8.245 5.017 3
1.521 8.307 4.777 2
1.521 8.307 4.777 5
1.669 8.465 4.662 5
1.669 8.465 4.662 5
1.669 8.465 4.662 4
1.78 8.518 4.681 6
1.914 8.432 5.084 5
1.914 8.432 5.084 5
1.914 8.432 5.084 3
2.067 8.379 5.562 2
2.067 8.379 5.562 5
2.105 8.212 5.606 5
1.655 8.312 5.558 5
1.655 8.312 5.558 4
1.655 8.312 5.558 1
1.464 8.13 5.117 5
1.464 8.13 5.117 5
1.411 8.317 4.657 5
1.411 8.317 4.657 4
1.411 8.317 4.657 1
1.325 8.432 4.25 5
1.325 8.432 4.25 5
1.052 8.437 4.116 5
1.052 8.437 4.116 4
1.052 8.437 4.116 1
0.951 8.413 3.886 5
0.951 8.413 3.886 5
0.903 8.374 3.772 5
0.903 8.374 3.772 4
0.903 8.374 3.772 1
1.09 8.317 4.159 5
1.09 8.317 4.159 5
1.119 8.216 4.447 5
1.119 8.216 4.447 4
1.119 8.216 4.447 1
1.152 8.188 4.504 5
1.152 8.188 4.504 5
1.334 8.207 4.653 5
1.334 8.207 4.653 4
1.334 8.207 4.653 1
1.555 8.303 4.801 5
1.555 8.303 4.801 5
1.684 8.365 4.95 5
1.684 8.365 4.95 4
1.684 8.365 4.95 1
1.823 8.504 5.108 5
1.923 8.633 4.95 5
1.923 8.633 4.95 5
1.923 8.633 4.95 5
1.751 8.643 4.844 5
1.516 8.604 4.59 5
1.516 8.604 4.59 5
1.516 8.604 4.59 4
1.286 8.532 4.413 1
1.286 8.532 4.413 5
1.215 8.647 4.217 5
1.215 8.647 4.217 5
1.215 8.647 4.217 4
1.219 8.638 4.207 1
1.219 8.638 4.207 5
1.387 8.638 4.456 5
1.387 8.638 4.456 5
1.387 8.638 4.456 4
1.636 8.681 4.82 1
1.636 8.681 4.82 5
1.746 8.643 4.964 5
1.746 8.643 4.964 5
1.746 8.643 4.964 4
1.708 8.599 5.146 1
1.708 8.599 5.146 5
1.435 8.394 5.328 5
1.435 8.394 5.328 5
1.435 8.394 5.328 4
1.186 8.25 5.323 1
1.186 8.25 5.323 5
0.946 8.154 5.285 5
0.946 8.154 5.285 5
0.946 8.154 5.285 4
0.903 8.154 5.175 2
0.855 8.274 5.098 4
0.855 8.274 5.098 5
0.927 8.35 4.892 5
0.927 8.35 4.892 4
0.927 8.35 4.892 1
0.98 8.408 4.902 5
0.98 8.408 4.902 5
0.894 8.461 4.95 5
0.894 8.461 4.95 4
0.894 8.461 4.95 1
0.956 8.456 4.926 5
0.956 8.456 4.926 5
0.975 8.408 4.993 5
0.975 8.408 4.993 5
0.922 8.322 5.141 5
0.922 8.322 5.141 5
0.956 8.288 5.155 5
0.956 8.288 5.155 4
0.956 8.288 5.155 1
1.037 8.341 5.285 5
1.037 8.341 5.285 5
0.98 8.207 5.17 5
0.98 8.207 5.17 4
0.98 8.207 5.17 2
0.879 8.264 5.103 4
0.879 8.264 5.103 5
0.922 8.317 5.064 5
0.922 8.317 5.064 4
0.855 8.35 5.031 2
0.855 8.35 5.031 4
0.736 8.279 4.997 5
0.736 8.279 4.997 5
0.736 8.279 4.997 4
0.664 8.279 5.021 1
0.664 8.279 5.021 5
0.717 8.312 4.911 5
0.717 8.312 4.911 5
0.717 8.312 4.911 4
0.712 8.365 4.835 1
0.712 8.365 4.835 5
0.697 8.303 4.768 5
0.697 8.303 4.768 5
0.697 8.303 4.768 4
0.707 8.279 4.72 2
0.707 8.279 4.72 4
0.812 8.283 4.873 6
0.812 8.283 4.873 5
0.812 8.283 4.873 3
0.879 8.259 4.959 2
0.879 8.259 4.959 5
0.851 8.236 4.997 5
0.851 8.236 4.997 5
0.851 8.236 4.997 3
0.712 8.13 5.117 2
0.712 8.13 5.117 5
0.616 8.025 5.261 5
0.616 8.025 5.261 5
0.616 8.025 5.261 4
0.582 8.049 5.232 6
0.592 8.101 5.141 5
0.592 8.101 5.141 5
0.592 8.101 5.141 3
0.544 8.073 5.103 2
0.472 8.149 5.036 5
0.472 8.149 5.036 5
0.563 8.159 5.165 5
0.563 8.159 5.165 4
0.563 8.159 5.165 1
0.592 8.245 5.222 5
0.592 8.245 5.222 5
0.568 8.24 5.175 5
0.568 8.24 5.175 4
0.568 8.24 5.175 1
0.568 8.365 5.127 5
0.568 8.365 5.127 5
0.568 8.331 5.06 5
0.568 8.331 5.06 3
0.568 8.331 5.06 2
0.448 8.283 5.108 5
0.448 8.283 5.108 5
0.463 8.212 5.232 5
0.463 8.212 5.232 3
0.463 8.212 5.232 2
0.463 8.121 5.582 5
0.463 8.121 5.582 5
0.468 8.073 5.687 5
0.468 8.073 5.687 4
0.468 8.073 5.687 1
0.549 8.149 5.716 5
0.549 8.149 5.716 5
0.64 8.121 5.778 5
0.64 8.121 5.778 3
0.64 8.121 5.778 2
0.587 8.236 5.524 5
0.468 8.331 5.17 5
0.468 8.331 5.17 5
0.468 8.331 5.17 3
0.372 8.374 4.897 2
0.372 8.374 4.897 5
0.209 8.432 4.696 5
0.209 8.432 4.696 5
0.209 8.432 4.696 4
0.07 8.413 4.605 1
0.07 8.413 4.605 5
0.017 8.413 4.59 5
0.017 8.413 4.59 5
0.017 8.413 4.59 3
0.003 8.384 4.691 2
0.003 8.384 4.691 5
-0.001 8.322 4.887 5
-0.001 8.322 4.887 5
-0.001 8.322 4.887 4
0.137 8.303 5.155 1
0.137 8.303 5.155 5
0.319 8.298 5.242 5
0.319 8.298 5.242 5
0.319 8.298 5.242 4
0.377 8.365 5.438 1
0.377 8.365 5.438 5
0.329 8.36 5.371 5
0.329 8.36 5.371 5
0.329 8.36 5.371 3
0.262 8.327 5.256 2
0.262 8.327 5.256 5
0.324 8.437 5.074 5
0.324 8.437 5.074 5
0.324 8.437 5.074 3
0.472 8.547 5.06 2
0.549 8.59 4.973 5
0.549 8.59 4.973 5
0.539 8.623 5.04 5
0.539 8.623 5.04 4
0.539 8.623 5.04 1
0.463 8.599 4.897 5
0.463 8.599 4.897 5
0.41 8.58 4.921 5
0.41 8.58 4.921 3
0.41 8.58 4.921 2
0.458 8.537 5.036 5
0.458 8.537 5.036 5
0.458 8.504 5.04 5
0.458 8.504 5.04 3
0.458 8.504 5.04 2
0.688 8.537 5.16 5
0.688 8.537 5.16 5
0.903 8.576 5.371 5
0.903 8.576 5.371 4
1.009 8.599 5.261 6
1.009 8.599 5.261 5
1.009 8.657 5.165 5
1.009 8.657 5.165 3
1.009 8.657 5.165 2
0.875 8.647 5.064 5
0.875 8.647 5.064 5
0.736 8.619 4.873 5
0.736 8.619 4.873 4
0.736 8.619 4.873 1
0.559 8.604 4.758 5
0.559 8.58 4.662 5
0.559 8.58 4.662 5
0.559 8.58 4.662 4
0.549 8.619 4.657 1
0.549 8.619 4.657 5
0.669 8.599 4.768 5
0.669 8.599 4.768 5
0.669 8.599 4.768 3
0.573 8.576 4.825 2
0.573 8.576 4.825 5
0.42 8.451 4.672 5
0.42 8.451 4.672 5
0.42 8.451 4.672 3
0.295 8.322 4.997 2
0.295 8.322 4.997 5
0.391 8.499 4.624 5
0.391 8.499 4.624 5
0.391 8.499 4.624 4
0.166 8.499 4.495 1
0.166 8.499 4.495 5
0.123 8.35 4.605 5
0.123 8.35 4.605 5
0.123 8.35 4.605 3
0.161 8.413 4.648 2
0.161 8.413 4.648 5
0.171 8.389 4.657 5
0.171 8.389 4.657 5
0.171 8.389 4.657 3
0.238 8.374 4.758 2
0.238 8.374 4.758 5
0.113 8.389 4.662 5
0.166 8.37 4.667 5
0.166 8.37 4.667 4
0.166 8.37 4.667 1
0.238 8.427 4.715 5
0.238 8.427 4.715 5
0.223 8.504 4.672 5
0.223 8.504 4.672 4
0.223 8.504 4.672 1
0.271 8.528 4.686 5
0.271 8.528 4.686 5
0.233 8.427 4.772 5
0.233 8.427 4.772 4
0.233 8.427 4.772 1
0.329 8.504 4.902 5
0.329 8.504 4.902 5
0.228 8.456 4.863 5
0.228 8.456 4.863 4
0.228 8.456 4.863 1
0.195 8.413 4.796 5
0.195 8.413 4.796 5
0.108 8.432 4.72 5
0.108 8.432 4.72 4
0.108 8.432 4.72 1
0.123 8.441 4.705 5
0.123 8.441 4.705 5
0.214 8.523 4.777 5
0.214 8.523 4.777 4
0.214 8.523 4.777 1
0.271 8.499 4.897 5
0.271 8.499 4.897 5
0.252 8.422 4.969 5
0.252 8.422 4.969 4
0.252 8.422 4.969 1
0.219 8.422 5.131 5
0.19 8.398 5.242 5
0.19 8.398 5.242 5
0.19 8.398 5.242 4
0.147 8.394 5.218 1
0.147 8.394 5.218 5
0.137 8.451 5.16 5
0.137 8.451 5.16 5
0.137 8.451 5.16 4
0.156 8.504 5.165 1
0.156 8.504 5.165 5
0.147 8.494 4.964 5
0.147 8.494 4.964 5
0.147 8.494 4.964 5
0.099 8.566 4.935 1
0.099 8.566 4.935 4
0.128 8.571 4.945 5
0.128 8.571 4.945 5
0.128 8.571 4.945 4
0.152 8.561 4.854 1
0.152 8.561 4.854 5
0.175 8.609 4.859 5
0.175 8.609 4.859 5
0.175 8.609 4.859 4
0.195 8.585 4.911 1
0.195 8.585 4.911 5
0.147 8.532 4.983 5
0.147 8.532 4.983 5
0.147 8.532 4.983 4
-0.029 8.437 4.978 2
-0.029 8.437 4.978 4
0.008 8.475 5.007 5
0.008 8.475 5.007 5
0.008 8.475 5.007 4
0.065 8.489 4.973 1
0.137 8.547 4.921 5
0.137 8.547 4.921 5
0.175 8.561 4.83 5
0.175 8.561 4.83 4
0.175 8.561 4.83 1
0.123 8.576 4.777 5
0.123 8.576 4.777 5
0.113 8.547 4.739 5
0.113 8.547 4.739 4
0.113 8.547 4.739 1
0.152 8.499 4.796 5
0.152 8.499 4.796 5
0.084 8.494 4.854 5
0.084 8.494 4.854 4
0.084 8.494 4.854 1
0.027 8.384 4.911 5
0.027 8.384 4.911 5
-0.058 8.327 4.959 5
-0.058 8.327 4.959 4
-0.058 8.327 4.959 1
-0.073 8.322 4.954 5
-0.073 8.322 4.954 5
-0.029 8.346 4.959 5
-0.029 8.346 4.959 5
-0.029 8.346 4.959 1
-0.073 8.312 4.897 4
-0.073 8.312 4.897 5
-0.068 8.322 4.859 5
-0.068 8.322 4.859 4
-0.068 8.322 4.859 1
-0.044 8.355 4.768 5
0.037 8.485 4.681 5
0.037 8.485 4.681 5
0.037 8.485 4.681 4
0.027 8.504 4.624 1
0.027 8.504 4.624 5
0.123 8.513 4.672 5
0.123 8.513 4.672 5
0.123 8.513 4.672 4
0.185 8.494 4.739 1
0.185 8.494 4.739 5
0.175 8.494 4.911 5
0.175 8.494 4.911 5
0.175 8.494 4.911 4
0.286 8.513 4.868 1
0.286 8.513 4.868 5
0.573 8.681 5.05 5
0.573 8.681 5.05 5
0.573 8.681 5.05 4
0.621 8.556 5.17 1
0.621 8.556 5.17 5
0.65 8.595 5.036 5
0.65 8.595 5.036 5
0.65 8.595 5.036 5
0.755 8.738 4.849 1
0.755 8.738 4.849 4
0.913 8.853 4.772 6
0.913 8.853 4.772 5
0.913 8.853 4.772 3
0.97 8.906 4.629 2
0.97 8.906 4.629 5
0.961 8.968 4.432 5
0.961 8.968 4.432 5
0.961 8.968 4.432 3
0.846 8.963 4.423 2
0.673 8.815 4.466 5
0.673 8.815 4.466 5
0.573 8.853 4.413 5
0.573 8.853 4.413 4
0.573 8.853 4.413 1
0.338 8.609 4.523 5
0.338 8.609 4.523 5
0.386 8.662 4.456 5
0.386 8.662 4.456 3
0.386 8.662 4.456 2
0.233 8.628 4.528 5
0.233 8.628 4.528 5
0.223 8.528 4.528 5
0.223 8.528 4.528 4
0.223 8.528 4.528 1
0.228 8.528 4.59 5
0.228 8.528 4.59 5
0.185 8.542 4.519 5
0.185 8.542 4.519 4
0.185 8.542 4.519 1
0.257 8.537 4.552 5
0.257 8.537 4.552 5
0.243 8.532 4.571 5
0.243 8.532 4.571 3
0.243 8.532 4.571 2
0.305 8.523 4.6 5
0.305 8.523 4.6 5
0.353 8.604 4.571 5
0.353 8.604 4.571 3
0.353 8.604 4.571 2
0.391 8.657 4.49 5
0.386 8.662 4.437 5
0.386 8.662 4.437 5
0.386 8.662 4.437 4
0.314 8.662 4.495 1
0.314 8.662 4.495 5
0.295 8.7 4.452 5
0.295 8.7 4.452 5
0.295 8.7 4.452 3
0.305 8.7 4.404 2
0.305 8.7 4.404 5
0.305 8.729 4.384 5
0.305 8.729 4.384 5
0.305 8.729 4.384 3
0.295 8.719 4.48 2
0.295 8.719 4.48 5
0.276 8.59 4.667 5
0.276 8.59 4.667 5
0.276 8.59 4.667 4
0.281 8.513 4.729 6
0.31 8.599 4.624 5
0.31 8.599 4.624 5
0.31 8.599 4.624 3
0.233 8.585 4.514 2
0.233 8.585 4.514 5
0.171 8.528 4.552 5
0.171 8.528 4.552 5
0.171 8.528 4.552 4
0.262 8.614 4.499 1
0.262 8.614 4.499 5
0.228 8.714 4.394 5
0.228 8.714 4.394 5
0.228 8.714 4.394 4
0.161 8.662 4.327 1
0.247 8.667 4.313 5
0.247 8.667 4.313 5
0.276 8.643 4.423 5
0.276 8.643 4.423 3
0.276 8.643 4.423 2
0.257 8.647 4.528 5
0.257 8.647 4.528 5
0.276 8.566 4.528 5
0.276 8.566 4.528 3
0.276 8.566 4.528 2
0.31 8.638 4.586 5
0.31 8.638 4.586 5
0.29 8.566 4.629 5
0.29 8.566 4.629 4
0.29 8.566 4.629 1
0.243 8.58 4.643 5
0.243 8.58 4.643 5
0.209 8.595 4.48 5
0.209 8.595 4.48 3
0.209 8.595 4.48 2
0.243 8.633 4.461 5
0.243 8.633 4.461 5
0.281 8.695 4.322 5
0.281 8.695 4.322 3
0.281 8.695 4.322 2
0.286 8.69 4.389 5
0.286 8.69 4.389 5
0.31 8.695 4.423 5
0.31 8.695 4.423 4
0.348 8.662 4.495 6
0.271 8.652 4.533 5
0.271 8.652 4.533 5
0.271 8.652 4.533 3
0.257 8.633 4.61 2
0.257 8.633 4.61 5
0.243 8.571 4.576 5
0.243 8.571 4.576 5
0.243 8.571 4.576 4
0.233 8.58 4.533 1
0.233 8.58 4.533 5
0.319 8.619 4.495 5
0.319 8.619 4.495 5
0.319 8.619 4.495 4
0.343 8.69 4.365 1
0.343 8.69 4.365 5
0.324 8.71 4.337 5
0.324 8.71 4.337 5
0.324 8.71 4.337 3
0.353 8.671 4.37 2
0.353 8.671 4.37 5
0.286 8.628 4.408 5
0.286 8.628 4.408 5
0.286 8.628 4.408 3
0.286 8.609 4.437 2
0.286 8.609 4.437 5
0.295 8.647 4.514 5
0.295 8.647 4.514 5
0.295 8.647 4.514 4
0.329 8.609 4.466 1
0.329 8.609 4.466 5
0.367 8.662 4.461 5
0.367 8.662 4.461 5
0.367 8.662 4.461 4
0.396 8.69 4.499 1
0.396 8.633 4.485 5
0.396 8.633 4.485 5
0.353 8.662 4.456 5
0.353 8.662 4.456 4
0.353 8.662 4.456 1
0.401 8.695 4.466 5
0.401 8.695 4.466 5
0.381 8.695 4.423 5
0.381 8.695 4.423 4
0.348 8.7 4.499 6
0.348 8.7 4.499 5
0.381 8.676 4.49 5
0.381 8.676 4.49 4
0.381 8.676 4.49 1
0.468 8.705 4.495 5
0.468 8.705 4.495 5
0.539 8.71 4.49 5
0.539 8.71 4.49 4
0.539 8.71 4.49 1
0.688 8.801 4.514 5
0.688 8.801 4.514 5
0.712 8.825 4.351 5
0.712 8.825 4.351 4
0.712 8.825 4.351 1
0.544 8.714 4.423 5
0.544 8.714 4.423 5
0.712 8.815 4.279 5
0.712 8.815 4.279 4
0.712 8.815 4.279 1
0.645 8.877 4.365 5
0.487 8.753 4.217 5
0.487 8.753 4.217 5
0.487 8.753 4.217 4
0.348 8.69 4.203 1
0.348 8.69 4.203 5
0.271 8.671 4.236 5
0.271 8.671 4.236 5
0.271 8.671 4.236 4
0.295 8.671 4.27 1
0.295 8.671 4.27 5
0.338 8.695 4.332 5
0.338 8.695 4.332 5
0.338 8.695 4.332 4
0.31 8.724 4.265 1
0.31 8.724 4.265 5
0.401 8.705 4.37 5
0.401 8.705 4.37 5
0.401 8.705 4.37 4
0.563 8.762 4.394 1
0.563 8.762 4.394 5
0.592 8.815 4.361 5
0.592 8.815 4.361 5
0.592 8.815 4.361 5
0.621 8.801 4.322 1
0.621 8.801 4.322 4
0.611 8.786 4.255 5
0.611 8.786 4.255 5
0.611 8.786 4.255 4
0.511 8.743 4.193 1
0.511 8.743 4.193 5
0.458 8.69 4.265 5
0.415 8.681 4.284 5
0.415 8.681 4.284 4
0.415 8.681 4.284 1
0.415 8.652 4.356 5
0.415 8.652 4.356 5
0.42 8.619 4.365 5
0.42 8.619 4.365 4
0.42 8.619 4.365 2
0.458 8.623 4.461 4
0.458 8.623 4.461 5
0.482 8.662 4.341 5
0.482 8.662 4.341 4
0.482 8.662 4.341 1
0.472 8.686 4.341 5
0.472 8.686 4.341 5
0.444 8.695 4.322 5
0.444 8.695 4.322 4
0.444 8.695 4.322 1
0.401 8.662 4.337 5
0.401 8.662 4.337 5
0.458 8.719 4.289 5
0.458 8.719 4.289 4
0.458 8.719 4.289 1
0.477 8.777 4.294 5
0.477 8.777 4.294 5
0.501 8.829 4.27 5
0.501 8.829 4.27 4
0.501 8.829 4.27 1
0.477 8.796 4.332 5
0.477 8.796 4.332 5
0.434 8.681 4.394 5
0.434 8.681 4.394 4
0.434 8.681 4.394 1
0.415 8.647 4.423 5
0.472 8.671 4.461 5
0.472 8.671 4.461 5
0.472 8.671 4.461 5
0.487 8.671 4.475 5
0.453 8.643 4.423 5
0.453 8.643 4.423 5
0.453 8.643 4.423 4
0.429 8.662 4.25 1
0.429 8.662 4.25 5
0.506 8.729 4.226 5
0.506 8.729 4.226 5
0.506 8.729 4.226 4
0.64 8.834 4.27 2
0.64 8.834 4.27 4
0.788 8.872 4.26 5
0.788 8.872 4.26 5
0.788 8.872 4.26 4
0.798 8.882 4.356 1
0.798 8.882 4.356 5
0.808 8.815 4.384 5
0.808 8.815 4.384 5
0.808 8.815 4.384 4
0.741 8.791 4.341 2
0.741 8.791 4.341 4
0.606 8.724 4.27 6
0.606 8.724 4.27 5
0.606 8.724 4.27 3
0.75 8.781 4.241 2
0.75 8.781 4.241 5
0.731 8.786 4.279 5
0.731 8.786 4.279 5
0.731 8.786 4.279 3
0.654 8.772 4.159 2
0.611 8.786 4.193 5
0.611 8.786 4.193 5
0.568 8.805 4.193 5
0.568 8.805 4.193 3
0.568 8.805 4.193 2
0.501 8.734 4.303 5
0.501 8.734 4.303 5
0.539 8.719 4.37 5
0.539 8.719 4.37 3
0.539 8.719 4.37 2
0.606 8.781 4.313 5
0.606 8.781 4.313 5
0.64 8.748 4.27 5
0.64 8.748 4.27 4
0.64 8.748 4.27 1
0.764 8.839 2.8 5
0.764 8.839 2.8 5
0.774 9.217 3.944 5
0.774 9.217 3.944 3
0.774 9.217 3.944 2
1.167 8.552 4.49 5
1.167 8.552 4.49 5
1.057 8.762 4.552 5
1.057 8.762 4.552 4
1.057 8.762 4.552 1
0.927 8.638 4.882 5
0.927 8.638 4.882 5
0.827 8.652 4.619 5
0.827 8.652 4.619 4
0.827 8.652 4.619 1
0.741 8.69 4.701 5
0.75 8.729 4.839 5
0.75 8.729 4.839 5
0.75 8.729 4.839 3
0.827 8.791 4.854 2
0.827 8.791 4.854 5
0.726 8.858 4.514 5
0.726 8.858 4.514 5
0.726 8.858 4.514 3
0.606 8.887 4.27 2
0.606 8.887 4.27 5
0.702 8.978 4.212 5
0.702 8.978 4.212 5
0.702 8.978 4.212 4
0.774 8.93 4.193 1
0.774 8.93 4.193 5
0.75 8.853 4.399 5
0.75 8.853 4.399 5
0.75 8.853 4.399 3
0.731 8.791 4.528 2
0.731 8.791 4.528 5
0.669 8.738 4.566 5
0.669 8.738 4.566 5
0.669 8.738 4.566 3
0.559 8.705 4.586 2
0.559 8.705 4.586 5
0.353 8.69 4.514 5
0.353 8.69 4.514 5
0.353 8.69 4.514 4
0.271 8.662 4.351 6
0.166 8.681 4.164 5
0.166 8.681 4.164 5
0.166 8.681 4.164 3
0.056 8.686 4.107 2
0.061 8.681 4.054 5
0.061 8.681 4.054 5
0.18 8.7 4.045 5
0.18 8.7 4.045 4
0.18 8.7 4.045 1
0.281 8.714 4.073 5
0.281 8.714 4.073 5
0.357 8.753 4.025 5
0.357 8.753 4.025 4
0.357 8.753 4.025 1
0.405 8.724 4.054 5
0.405 8.724 4.054 5
0.424 8.686 3.958 5
0.424 8.686 3.958 3
0.424 8.686 3.958 2
0.506 8.7 4.035 5
0.506 8.7 4.035 5
0.554 8.7 3.982 5
0.554 8.7 3.982 3
0.554 8.7 3.982 2
0.578 8.681 4.025 5
0.578 8.681 4.025 5
0.64 8.714 4.011 5
0.64 8.714 4.011 4
0.64 8.714 4.011 1
0.678 8.734 4.188 5
0.678 8.734 4.188 5
0.645 8.734 4.246 5
0.645 8.734 4.246 3
0.645 8.734 4.246 2
0.721 8.753 4.159 5
0.721 8.753 4.159 5
0.712 8.777 4.27 5
0.712 8.777 4.27 3
0.592 8.724 4.255 2
0.592 8.724 4.255 5
0.482 8.748 4.226 5
0.482 8.748 4.226 5
0.482 8.748 4.226 4
0.487 8.748 4.246 1
0.487 8.748 4.246 5
0.511 8.834 4.26 5
0.511 8.834 4.26 5
0.511 8.834 4.26 3
0.563 8.829 4.308 2
0.563 8.829 4.308 5
0.573 8.82 4.346 5
0.573 8.82 4.346 5
0.573 8.82 4.346 4
0.592 8.829 4.418 1
0.592 8.829 4.418 5
0.597 8.829 4.404 5
0.597 8.829 4.404 5
0.597 8.829 4.404 4
0.597 8.791 4.332 1
0.597 8.791 4.332 5
0.578 8.848 4.346 5
0.578 8.848 4.346 5
0.578 8.848 4.346 3
0.611 8.839 4.351 2
0.611 8.839 4.351 5
0.587 8.81 4.37 5
0.587 8.81 4.37 5
0.587 8.81 4.37 3
0.626 8.781 4.231 2
0.621 8.791 4.188 5
0.621 8.791 4.188 5
0.482 8.825 4.284 5
0.482 8.825 4.284 4
0.482 8.825 4.284 1
0.554 8.705 4.346 5
0.554 8.705 4.346 5
0.578 8.724 4.236 5
0.578 8.724 4.236 3
0.578 8.724 4.236 2
0.587 8.762 4.246 5
0.587 8.762 4.246 5
0.563 8.757 4.203 5
0.563 8.757 4.203 4
0.563 8.757 4.203 1
0.587 8.753 4.131 5
0.587 8.753 4.131 5
0.606 8.762 4.14 5
0.606 8.762 4.14 4
0.606 8.762 4.14 1
0.626 8.781 4.207 5
0.626 8.781 4.207 5
0.549 8.786 4.26 5
0.549 8.786 4.26 4
0.549 8.786 4.26 1
0.559 8.695 4.255 5
0.559 8.695 4.255 5
0.468 8.753 4.303 5
0.468 8.753 4.303 4
0.468 8.753 4.303 1
0.487 8.729 4.279 5
0.487 8.729 4.279 5
0.52 8.719 4.341 5
0.52 8.719 4.341 4
0.578 8.734 4.361 1
0.578 8.734 4.361 5
0.578 8.772 4.255 5
0.578 8.772 4.255 5
0.578 8.772 4.255 4
0.539 8.714 4.294 1
0.539 8.714 4.294 5
0.535 8.738 4.332 5
0.535 8.738 4.332 5
0.535 8.738 4.332 4
0.606 8.729 4.25 1
0.606 8.729 4.25 5
0.602 8.738 4.361 5
0.602 8.738 4.361 5
0.602 8.738 4.361 4
0.602 8.724 4.375 1
0.602 8.724 4.375 5
0.64 8.772 4.408 5
0.64 8.772 4.408 5
0.64 8.772 4.408 4
0.683 8.805 4.356 1
0.683 8.805 4.356 5
0.597 8.781 4.337 5
0.597 8.781 4.337 5
0.597 8.781 4.337 4
0.587 8.767 4.375 1
0.587 8.767 4.375 5
0.559 8.671 4.456 5
0.621 8.719 4.313 5
0.621 8.719 4.313 4
0.621 8.719 4.313 2
0.606 8.767 4.346 4
0.606 8.767 4.346 5
0.63 8.757 4.317 5
0.63 8.757 4.317 4
0.63 8.757 4.317 1
0.616 8.781 4.217 5
0.616 8.781 4.217 5
0.635 8.815 4.188 5
0.635 8.815 4.188 4
0.635 8.815 4.188 2
0.626 8.801 4.231 4
0.626 8.801 4.231 5
0.626 8.801 4.183 5
0.626 8.801 4.183 4
0.626 8.801 4.183 1
0.602 8.743 4.27 5
0.602 8.743 4.27 5
0.549 8.734 4.365 5
0.549 8.734 4.365 4
0.549 8.734 4.365 1
0.563 8.724 4.404 5
0.563 8.724 4.404 5
0.568 8.753 4.346 5
0.568 8.753 4.346 4
0.568 8.753 4.346 1
0.597 8.748 4.298 5
0.597 8.748 4.298 5
0.592 8.724 4.241 5
0.592 8.724 4.241 4
0.592 8.724 4.241 2
0.64 8.777 4.226 4
0.64 8.777 4.226 5
0.673 8.81 4.25 5
0.673 8.81 4.25 4
0.712 8.748 4.279 1
0.712 8.748 4.279 5
0.702 8.805 4.203 5
0.702 8.805 4.203 5
0.702 8.805 4.203 4
0.678 8.786 4.179 1
0.678 8.786 4.179 5
0.616 8.772 4.188 5
0.616 8.772 4.188 5
0.616 8.772 4.188 5
0.65 8.772 4.279 1
0.65 8.772 4.279 4
0.626 8.801 4.226 5
0.626 8.801 4.226 5
0.626 8.801 4.226 4
0.578 8.777 4.279 1
0.578 8.777 4.279 5
0.53 8.743 4.294 5
0.53 8.743 4.294 5
0.53 8.743 4.294 4
0.573 8.781 4.179 2
0.573 8.781 4.179 4
0.616 8.805 4.313 5
0.616 8.805 4.313 5
0.616 8.805 4.313 4
0.568 8.743 4.313 2
0.568 8.743 4.313 5
0.563 8.781 4.226 5
0.563 8.781 4.226 5
0.563 8.781 4.226 3
0.582 8.757 4.188 2
0.597 8.772 4.198 5
0.597 8.772 4.198 5
0.611 8.81 4.25 5
0.611 8.81 4.25 3
0.611 8.81 4.25 2
0.606 8.805 4.193 5
0.606 8.805 4.193 5
0.611 8.748 4.169 5
0.611 8.748 4.169 3
0.611 8.748 4.169 2
0.554 8.748 4.26 5
0.554 8.748 4.26 5
0.606 8.69 4.193 5
0.606 8.69 4.193 3
0.606 8.69 4.193 2
0.63 8.753 4.241 5
0.63 8.753 4.241 5
0.616 8.767 4.279 5
0.616 8.767 4.279 3
0.616 8.767 4.279 2
0.611 8.71 4.308 5
0.611 8.71 4.308 5
0.582 8.738 4.313 5
0.582 8.738 4.313 4
0.501 8.705 4.226 6
0.501 8.705 4.226 5
0.563 8.786 4.337 5
0.563 8.786 4.337 3
0.563 8.786 4.337 2
0.549 8.753 4.255 5
0.549 8.753 4.255 5
0.477 8.71 4.294 5
0.477 8.71 4.294 4
0.53 8.724 4.365 1
0.53 8.724 4.365 5
0.549 8.767 4.241 5
0.549 8.767 4.241 5
0.549 8.767 4.241 4
0.578 8.767 4.294 1
0.578 8.767 4.294 5
0.645 8.777 4.265 5
0.645 8.777 4.265 5
0.645 8.777 4.265 3
0.463 8.571 4.447 2
0.463 8.571 4.447 5
0.616 8.767 4.212 5
0.616 8.767 4.212 5
0.616 8.767 4.212 3
0.678 8.681 4.27 2
0.678 8.681 4.27 5
0.764 8.791 4.246 5
0.764 8.791 4.246 5
0.764 8.791 4.246 4
0.855 8.801 4.145 1
0.855 8.801 4.145 5
0.87 8.801 4.135 5
0.87 8.801 4.135 5
0.87 8.801 4.135 3
0.855 8.748 4.097 2
0.855 8.748 4.097 5
1.119 9.059 2.527 5
1.119 9.059 2.527 5
1.119 9.059 2.527 3
1.061 9.212 3.973 2
1.344 8.609 4.164 5
1.344 8.609 4.164 5
1.296 8.896 4.562 5
1.296 8.896 4.562 4
1.296 8.896 4.562 1
1.219 8.662 4.897 5
1.219 8.662 4.897 5
1.095 8.676 4.701 5
1.095 8.676 4.701 3
1.095 8.676 4.701 2
0.808 8.652 4.6 5
0.808 8.652 4.6 5
0.621 8.619 4.686 5
0.621 8.619 4.686 4
0.621 8.619 4.686 1
0.693 8.734 4.83 5
0.693 8.734 4.83 5
0.764 8.834 4.763 5
0.764 8.834 4.763 4
0.764 8.834 4.763 1
0.831 8.916 4.504 5
0.831 8.916 4.504 5
0.707 8.939 4.399 5
0.707 8.939 4.399 3
0.707 8.939 4.399 2
0.769 8.839 4.246 5
0.769 8.839 4.246 5
0.946 8.892 4.265 5
0.946 8.892 4.265 3
0.946 8.892 4.265 2
1.013 8.892 4.241 5
1.013 8.892 4.241 5
0.942 8.848 4.432 5
0.942 8.848 4.432 4
1.018 8.906 4.361 1
1.018 8.906 4.361 5
0.822 8.791 4.332 5
0.822 8.791 4.332 5
0.822 8.791 4.332 3
0.654 8.686 4.332 2
0.654 8.686 4.332 5
0.477 8.667 4.274 5
0.477 8.667 4.274 5
0.477 8.667 4.274 3
0.31 8.628 4.174 2
0.31 8.628 4.174 5
0.223 8.633 4.15 5
0.223 8.633 4.15 5
0.223 8.633 4.15 4
0.214 8.686 4.179 1
0.214 8.686 4.179 5
0.295 8.748 4.169 5
0.295 8.748 4.169 5
0.295 8.748 4.169 3
0.333 8.753 4.145 2
0.333 8.753 4.145 5
0.324 8.724 4.169 5
0.324 8.724 4.169 5
0.324 8.724 4.169 4
0.353 8.681 4.159 2
0.353 8.681 4.159 4
0.42 8.69 4.145 5
0.42 8.69 4.145 5
0.42 8.69 4.145 4
0.606 8.781 4.294 1
0.554 8.753 4.236 5
0.554 8.753 4.236 5
0.525 8.724 4.25 5
0.525 8.724 4.25 3
0.525 8.724 4.25 2
0.496 8.657 4.346 5
0.496 8.657 4.346 5
0.501 8.643 4.413 5
0.501 8.643 4.413 3
0.501 8.643 4.413 2
0.52 8.614 4.547 5
0.52 8.614 4.547 5
0.515 8.628 4.581 5
0.515 8.628 4.581 4
0.515 8.628 4.581 1
0.664 8.671 4.581 5
0.664 8.671 4.581 5
0.645 8.781 4.504 5
0.645 8.781 4.504 4
0.645 8.781 4.504 1
0.616 8.829 4.365 5
0.616 8.829 4.365 5
0.554 8.815 4.337 5
0.554 8.815 4.337 4
0.554 8.815 4.337 1
0.477 8.753 4.375 5
0.477 8.753 4.375 5
0.424 8.7 4.346 5
0.424 8.7 4.346 4
0.424 8.7 4.346 1
0.314 8.686 4.274 5
0.314 8.686 4.274 5
0.362 8.7 4.231 5
0.362 8.7 4.231 4
0.319 8.667 4.226 1
0.319 8.667 4.226 5
0.233 8.599 4.183 5
0.233 8.599 4.183 5
0.233 8.599 4.183 4
0.156 8.547 4.25 1
0.156 8.547 4.25 5
0.214 8.48 4.332 5
0.214 8.48 4.332 5
0.214 8.48 4.332 4
0.147 8.432 4.351 1
0.147 8.432 4.351 5
0.147 8.403 4.452 5
0.147 8.403 4.452 5
0.147 8.403 4.452 4
0.171 8.35 4.423 1
0.171 8.35 4.423 5
0.271 8.461 4.456 5
0.271 8.461 4.456 5
0.271 8.461 4.456 4
0.348 8.542 4.394 1
0.348 8.542 4.394 5
0.391 8.566 4.442 5

# Completed @Sun Mar 26 22:22:06 GMT+02:00 2017
