# Accelerometer Data File
# Started @Thu Mar 30 19:11:10 GMT+02:00 2017
#
#
# sensor Vendor: Invensense
# sensor Name: ICM20610 Acceleration Sensor
# sensor Resolution: 0.0011971008m/sec^2; Max Range: 39.2266; Min Delay: 5000 microseconds
# The sensor's attributes are the result hardware and the Android capabilities.
# It means that the Android may not utilize all features provided by the hardware.
#
# Some devices and Android versions save battery too much so the device may go to sleep.
# It just happens after couple of minutes from turning off the scree and it is easy to find it out.
#
# The following file provides the data from accelerometer in the m/s^2 format.
# The diff value is just a time delta between the samples
#
#
# data format:
# so we have 4 columns with values separated by the " "
# X Y Z time_from_previous_sample(ms)

# sensor speed set to:FASTEST
# units set to: m/sec^2
# gravity NOT filtered out
# Accuracy: HIGH
0.333 5.645 8.158 0
0.333 5.645 8.158 5
0.209 5.64 8.115 5
0.209 5.64 8.115 3
0.209 5.64 8.115 2
0.262 5.669 7.904 5
0.262 5.669 7.904 5
0.223 5.702 7.851 5
0.223 5.702 7.851 3
0.223 5.702 7.851 2
0.348 5.803 7.87 5
0.348 5.803 7.87 5
0.319 5.822 7.803 5
0.319 5.822 7.803 3
0.319 5.822 7.803 2
0.343 5.894 7.981 5
0.343 5.894 7.981 5
0.3 5.865 7.899 5
0.3 5.865 7.899 3
0.3 5.865 7.899 2
0.367 5.822 7.818 5
0.367 5.822 7.818 5
0.338 5.88 7.914 5
0.338 5.88 7.914 3
0.305 5.875 7.904 2
0.305 5.875 7.904 5
0.314 5.803 7.875 5
0.314 5.803 7.875 5
0.314 5.803 7.875 3
0.31 5.832 7.904 2
0.31 5.832 7.904 5
0.319 5.861 7.914 5
0.319 5.861 7.914 5
0.319 5.861 7.914 3
0.295 5.808 7.846 2
0.295 5.808 7.846 5
0.295 5.846 7.88 5
0.295 5.846 7.88 5
0.295 5.846 7.88 3
0.305 5.87 7.851 2
0.305 5.87 7.851 5
0.228 5.803 7.88 5
0.228 5.803 7.88 5
0.228 5.803 7.88 3
0.252 5.808 7.856 2
0.252 5.808 7.856 5
0.18 5.798 7.813 5
0.18 5.798 7.813 5
0.18 5.798 7.813 3
0.214 5.808 7.918 2
0.214 5.808 7.918 5
0.448 5.894 7.914 5
0.448 5.894 7.914 5
0.448 5.894 7.914 3
0.492 5.961 8.028 2
0.53 5.947 8.143 5
0.53 5.947 8.143 5
0.42 5.923 7.933 5
0.42 5.923 7.933 3
0.42 5.923 7.933 2
0.295 5.822 7.894 5
0.295 5.822 7.894 5
0.166 5.822 7.923 5
0.166 5.822 7.923 3
0.166 5.822 7.923 2
0.008 5.822 7.875 5
0.008 5.822 7.875 5
-0.159 5.861 7.827 5
-0.159 5.861 7.827 3
-0.159 5.861 7.827 2
-0.264 5.865 7.674 5
-0.264 5.865 7.674 5
-0.216 5.846 7.636 5
-0.216 5.846 7.636 3
-0.216 5.846 7.636 2
-0.025 5.856 7.751 5
-0.025 5.856 7.751 5
0.281 5.928 7.88 5
0.281 5.928 7.88 3
0.281 5.928 7.88 2
0.501 5.942 8.019 5
0.501 5.942 8.019 5
0.602 5.923 8.124 5
0.602 5.923 8.124 3
0.602 5.923 8.124 2
0.702 5.942 8.196 5
0.65 5.98 8.244 5
0.65 5.98 8.244 5
0.65 5.98 8.244 3
0.53 5.918 8.1 2
0.53 5.918 8.1 5
0.333 5.956 8.033 6
0.333 5.956 8.033 5
0.333 5.956 8.033 2
0.257 5.937 7.866 2
0.257 5.937 7.866 5
0.137 5.942 7.775 5
0.137 5.942 7.775 5
0.137 5.942 7.775 3
0.123 5.956 7.803 2
0.123 5.956 7.803 5
0.175 5.923 7.813 5
0.175 5.923 7.813 5
0.175 5.923 7.813 3
0.3 5.798 7.808 2
0.3 5.798 7.808 5
0.401 5.765 7.909 5
0.401 5.765 7.909 5
0.401 5.765 7.909 3
0.453 5.655 8.019 2
0.453 5.655 8.019 5
0.582 5.525 8.028 5
0.582 5.525 8.028 5
0.582 5.525 8.028 3
0.568 5.42 8.119 2
0.568 5.42 8.119 5
0.448 5.41 8.1 5
0.295 5.506 7.928 5
0.295 5.506 7.928 3
0.295 5.506 7.928 2
0.29 5.631 7.593 5
0.29 5.631 7.593 5
0.29 5.827 7.425 5
0.29 5.827 7.425 3
0.29 5.827 7.425 2
0.185 5.971 7.435 5
0.185 5.971 7.435 5
0.017 6.047 7.473 5
0.017 6.047 7.473 3
0.017 6.047 7.473 2
-0.053 6.1 7.679 5
-0.053 6.1 7.679 5
-0.14 6.138 7.789 5
-0.14 6.138 7.789 3
-0.14 6.138 7.789 2
-0.14 6.263 7.827 5
-0.14 6.263 7.827 6
-0.053 6.387 7.976 5
-0.053 6.387 7.976 2
-0.053 6.387 7.976 2
0.046 6.454 8.009 5
0.046 6.454 8.009 5
0.07 6.497 8.052 5
0.07 6.497 8.052 4
0.07 6.497 8.052 1
0.19 6.536 8.095 5
0.19 6.536 8.095 5
0.386 6.469 8.215 5
0.386 6.469 8.215 4
0.396 6.426 8.479 1
0.396 6.426 8.479 5
0.333 6.32 8.593 5
0.333 6.32 8.593 5
0.333 6.32 8.593 4
0.152 6.272 8.627 1
0.152 6.272 8.627 5
-0.082 6.229 8.627 5
-0.082 6.229 8.627 5
-0.082 6.229 8.627 4
-0.278 6.272 8.55 1
-0.278 6.272 8.55 5
-0.48 6.196 8.287 6
-0.48 6.196 8.287 5
-0.48 6.196 8.287 3
-0.781 6.095 8.091 1
-0.781 6.095 8.091 5
-0.982 6.028 7.846 5
-0.982 6.028 7.846 5
-0.982 6.028 7.846 4
-1.15 6.086 7.846 1
-1.15 6.086 7.846 5
-1.236 6.023 7.803 5
-1.236 6.023 7.803 5
-1.236 6.023 7.803 4
-1.356 5.947 7.789 1
-1.356 5.947 7.789 5
-1.509 6.014 7.851 5
-1.509 6.014 7.851 5
-1.509 6.014 7.851 4
-1.629 6.023 7.942 1
-1.734 5.951 8.1 5
-1.734 5.951 8.1 6
-1.753 5.861 7.99 8
-1.753 5.861 7.99 1
-1.705 5.698 8.11 5
-1.705 5.698 8.11 5
-1.681 5.477 8.258 5
-1.681 5.477 8.258 4
-1.681 5.477 8.258 1
-1.739 5.324 8.431 5
-1.739 5.324 8.431 5
-1.859 5.185 8.445 5
-1.859 5.185 8.445 4
-1.859 5.185 8.445 1
-1.997 5.176 8.244 5
-1.997 5.176 8.244 6
-2.189 5.099 8.139 5
-2.189 5.099 8.139 3
-2.189 5.099 8.139 1
-2.376 4.97 7.985 5
-2.376 4.97 7.985 5
-2.51 4.769 8.143 5
-2.51 4.769 8.143 4
-2.51 4.769 8.143 1
-2.472 4.52 8.182 5
-2.472 4.52 8.182 6
-2.28 4.41 8.186 5
-2.28 4.41 8.186 3
-2.28 4.41 8.186 1
-2.275 4.299 8.33 5
-2.175 4.065 8.067 6
-2.175 4.065 8.067 5
-2.175 4.065 8.067 3
-2.199 4.036 7.712 1
-2.199 4.036 7.712 5
-2.299 4.007 7.736 5
-2.299 4.007 7.736 5
-2.299 4.007 7.736 4
-2.634 3.663 7.612 1
-2.634 3.663 7.612 5
-3.223 3.107 7.578 5
-3.223 3.107 7.578 5
-3.223 3.107 7.578 4
-3.487 2.528 7.607 1
-3.487 2.528 7.607 5
-3.75 2.063 8.043 6
-3.75 2.063 8.043 5
-3.75 2.063 8.043 3
-3.343 1.991 8.565 1
-3.343 1.991 8.565 5
-2.352 2.264 8.713 6
-2.352 2.264 8.713 5
-2.352 2.264 8.713 3
-0.81 3.035 8.388 1
-0.81 3.035 8.388 5
0.539 3.902 7.985 5
0.539 3.902 7.985 5
0.539 3.902 7.985 4
1.095 4.386 7.708 1
1.095 4.386 7.708 5
1.047 4.323 7.578 6
0.707 3.974 7.933 5
0.707 3.974 7.933 3
0.707 3.974 7.933 1
0.061 3.548 8.68 5
0.061 3.548 8.68 6
-0.508 3.141 8.962 5
-0.508 3.141 8.962 3
-0.508 3.141 8.962 2
-0.8 2.485 9.12 4
-0.8 2.485 9.12 6
-0.729 1.991 9.048 5
-0.729 1.991 9.048 3
-0.729 1.991 9.048 1
-0.25 1.857 8.708 5
-0.25 1.857 8.708 6
0.731 2.121 8.22 5
0.731 2.121 8.22 3
0.731 2.121 8.22 1
1.44 2.523 7.904 5
1.44 2.523 7.904 6
1.55 2.777 7.712 5
1.55 2.777 7.712 3
1.55 2.777 7.712 1
1.468 2.738 7.416 5
1.468 2.738 7.416 6
1.061 2.485 7.382 5
1.061 2.485 7.382 3
1.061 2.485 7.382 2
0.812 2.145 6.994 5
0.812 2.145 6.994 5
0.884 1.814 6.707 5
0.884 1.814 6.707 3
1.406 1.417 6.903 2
1.406 1.417 6.903 5
2.177 1.355 7.444 5
2.177 1.355 7.444 5
2.177 1.355 7.444 3
3.187 1.556 7.77 2
3.187 1.556 7.77 5
4.538 1.628 7.942 5
4.538 1.628 7.942 5
4.538 1.628 7.942 3
5.548 2.063 8.21 2
5.548 2.063 8.21 5
5.883 2.092 7.923 5
5.883 2.092 7.923 5
5.883 2.092 7.923 3
5.644 1.522 7.248 2
5.644 1.522 7.248 5
5.371 1.053 6.836 5
5.371 1.053 6.836 5
5.371 1.053 6.836 3
5.476 1.187 6.937 2
5.476 1.187 6.937 5
6.353 1.302 7.138 5
6.353 1.302 7.138 5
6.353 1.302 7.138 3
7.286 1.436 7.507 2
7.286 1.436 7.507 5
7.803 1.738 7.832 5
7.803 1.738 7.832 5
7.803 1.738 7.832 3
8.373 1.944 8.316 2
8.694 2.221 8.78 5
8.694 2.221 8.78 5
8.627 2.121 8.972 5
8.627 2.121 8.972 3
8.627 2.121 8.972 2
8.55 1.786 9.226 5
8.55 1.786 9.226 5
8.44 1.484 9.542 5
8.44 1.484 9.542 3
8.44 1.484 9.542 2
8.627 1.805 9.7 5
8.627 1.805 9.7 5
8.651 2.293 9.537 5
8.651 2.293 9.537 3
8.651 2.293 9.537 2
8.201 2.212 8.479 5
8.201 2.212 8.479 5
8.359 2.729 8.129 5
8.359 2.729 8.129 3
8.359 2.729 8.129 2
8.388 3.145 6.793 5
8.388 3.145 6.793 5
9.12 3.605 5.773 5
9.12 3.605 5.773 3
9.12 3.605 5.773 2
9.776 4.299 5.352 5
9.776 4.299 5.352 5
10.595 4.903 5.448 5
10.595 4.903 5.448 3
10.595 4.903 5.448 2
11.174 5.276 6.07 5
11.318 5.334 6.793 5
11.318 5.334 6.793 5
11.318 5.334 6.793 3
10.844 5.2 7.258 2
10.844 5.2 7.258 5
10.02 4.649 7.559 5
10.02 4.649 7.559 5
10.02 4.649 7.559 3
9.254 4.103 7.583 2
9.254 4.103 7.583 5
8.761 3.672 7.363 5
8.761 3.672 7.363 5
8.761 3.672 7.363 3
8.412 3.581 7.066 2
8.412 3.581 7.066 5
8.354 3.677 6.822 5
8.354 3.677 6.822 5
8.354 3.677 6.822 3
8.708 3.94 6.707 2
8.708 3.94 6.707 5
8.895 4.319 6.654 5
8.895 4.319 6.654 5
8.895 4.319 6.654 3
8.78 4.496 6.544 2
8.78 4.496 6.544 5
8.364 4.357 6.266 5
8.364 4.357 6.266 5
8.364 4.357 6.266 3
7.593 3.763 6.027 2
7.593 3.763 6.027 5
6.956 3.26 5.697 5
6.357 2.983 5.807 5
6.357 2.983 5.807 3
6.357 2.983 5.807 2
5.893 2.748 5.835 5
5.893 2.748 5.835 5
5.414 2.518 5.807 5
5.414 2.518 5.807 3
5.414 2.518 5.807 2
5.175 2.231 5.677 5
5.175 2.231 5.677 5
5.285 2.269 5.955 5
5.285 2.269 5.955 3
5.285 2.269 5.955 2
5.634 2.446 6.161 5
5.634 2.446 6.161 5
5.855 2.466 6.257 5
5.855 2.466 6.257 3
5.855 2.466 6.257 2
6.123 2.518 6.147 5
6.123 2.518 6.147 5
6.41 2.561 6.108 5
6.41 2.561 6.108 3
6.41 2.561 6.108 2
6.716 2.676 6.242 5
6.716 2.676 6.242 5
6.731 2.691 6.525 5
6.731 2.691 6.525 3
6.731 2.691 6.525 2
6.582 2.504 6.74 5
6.582 2.504 6.74 5
6.707 2.351 6.544 5
6.707 2.351 6.544 3
7.444 2.236 6.396 2
7.444 2.236 6.396 5
8.823 2.868 6.582 5
8.823 2.868 6.582 5
8.823 2.868 6.582 3
10.02 3.72 7.104 2
10.02 3.72 7.104 5
11.031 4.29 7.181 5
11.031 4.29 7.181 5
11.031 4.29 7.181 3
11.423 4.73 7.43 2
11.423 4.73 7.43 5
10.964 4.644 6.874 5
10.964 4.644 6.874 5
10.964 4.644 6.874 3
10.145 4.084 6.214 2
10.145 4.084 6.214 5
9.508 3.462 5.701 5
9.508 3.462 5.701 5
9.508 3.462 5.701 4
9.221 3.074 5.639 1
9.221 3.074 5.639 5
9.427 2.81 5.979 5
9.427 2.81 5.979 5
9.427 2.81 5.979 3
9.834 2.873 6.851 2
9.834 2.873 6.851 5
10.064 3.136 7.545 5
10.064 3.136 7.545 5
10.064 3.136 7.545 4
9.958 3.078 7.612 1
9.958 3.078 7.612 5
9.623 2.844 7.617 6
9.005 2.686 7.511 5
9.005 2.686 7.511 3
9.005 2.686 7.511 1
8.325 2.279 7.473 5
8.325 2.279 7.473 6
7.765 1.905 7.186 5
7.765 1.905 7.186 3
7.765 1.905 7.186 1
7.55 1.656 6.75 5
7.55 1.656 6.75 5
7.698 1.68 6.692 5
7.698 1.68 6.692 4
7.698 1.68 6.692 1
8.057 1.944 7.032 5
8.057 1.944 7.032 5
8.196 2.36 7.411 5
8.196 2.36 7.411 4
8.196 2.36 7.411 1
8.287 2.48 7.325 5
8.287 2.48 7.325 6
7.942 2.24 6.898 5
7.942 2.24 6.898 3
7.942 2.24 6.898 1
7.612 2.106 6.496 5
7.612 2.106 6.496 5
7.483 1.877 6.333 5
7.483 1.877 6.333 4
7.483 1.877 6.333 1
7.641 1.699 6.19 5
7.641 1.699 6.19 5
8.225 1.738 6.242 5
8.225 1.738 6.242 4
9.111 2.245 6.817 1
9.111 2.245 6.817 5
9.676 3.002 7.066 5
9.676 3.002 7.066 5
9.676 3.002 7.066 4
10.011 3.38 6.769 1
10.011 3.38 6.769 5
10.509 3.466 6.075 5
10.509 3.466 6.075 5
10.509 3.466 6.075 4
10.983 3.404 5.577 1
10.983 3.404 5.577 5
11.62 3.414 6.056 6
11.62 3.414 6.056 5
11.62 3.414 6.056 3
12.218 3.38 7.032 1
12.218 3.38 7.032 5
12.745 3.208 8.201 5
12.745 3.208 8.201 5
12.745 3.208 8.201 4
12.644 2.662 9.307 1
12.644 2.662 9.307 5
11.514 2.274 10.202 6
11.514 2.274 10.202 5
11.514 2.274 10.202 3
10.03 1.651 9.369 1
10.03 1.651 9.369 5
8.938 0.89 7.794 5
8.938 0.89 7.794 5
8.938 0.89 7.794 4
8.45 0.814 6.803 1
8.407 1.139 6.669 5
8.407 1.139 6.669 6
8.732 1.412 7.114 5
8.732 1.412 7.114 3
8.732 1.412 7.114 1
9.226 1.671 7.861 6
9.226 1.671 7.861 5
9.417 2.193 8.651 5
9.417 2.193 8.651 3
9.417 2.193 8.651 1
9.182 2.748 9.115 5
9.182 2.748 9.115 5
8.167 3.217 8.661 5
8.167 3.217 8.661 4
8.167 3.217 8.661 1
6.956 3.701 7.492 5
6.956 3.701 7.492 6
5.807 3.72 6.075 5
5.807 3.72 6.075 3
5.807 3.72 6.075 1
5.227 3.485 5.141 5
5.227 3.485 5.141 6
5.227 3.232 5.06 5
5.227 3.232 5.06 3
5.227 3.232 5.06 1
5.859 2.968 6.089 5
6.52 2.772 7.516 6
6.52 2.772 7.516 5
6.52 2.772 7.516 3
6.52 2.772 7.516 1
6.999 2.537 8.809 5
6.98 2.087 9.776 6
6.98 2.087 9.776 5
6.98 2.087 9.776 3
6.501 1.68 10.336 1
6.501 1.68 10.336 6
5.773 1.493 10.236 5
5.773 1.493 10.236 5
5.773 1.493 10.236 3
4.993 1.374 9.589 2
4.993 1.374 9.589 5
4.428 1.244 8.388 5
4.428 1.244 8.388 5
4.428 1.244 8.388 3
3.858 1.45 7.382 2
3.858 1.45 7.382 5
3.772 1.814 6.501 5
3.772 1.814 6.501 5
3.772 1.814 6.501 3
3.901 2.193 5.998 2
3.901 2.193 5.998 5
4.078 2.475 6.041 5
4.078 2.475 6.041 5
4.078 2.475 6.041 3
4.169 2.671 6.597 2
4.169 2.671 6.597 5
3.925 2.662 6.994 5
3.925 2.662 6.994 5
3.925 2.662 6.994 3
3.47 2.331 7.119 2
3.47 2.331 7.119 5
2.819 1.891 7.061 5
2.517 1.719 6.97 5
2.517 1.719 6.97 3
2.517 1.719 6.97 2
2.249 1.91 7.234 5
2.249 1.91 7.234 5
1.971 2.049 7.248 5
1.971 2.049 7.248 3
1.971 2.049 7.248 2
1.66 2.159 7.435 5
1.66 2.159 7.435 5
1.286 2.312 7.406 5
1.286 2.312 7.406 3
1.286 2.312 7.406 2
0.97 2.375 7.119 5
0.97 2.375 7.119 5
0.602 2.375 7.104 5
0.602 2.375 7.104 3
0.602 2.375 7.104 2
0.458 2.437 7.219 5
0.458 2.437 7.219 5
0.266 2.528 7.372 5
0.266 2.528 7.372 3
0.266 2.528 7.372 2
0.104 2.628 7.583 5
0.104 2.628 7.583 5
-0.446 2.777 7.392 5
-0.446 2.777 7.392 3
-0.446 2.777 7.392 2
-0.796 2.964 7.08 5
-1.351 3.318 6.927 5
-1.351 3.318 6.927 5
-1.351 3.318 6.927 3
-1.844 3.6 6.467 2
-1.844 3.6 6.467 5
-2.108 3.782 5.898 5
-2.108 3.782 5.898 5
-2.108 3.782 5.898 3
-2.002 4.141 5.543 2
-2.002 4.141 5.543 5
-1.705 4.577 5.462 5
-1.705 4.577 5.462 5
-1.705 4.577 5.462 3
-1.303 4.941 5.567 2
-1.303 4.941 5.567 5
-1.078 5.2 6.194 5
-1.078 5.2 6.194 5
-1.078 5.2 6.194 3
-1.274 5.281 6.889 2
-1.274 5.281 6.889 5
-1.504 5.281 7.291 5
-1.504 5.281 7.291 5
-1.504 5.281 7.291 3
-1.935 5.31 7.602 2
-1.935 5.31 7.602 5
-2.203 5.166 7.526 5
-2.203 5.166 7.526 5
-2.203 5.166 7.526 3
-2.294 5.128 7.597 2
-2.294 5.128 7.597 5
-2.041 5.157 7.765 5
-2.041 5.157 7.765 5
-2.041 5.157 7.765 3
-1.552 5.487 8.34 2
-0.891 5.741 8.838 5
-0.891 5.741 8.838 5
-0.192 5.942 9.163 5
-0.192 5.942 9.163 3
-0.192 5.942 9.163 2
0.587 6.291 9.484 5
0.587 6.291 9.484 5
0.865 6.493 9.7 5
0.865 6.493 9.7 3
0.865 6.493 9.7 2
0.707 6.545 9.704 5
0.707 6.545 9.704 5
0.539 6.488 9.374 5
0.539 6.488 9.374 3
0.539 6.488 9.374 2
0.3 6.44 9.221 5
0.3 6.44 9.221 5
0.41 6.416 9.101 5
0.41 6.416 9.101 3
0.41 6.416 9.101 2
0.391 6.32 8.953 5
0.391 6.32 8.953 5
0.549 6.196 8.809 5
0.549 6.196 8.809 3
0.549 6.196 8.809 2
0.98 6.162 8.991 5
0.98 6.162 8.991 5
1.09 6.315 9.269 5
1.09 6.315 9.269 3
1.09 6.315 9.269 2
1.071 6.358 9.589 5
1.104 6.291 9.57 5
1.104 6.291 9.57 5
1.104 6.291 9.57 3
0.913 6.291 9.331 2
0.913 6.291 9.331 5
0.745 6.363 8.948 5
0.745 6.363 8.948 5
0.745 6.363 8.948 3
0.683 6.344 8.531 2
0.683 6.344 8.531 5
0.717 6.473 8.277 5
0.717 6.473 8.277 5
0.717 6.473 8.277 3
0.477 6.497 7.976 2
0.477 6.497 7.976 5
0.199 6.497 7.607 5
0.199 6.497 7.607 5
0.199 6.497 7.607 3
-0.159 6.459 7.396 2
-0.159 6.459 7.396 5
-0.24 6.33 7.195 5
-0.24 6.33 7.195 5
-0.24 6.33 7.195 3
-0.355 6.2 7.526 2
-0.355 6.2 7.526 5
-0.542 5.918 7.784 6
-0.542 5.918 7.784 5
-0.542 5.918 7.784 2
-0.647 5.602 8.057 2
-0.647 5.602 8.057 5
-0.681 5.453 8.277 5
-0.484 5.487 8.479 5
-0.484 5.487 8.479 3
-0.484 5.487 8.479 2
0.022 5.76 8.402 5
0.022 5.76 8.402 5
0.53 6.244 8.364 5
0.53 6.244 8.364 3
0.53 6.244 8.364 2
0.851 6.483 8.196 5
0.851 6.483 8.196 5
0.879 6.593 7.808 5
0.879 6.593 7.808 4
0.879 6.593 7.808 1
0.918 6.67 7.521 5
0.918 6.67 7.521 5
0.99 6.742 7.234 5
0.99 6.742 7.234 4
0.99 6.742 7.234 1
0.961 6.679 7.344 5
0.961 6.679 7.344 6
0.951 6.526 7.55 5
0.951 6.526 7.55 3
0.951 6.526 7.55 1
0.841 6.382 7.784 5
0.841 6.382 7.784 6
0.745 6.081 7.784 5
0.745 6.081 7.784 3
0.745 6.081 7.784 1
0.822 5.899 8.091 5
0.822 5.899 8.091 5
0.97 5.932 8.234 5
0.97 5.932 8.234 4
1.344 6.105 8.354 1
1.344 6.105 8.354 5
1.732 6.248 8.45 5
1.732 6.248 8.45 5
1.732 6.248 8.45 4
1.952 6.358 8.301 1
1.952 6.358 8.301 5
1.756 6.354 7.957 6
1.756 6.354 7.957 5
1.756 6.354 7.957 3
1.449 6.2 7.583 1
1.449 6.2 7.583 5
1.157 6.038 7.162 5
1.157 6.038 7.162 5
1.157 6.038 7.162 4
0.855 5.956 6.865 1
0.855 5.956 6.865 5
0.784 5.913 6.673 5
0.784 5.913 6.673 5
0.784 5.913 6.673 4
0.865 5.884 6.673 1
0.865 5.884 6.673 5
1.013 5.88 6.731 6
1.013 5.88 6.731 5
1.013 5.88 6.731 3
1.229 5.966 6.467 1
1.229 5.966 6.467 5
1.569 6.1 6.372 6
1.569 6.1 6.372 5
1.569 6.1 6.372 3
1.775 6.291 6.635 1
1.871 6.311 6.76 5
1.871 6.311 6.76 6
1.895 6.172 6.851 5
1.895 6.172 6.851 3
1.895 6.172 6.851 1
1.646 6.114 6.97 5
1.646 6.114 6.97 6
1.502 5.961 7.037 5
1.502 5.961 7.037 3
1.502 5.961 7.037 1
1.521 5.985 6.961 5
1.521 5.985 6.961 6
1.713 6.1 6.932 5
1.713 6.1 6.932 3
1.713 6.1 6.932 1
1.904 6.229 7.056 5
1.904 6.229 7.056 5
2.115 6.282 7.157 5
2.115 6.282 7.157 4
2.115 6.282 7.157 1
2.172 6.382 7.305 5
2.172 6.382 7.305 6
2.225 6.402 7.42 5
2.225 6.402 7.42 3
2.225 6.402 7.42 1
2.096 6.435 7.449 5
2.096 6.435 7.449 6
1.88 6.445 7.339 5
1.88 6.445 7.339 3
1.88 6.445 7.339 1
1.689 6.382 7.238 5
1.574 6.339 7.258 5
1.574 6.339 7.258 5
1.574 6.339 7.258 4
1.578 6.411 7.21 1
1.578 6.411 7.21 5
1.54 6.473 7.234 6
1.54 6.473 7.234 5
1.54 6.473 7.234 3
1.607 6.517 7.133 1
1.607 6.517 7.133 5
1.722 6.569 7.08 6
1.722 6.569 7.08 5
1.722 6.569 7.08 3
1.856 6.569 7.353 1
1.856 6.569 7.353 5
1.899 6.603 7.526 6
1.899 6.603 7.526 5
1.899 6.603 7.526 3
1.847 6.483 7.684 2
1.847 6.483 7.684 5
1.818 6.421 7.827 5
1.818 6.421 7.827 5
1.818 6.421 7.827 3
1.689 6.296 7.823 2
1.689 6.296 7.823 5
1.646 6.258 7.751 5
1.646 6.258 7.751 5
1.646 6.258 7.751 3
1.655 6.296 7.612 2
1.655 6.296 7.612 5
1.851 6.473 7.554 5
1.535 6.584 5.179 5
1.535 6.584 5.179 3
1.535 6.584 5.179 2
1.315 6.584 6.171 5
1.315 6.584 6.171 5
1.325 6.172 6.597 5
1.325 6.172 6.597 3
1.325 6.172 6.597 2
1.717 6.196 7.55 5
1.717 6.196 7.55 5
2.1 6.435 8.277 5
2.1 6.435 8.277 3
2.1 6.435 8.277 2
2.574 6.607 8.723 5
2.574 6.607 8.723 5
2.632 6.43 8.412 5
2.632 6.43 8.412 3
2.632 6.43 8.412 2
2.153 6.191 7.746 5
2.153 6.191 7.746 5
1.622 6.258 7.511 5
1.622 6.258 7.511 3
1.622 6.258 7.511 2
1.358 6.157 7.463 5
1.358 6.157 7.463 5
1.282 6.071 7.492 5
1.282 6.071 7.492 3
1.282 6.071 7.492 2
1.363 6.1 7.578 5
1.459 6.153 7.674 5
1.459 6.153 7.674 5
1.459 6.153 7.674 3
1.564 6.2 7.583 2
1.564 6.2 7.583 5
1.65 6.287 7.55 5
1.65 6.287 7.55 5
1.65 6.287 7.55 3
1.727 6.287 7.703 2
1.727 6.287 7.703 5
1.65 6.258 7.688 5
1.65 6.258 7.688 5
1.65 6.258 7.688 3
1.674 6.239 7.813 2
1.674 6.239 7.813 5
1.564 6.148 7.799 5
1.564 6.148 7.799 5
1.564 6.148 7.799 3
1.531 6.105 7.846 2
1.531 6.105 7.846 5
1.511 6.114 7.751 5
1.511 6.114 7.751 5
1.511 6.114 7.751 3
1.612 6.181 7.679 2
1.612 6.181 7.679 5
1.655 6.167 7.703 5
1.655 6.167 7.703 5
1.655 6.167 7.703 3
1.746 6.2 7.607 2
1.746 6.2 7.607 5
1.746 6.129 7.507 5
1.746 6.129 7.507 5
1.746 6.129 7.507 3
1.794 6.167 7.478 2
1.77 6.162 7.43 5
1.77 6.162 7.43 5
1.54 6.119 7.387 5
1.54 6.119 7.387 3
1.54 6.119 7.387 2
1.282 6.11 7.253 5
1.282 6.11 7.253 5
1.114 6.143 7.186 5
1.114 6.143 7.186 3
1.114 6.143 7.186 2
1.052 6.138 7.114 5
1.052 6.138 7.114 5
1.037 6.2 7.061 5
1.037 6.2 7.061 3
1.037 6.2 7.061 2
1.052 6.239 6.999 5
1.052 6.239 6.999 5
1.224 6.339 7.1 5
1.224 6.339 7.1 3
1.224 6.339 7.1 2
1.382 6.32 7.329 5
1.382 6.32 7.329 5
1.387 6.268 7.564 5
1.387 6.268 7.564 3
1.387 6.268 7.564 2
1.373 6.172 7.717 5
1.373 6.172 7.717 5
1.373 6.143 7.746 5
1.373 6.143 7.746 3
1.373 6.143 7.746 2
1.224 6.11 7.722 5
1.119 6.086 7.516 6
1.119 6.086 7.516 5
1.119 6.086 7.516 2
1.013 6.095 7.325 2
1.013 6.095 7.325 5
1.013 6.157 7.2 5
1.013 6.157 7.2 5
1.013 6.157 7.2 3
1.234 6.378 7.09 2
1.234 6.378 7.09 5
1.301 6.358 7.286 5
1.301 6.358 7.286 5
1.301 6.358 7.286 3
1.406 6.358 7.368 2
1.406 6.358 7.368 5
1.373 6.301 7.621 5
1.373 6.301 7.621 5
1.373 6.301 7.621 3
1.449 6.291 7.631 2
1.449 6.291 7.631 5
1.483 6.311 7.717 5
1.483 6.311 7.717 5
1.483 6.311 7.717 3
1.464 6.296 7.526 2
1.464 6.296 7.526 5
1.483 6.244 7.435 5
1.483 6.244 7.435 5
1.483 6.244 7.435 3
1.602 6.335 7.468 2
1.602 6.335 7.468 5
1.598 6.354 7.588 5
1.593 6.32 7.588 5
1.593 6.32 7.588 3
1.593 6.32 7.588 2
1.617 6.258 7.569 5
1.617 6.258 7.569 5
1.607 6.258 7.708 5
1.607 6.258 7.708 3
1.607 6.258 7.708 2
1.679 6.258 7.756 5
1.679 6.258 7.756 5
1.622 6.224 7.76 5
1.622 6.224 7.76 4
1.622 6.224 7.76 1
1.555 6.181 7.736 5
1.555 6.181 7.736 6
1.588 6.114 7.693 5
1.588 6.114 7.693 2
1.588 6.114 7.693 2
1.598 6.138 7.621 5
1.598 6.138 7.621 5
1.612 6.138 7.65 5
1.612 6.138 7.65 4
1.612 6.138 7.65 1
1.483 6.071 7.712 5
1.483 6.071 7.712 5
1.43 5.985 7.727 5
1.43 5.985 7.727 4
1.43 5.985 7.727 1
1.339 6.066 7.655 5
1.339 6.066 7.655 5
1.267 6.004 7.674 5
1.267 6.004 7.674 4
1.253 5.985 7.708 1
1.253 5.985 7.708 5
1.253 5.99 7.77 5
1.253 5.99 7.77 5
1.253 5.99 7.77 4
1.219 5.98 7.832 1
1.219 5.98 7.832 5
1.124 5.913 7.775 6
1.124 5.913 7.775 5
1.124 5.913 7.775 3
1.124 5.88 7.717 1
1.124 5.88 7.717 5
1.124 5.899 7.712 6
1.124 5.899 7.712 5
1.124 5.899 7.712 3
1.234 5.966 7.626 1
1.234 5.966 7.626 5
1.253 6.076 7.516 5
1.253 6.076 7.516 5
1.253 6.076 7.516 4
1.32 6.1 7.483 1
1.32 6.1 7.483 5
1.325 6.047 7.511 5
1.325 6.047 7.511 5
1.325 6.047 7.511 4
1.344 6.095 7.54 1
1.344 6.095 7.54 5
1.363 6.1 7.569 6
1.363 6.1 7.569 5
1.363 6.1 7.569 3
1.425 6.157 7.583 1
1.416 6.167 7.526 5
1.416 6.167 7.526 5
1.516 6.215 7.416 5
1.516 6.215 7.416 4
1.516 6.215 7.416 1
1.583 6.272 7.401 5
1.583 6.272 7.401 5
1.468 6.253 7.406 5
1.468 6.253 7.406 4
1.468 6.253 7.406 1
1.32 6.172 7.349 5
1.32 6.172 7.349 6
1.296 6.157 7.368 5
1.296 6.157 7.368 3
1.296 6.157 7.368 1
1.282 6.133 7.478 5
1.282 6.133 7.478 6
1.353 6.09 7.583 5
1.353 6.09 7.583 3
1.353 6.09 7.583 1
1.349 6.052 7.76 5
1.349 6.052 7.76 6
1.444 6.129 7.813 5
1.444 6.129 7.813 3
1.444 6.129 7.813 1
1.526 6.095 7.856 5
1.526 6.095 7.856 6
1.607 6.076 7.885 5
1.607 6.076 7.885 3
1.607 6.076 7.885 1
1.631 6.11 7.851 5
1.492 6.1 7.76 6
1.492 6.1 7.76 5
1.492 6.1 7.76 3
1.406 6.004 7.77 1
1.406 6.004 7.77 5
1.253 5.856 7.708 5
1.253 5.856 7.708 5
1.253 5.856 7.708 4
1.219 5.813 7.76 1
1.219 5.813 7.76 5
1.109 5.789 7.89 6
1.109 5.789 7.89 5
1.109 5.789 7.89 3
1.133 5.784 7.832 1
1.133 5.784 7.832 5
1.167 5.808 7.775 6
1.167 5.808 7.775 5
1.167 5.808 7.775 3
1.133 5.904 7.588 1
1.133 5.904 7.588 5
1.253 5.971 7.569 5
1.253 5.971 7.569 5
1.253 5.971 7.569 4
1.272 6.066 7.521 1
1.272 6.066 7.521 5
1.339 6.11 7.665 6
1.339 6.11 7.665 5
1.339 6.11 7.665 3
1.425 6.119 7.703 1
1.425 6.119 7.703 5
1.435 6.086 7.751 6
1.435 6.071 7.736 5
1.435 6.071 7.736 3
1.435 6.071 7.736 2
1.382 6.004 7.76 5
1.382 6.004 7.76 5
1.368 6.019 7.765 5
1.368 6.019 7.765 3
1.368 6.019 7.765 2
1.444 6.129 7.77 5
1.444 6.129 7.77 5
1.464 6.105 7.775 5
1.464 6.105 7.775 3
1.464 6.105 7.775 2
1.468 6.148 7.66 5
1.468 6.148 7.66 5
1.54 6.196 7.569 5
1.54 6.196 7.569 3
1.54 6.196 7.569 2
1.607 6.244 7.411 5
1.607 6.244 7.411 5
1.626 6.263 7.329 5
1.626 6.263 7.329 3
1.626 6.263 7.329 2
1.703 6.282 7.439 5
1.703 6.282 7.439 5
1.693 6.205 7.406 5
1.693 6.205 7.406 3
1.693 6.205 7.406 2
1.636 6.196 7.401 5
1.636 6.196 7.401 5
1.636 6.205 7.463 5
1.636 6.205 7.463 3
1.65 6.181 7.53 2
1.65 6.181 7.53 5
1.703 6.105 7.554 5
1.703 6.105 7.554 5
1.703 6.105 7.554 3
1.65 6.076 7.688 2
1.65 6.076 7.688 5
1.593 6.009 7.684 5
1.593 6.009 7.684 5
1.593 6.009 7.684 3
1.612 5.971 7.794 2
1.612 5.971 7.794 5
1.478 5.942 7.722 5
1.478 5.942 7.722 5
1.478 5.942 7.722 3
1.377 5.837 7.665 2
1.377 5.837 7.665 5
1.267 5.803 7.688 5
1.267 5.803 7.688 5
1.267 5.803 7.688 3
1.238 5.837 7.727 2
1.238 5.837 7.727 5
1.353 5.817 7.756 5
1.353 5.817 7.756 5
1.353 5.817 7.756 3
1.349 5.894 7.765 2
1.349 5.894 7.765 5
1.339 5.87 7.784 5
1.339 5.87 7.784 5
1.339 5.87 7.784 3
1.334 5.923 7.722 2
1.334 5.956 7.741 5
1.334 5.956 7.741 5
1.382 6.038 7.641 5
1.382 6.038 7.641 3
1.382 6.038 7.641 2
1.459 6.081 7.55 5
1.459 6.081 7.55 5
1.473 6.172 7.53 5
1.473 6.172 7.53 3
1.473 6.172 7.53 2
1.578 6.148 7.535 5
1.578 6.148 7.535 5
1.54 6.124 7.545 5
1.54 6.124 7.545 3
1.54 6.124 7.545 2
1.684 6.09 7.559 5
1.684 6.09 7.559 5
1.827 6.09 7.621 5
1.827 6.09 7.621 3
1.827 6.09 7.621 2
1.827 6.167 7.851 5
1.827 6.167 7.851 5
2.302 6.746 3.949 5
2.302 6.746 3.949 3
2.302 6.746 3.949 2
1.756 6.904 6.223 5
1.756 6.904 6.223 5
1.569 6.062 6.774 5
1.569 6.062 6.774 3
1.569 6.062 6.774 2
1.42 5.784 8.072 5
1.751 6.114 8.809 5
1.751 6.114 8.809 5
1.751 6.114 8.809 3
2.555 6.21 8.254 2
2.555 6.21 8.254 5
2.546 6.449 7.459 5
2.546 6.449 7.459 5
2.546 6.449 7.459 3
2.278 6.655 7.463 2
2.278 6.655 7.463 5
2.206 6.454 7.918 5
2.206 6.454 7.918 5
2.206 6.454 7.918 3
2.191 6.335 8.234 2
2.191 6.335 8.234 5
2.153 6.315 8.459 5
2.153 6.315 8.459 5
2.153 6.315 8.459 3
2.12 6.272 8.627 2
2.12 6.272 8.627 5
2.009 6.215 8.383 6
2.009 6.215 8.383 5
2.009 6.215 8.383 2
1.88 6.229 8.273 2
1.88 6.229 8.273 5
1.789 6.234 8.177 5
1.789 6.234 8.177 5
1.789 6.234 8.177 3
1.818 6.143 8.139 2
1.818 6.143 8.139 5
1.847 6.1 8.206 5
1.866 6.047 8.191 5
1.866 6.047 8.191 3
1.866 6.047 8.191 2
1.827 5.99 8.115 5
1.827 5.99 8.115 5
1.832 5.985 8.043 5
1.832 5.985 8.043 4
1.832 5.985 8.043 1
1.78 5.961 7.918 5
1.78 5.961 7.918 5
1.617 5.947 7.846 5
1.617 5.947 7.846 3
1.617 5.947 7.846 2
1.483 5.951 7.727 5
1.483 5.951 7.727 6
1.315 5.932 7.588 5
1.315 5.932 7.588 2
1.315 5.932 7.588 2
1.215 5.851 7.291 5
1.215 5.851 7.291 5
1.09 5.861 7.32 5
1.09 5.861 7.32 4
1.09 5.861 7.32 1
1.095 5.827 7.325 5
1.095 5.827 7.325 5
1.162 5.765 7.315 5
1.162 5.765 7.315 3
1.162 5.765 7.315 2
1.238 5.77 7.468 5
1.238 5.77 7.468 5
1.291 5.765 7.53 5
1.291 5.765 7.53 3
1.234 5.793 7.621 2
1.234 5.793 7.621 5
1.162 5.77 7.54 6
1.162 5.77 7.54 5
1.162 5.77 7.54 3
1.052 5.774 7.449 1
1.052 5.774 7.449 5
0.875 5.698 7.325 5
0.875 5.698 7.325 5
0.875 5.698 7.325 4
0.764 5.674 7.104 1
0.764 5.674 7.104 5
0.841 5.707 6.965 5
0.841 5.707 6.965 5
0.841 5.707 6.965 4
1.042 5.856 6.98 1
1.042 5.856 6.98 5
1.234 5.861 7.344 6
1.234 5.861 7.344 5
1.234 5.861 7.344 3
1.483 5.784 7.684 1
1.483 5.784 7.684 5
1.732 5.803 7.961 5
1.732 5.803 7.961 5
1.732 5.803 7.961 4
1.847 5.731 8.057 1
1.847 5.731 8.057 5
1.837 5.726 7.89 6
1.837 5.726 7.89 5
1.837 5.726 7.89 3
1.583 5.75 7.655 1
1.397 5.76 7.444 5
1.397 5.76 7.444 6
1.243 5.846 7.267 5
1.243 5.846 7.267 3
1.243 5.846 7.267 1
1.181 5.947 7.171 5
1.181 5.947 7.171 5
1.215 6.095 7.1 5
1.215 6.095 7.1 4
1.215 6.095 7.1 1
1.277 6.196 7.301 5
1.277 6.196 7.301 5
1.43 6.224 7.444 5
1.43 6.224 7.444 4
1.43 6.224 7.444 1
1.636 6.234 7.607 5
1.636 6.234 7.607 6
1.756 6.272 7.99 5
1.756 6.272 7.99 3
1.756 6.272 7.99 1
1.789 6.11 8.263 5
1.789 6.11 8.263 6

# Completed @Thu Mar 30 19:11:15 GMT+02:00 2017
