# Accelerometer Data File
# Started @Sun Mar 26 22:21:27 GMT+02:00 2017
#
#
# sensor Vendor: Invensense
# sensor Name: ICM20610 Acceleration Sensor
# sensor Resolution: 0.0011971008m/sec^2; Max Range: 39.2266; Min Delay: 5000 microseconds
# The sensor's attributes are the result hardware and the Android capabilities.
# It means that the Android may not utilize all features provided by the hardware.
#
# Some devices and Android versions save battery too much so the device may go to sleep.
# It just happens after couple of minutes from turning off the scree and it is easy to find it out.
#
# The following file provides the data from accelerometer in the m/s^2 format.
# The diff value is just a time delta between the samples
#
#
# data format:
# so we have 4 columns with values separated by the " "
# X Y Z time_from_previous_sample(ms)

# sensor speed set to:FASTEST
# units set to: m/sec^2
# gravity NOT filtered out
# Accuracy: HIGH
0.922 6.991 7.018 0
0.86 6.976 6.889 5
0.86 6.976 6.889 5
0.86 6.976 6.889 3
0.788 7.01 6.989 2
0.788 7.01 6.989 5
0.693 6.876 7.071 5
0.693 6.876 7.071 5
0.693 6.876 7.071 3
0.357 6.876 6.879 2
0.597 6.943 6.87 5
0.597 6.943 6.87 5
0.511 6.885 6.884 5
0.511 6.885 6.884 4
0.932 6.904 6.865 6
0.932 6.904 6.865 5
0.429 6.785 7.277 5
0.429 6.785 7.277 3
0.429 6.785 7.277 2
0.602 6.861 6.908 5
0.602 6.861 6.908 5
0.578 6.88 6.97 5
0.578 6.88 6.97 3
0.578 6.88 6.97 2
0.822 6.976 6.841 5
0.822 6.976 6.841 5
0.755 6.952 6.721 5
0.755 6.952 6.721 4
0.755 6.952 6.721 1
0.788 6.957 6.712 5
0.788 6.957 6.712 5
0.755 6.914 6.745 5
0.755 6.914 6.745 3
0.755 6.914 6.745 2
0.798 7.034 6.726 5
0.798 7.034 6.726 5
0.736 6.971 6.961 5
0.736 6.971 6.961 3
0.736 6.971 6.961 2
0.683 6.78 7.234 5
0.683 6.78 7.234 5
0.693 6.842 7.023 5
0.693 6.842 7.023 4
0.712 6.823 7.013 1
0.712 6.823 7.013 5
0.97 6.746 6.86 5
0.97 6.746 6.86 5
0.97 6.746 6.86 3
0.731 6.885 6.721 2
0.731 6.885 6.721 5
1.095 6.866 6.903 5
1.095 6.866 6.903 5
1.095 6.866 6.903 3
0.683 7.043 6.52 2
0.683 7.043 6.52 5
0.448 6.742 6.879 5
0.448 6.742 6.879 5
0.448 6.742 6.879 4
1.148 6.66 6.836 6
1.052 6.914 6.515 5
1.052 6.914 6.515 5
1.052 6.914 6.515 3
0.745 6.967 7.473 2
0.745 6.967 7.473 5
0.918 6.689 7.176 5
0.918 6.689 7.176 5
0.918 6.689 7.176 4
0.899 6.722 7.09 1
0.899 6.722 7.09 5
0.444 7.005 7.281 5
0.444 7.005 7.281 5
0.444 7.005 7.281 4
1.191 6.746 6.52 6
1.191 6.746 6.52 5
1.095 7.058 6.635 5
1.095 7.058 6.635 3
1.095 7.058 6.635 2
1.047 7.058 7.018 5
1.047 7.058 7.018 5
1.09 6.986 6.879 5
1.09 6.986 6.879 3
1.09 6.986 6.879 2
0.994 6.971 6.827 5
0.994 6.971 6.827 5
0.659 6.727 6.745 5
0.659 6.727 6.745 4
0.587 6.909 6.793 6
0.587 6.909 6.793 5
0.903 7.445 6.937 5
0.903 7.445 6.937 3
0.903 7.445 6.937 2
0.673 6.847 6.673 5
0.673 6.847 6.673 5
0.563 6.641 6.975 5
0.563 6.641 6.975 3
0.563 6.641 6.975 2
0.903 7.249 7.248 5
0.903 7.249 7.248 5
-0.01 6.315 6.851 5
-0.01 6.315 6.851 4
-0.01 6.315 6.851 1
0.702 6.986 7.076 5
0.702 6.986 7.076 5
0.515 6.914 7.052 5
0.515 6.914 7.052 3
0.501 6.809 7.109 2
0.501 6.809 7.109 5
0.616 6.713 7.08 5
0.616 6.713 7.08 5
0.616 6.713 7.08 4
0.64 6.928 7.267 1
0.64 6.928 7.267 5
0.745 6.943 7.358 5
0.745 6.943 7.358 5
0.745 6.943 7.358 4
0.817 6.995 7.157 1
0.817 6.995 7.157 5
0.683 6.919 7.1 5
0.683 6.919 7.1 5
0.683 6.919 7.1 3
0.808 6.928 7.291 2
0.808 6.928 7.291 5
0.626 6.751 7.195 5
0.626 6.751 7.195 5
0.626 6.751 7.195 3
0.831 6.847 7.435 2
0.831 6.847 7.435 5
0.774 6.924 6.913 5
0.774 6.924 6.913 5
0.774 6.924 6.913 4
0.769 6.952 7.028 1
0.769 6.952 7.028 5
0.697 6.947 6.807 5
0.697 6.947 6.807 5
0.697 6.947 6.807 3
0.745 6.756 6.597 2
0.784 7.201 7.224 5
0.784 7.201 7.224 5
1.085 7.101 6.999 5
1.085 7.101 6.999 3
1.085 7.101 6.999 2
1.181 7.201 7.023 5
1.181 7.201 7.023 5
1.186 7.254 7.238 5
1.186 7.254 7.238 5
1.133 7.153 7.262 5
1.133 7.153 7.262 5
1.009 7.082 7.061 5
1.009 7.082 7.061 3
1.009 7.082 7.061 2
0.87 7.067 7.104 5
0.87 7.067 7.104 5
0.741 7.005 7.19 5
0.741 7.005 7.19 4
0.741 7.005 7.19 1
0.573 6.924 7.234 5
0.573 6.924 7.234 5
0.386 6.89 7.009 5
0.386 6.89 7.009 4
0.386 6.89 7.009 1
0.238 6.837 7.167 5
0.238 6.837 7.167 5
0.161 6.871 7.138 5
0.161 6.871 7.138 4
0.161 6.871 7.138 1
0.257 6.924 7.061 5
0.257 6.924 7.061 5
0.166 6.952 6.87 5
0.166 6.952 6.87 4
0.123 6.952 6.932 1
0.123 6.952 6.932 5
0.19 7.005 7.037 5
0.19 7.005 7.037 5
0.19 7.005 7.037 4
0.271 6.947 6.975 2
0.271 6.947 6.975 4
0.429 6.986 7.162 5
0.429 6.986 7.162 5
0.429 6.986 7.162 4
0.386 6.809 7.507 1
0.386 6.809 7.507 5
0.238 6.708 7.387 5
0.238 6.708 7.387 5
0.238 6.708 7.387 4
0.065 6.794 7.406 1
0.065 6.794 7.406 5
0.017 6.794 7.205 5
0.017 6.794 7.205 5
0.017 6.794 7.205 5
-0.001 6.842 7.219 5
-0.01 6.785 7.334 5
-0.01 6.785 7.334 5
-0.01 6.785 7.334 4
0.137 6.77 7.358 1
0.137 6.77 7.358 5
0.199 6.852 7.459 5
0.089 6.722 7.281 5
0.089 6.722 7.281 4
0.089 6.722 7.281 1
0.041 6.766 7.267 5
0.041 6.766 7.267 5
0.113 6.746 7.138 5
0.113 6.746 7.138 4
0.113 6.746 7.138 2
0.142 6.703 7.181 4
0.142 6.703 7.181 5
0.338 6.813 7.339 5
0.338 6.813 7.339 4
0.338 6.813 7.339 1
0.482 6.842 7.224 5
0.482 6.842 7.224 5
-0.743 6.909 7.315 5
-0.743 6.909 7.315 4
-0.743 6.909 7.315 1
0.961 7.201 5.874 5
0.961 7.201 5.874 5
0.654 7.096 6.985 5
0.654 7.096 6.985 4
0.654 7.096 6.985 2
0.53 7.053 6.989 4
0.53 7.053 6.989 5
0.142 7.015 7.152 5
0.142 7.015 7.152 4
0.142 7.015 7.152 1
0.707 7.062 7.018 5
0.707 7.062 7.018 5
0.535 7.082 7.459 5
0.535 7.082 7.459 4
0.535 7.082 7.459 1
0.63 7.192 6.97 5
0.63 7.192 6.97 5
0.544 7.278 6.697 5
0.544 7.278 6.697 5
0.697 7.536 6.482 5
0.669 7.613 6.439 5
0.669 7.613 6.439 5
0.669 7.613 6.439 4
1.085 7.45 6.453 1
1.085 7.45 6.453 5
0.784 7.532 6.424 5
0.784 7.532 6.424 5
0.784 7.532 6.424 4
0.87 7.527 6.539 2
0.87 7.527 6.539 4
0.793 7.254 6.578 5
0.793 7.254 6.578 5
0.793 7.254 6.578 5
0.774 7.211 6.669 1
0.774 7.211 6.669 4
0.774 7.139 6.563 5
0.774 7.139 6.563 5
0.774 7.139 6.563 4
0.769 7.158 6.702 2
0.769 7.158 6.702 5
0.764 7.153 6.597 5
0.764 7.153 6.597 5
0.764 7.153 6.597 3
0.688 7.163 6.458 2
0.688 7.163 6.458 5
0.616 7.115 6.443 5
0.616 7.115 6.443 5
0.616 7.115 6.443 4
0.468 7.01 6.357 1
0.472 6.938 6.391 5
0.472 6.938 6.391 5
0.377 6.943 6.376 5
0.377 6.943 6.376 3
0.377 6.943 6.376 2
0.199 6.785 6.319 5
0.199 6.785 6.319 5
0.276 7.038 6.381 5
0.276 7.038 6.381 3
0.276 7.038 6.381 2
0.29 7.072 6.094 5
0.29 7.072 6.094 5
0.415 7.168 5.974 5
0.415 7.168 5.974 4
0.568 7.469 5.878 6
0.568 7.469 5.878 5
0.53 7.45 5.72 5
0.53 7.45 5.72 3
0.53 7.45 5.72 2
0.401 7.383 5.701 5
0.401 7.383 5.701 5
0.219 7.287 5.821 5
0.219 7.287 5.821 3
0.219 7.287 5.821 2
0.195 7.206 6.08 5
0.195 7.206 6.08 5
0.257 7.211 6.247 5
0.257 7.211 6.247 4
0.257 7.211 6.247 1
-2.404 7.24 7.305 5
-2.404 7.24 7.305 5
1.325 6.943 4.849 5
1.325 6.943 4.849 3
0.171 7.58 6.558 2
0.171 7.58 6.558 5
0.463 7.623 6.027 5
0.463 7.623 6.027 5
0.463 7.623 6.027 3
0.487 7.417 6.247 2
0.487 7.417 6.247 5
0.424 7.575 6.348 5
0.424 7.575 6.348 5
0.424 7.575 6.348 4
0.429 7.603 6.132 1
0.429 7.603 6.132 5
0.247 7.675 6.309 5
0.247 7.675 6.309 5
0.247 7.675 6.309 3
0.286 7.541 6.147 2
0.286 7.541 6.147 5
0.142 7.503 6.166 5
0.142 7.503 6.166 5
0.142 7.503 6.166 3
0.247 7.647 6.185 2
0.247 7.647 6.185 5
0.295 7.661 6.142 5
0.295 7.661 6.142 5
0.295 7.661 6.142 4
0.295 7.661 6.285 1
0.295 7.661 6.285 5
0.271 7.613 6.233 5
0.271 7.613 6.233 5
0.271 7.613 6.233 3
0.286 7.589 6.448 2
0.396 7.627 6.295 5
0.396 7.627 6.295 5
0.314 7.58 6.424 5
0.314 7.58 6.424 4
0.314 7.58 6.424 1
0.367 7.546 6.376 5
0.367 7.546 6.376 5
0.52 7.814 6.4 5
0.52 7.814 6.4 4
0.52 7.814 6.4 1
0.626 7.934 6.357 5
0.626 7.934 6.357 5
0.707 7.915 6.276 5
0.707 7.915 6.276 3
0.707 7.915 6.276 2
0.429 8.259 6.544 5
0.429 8.259 6.544 5
1.21 8.173 5.792 5
1.21 8.173 5.792 3
1.21 8.173 5.792 2
1.119 8.394 6.065 5
1.119 8.394 6.065 5
1.052 8.571 6.228 5
1.052 8.571 6.228 4
1.052 8.571 6.228 1
1.104 8.614 5.931 5
1.104 8.614 5.931 5
0.98 8.743 5.716 5
0.98 8.743 5.716 3
0.98 8.743 5.716 2
0.731 8.887 5.96 5
0.731 8.887 5.96 5
0.463 8.748 5.922 5
0.463 8.748 5.922 3
0.281 8.772 6.266 2
0.281 8.772 6.266 5
0.286 8.935 6.343 5
0.286 8.935 6.343 5
0.286 8.935 6.343 4
0.152 8.896 6.779 1
0.152 8.896 6.779 5
0.061 8.997 6.884 5
0.061 8.997 6.884 5
0.061 8.997 6.884 3
-0.245 9.184 6.654 2
-0.245 9.184 6.654 5
-0.776 9.198 6.314 5
-0.776 9.198 6.314 5
-0.776 9.198 6.314 4
-1.361 9.318 6.056 1
-1.361 9.318 6.056 5
-1.667 9.394 5.979 5
-1.667 9.394 5.979 5
-1.667 9.394 5.979 4
-1.729 9.528 5.993 2
-1.729 9.528 5.993 4
-2.002 9.557 6.008 5
-2.002 9.557 6.008 5
-2.002 9.557 6.008 3
-2.122 9.509 5.998 2
-2.122 9.509 5.998 5
-2.29 9.342 6.544 5
-2.29 9.342 6.544 5
-2.29 9.342 6.544 4
-2.61 8.796 7.372 1
-3.008 8.398 7.861 5
-3.008 8.398 7.861 5
-3.353 8.312 7.698 5
-3.353 8.312 7.698 4
-3.353 8.312 7.698 1
-3.817 8.01 7.554 5
-3.817 8.01 7.554 5
-4.492 7.685 7.253 5
-4.492 7.685 7.253 3
-4.492 7.685 7.253 2
-5.225 7.671 6.831 5
-5.225 7.671 6.831 5
-5.847 7.307 6.266 5
-5.847 7.307 6.266 3
-5.847 7.307 6.266 2
-6.594 7.101 5.936 5
-6.594 7.101 5.936 5
-7.15 6.847 5.73 5
-7.15 6.847 5.73 4
-7.432 6.569 5.519 6
-7.432 6.569 5.519 5
-7.93 6.2 5.792 5
-7.93 6.2 5.792 4
-7.93 6.2 5.792 1
-8.376 5.846 5.744 5
-8.376 5.846 5.744 5
-8.95 5.669 5.385 5
-8.95 5.669 5.385 4
-8.95 5.669 5.385 1
-9.309 5.027 5.653 5
-9.309 5.027 5.653 5
-10.593 3.936 5.586 5
-10.593 3.936 5.586 4
-12.039 3.007 5.907 1
-12.039 3.007 5.907 5
-13.925 1.556 4.849 5
-13.925 1.556 4.849 5
-13.925 1.556 4.849 4
-16.396 0.272 3.59 1
-16.396 0.272 3.59 5
-19.408 -1.12 2.718 5
-19.408 -1.12 2.718 5
-19.408 -1.12 2.718 4
-20.754 -2.911 1.21 1
-20.754 -2.911 1.21 5
-22.798 -4.611 1.454 5
-22.798 -4.611 1.454 5
-22.798 -4.611 1.454 4
-24.168 -6.722 1.914 1
-24.168 -6.722 1.914 5
-24.881 -8.925 3.087 5
-24.881 -8.925 3.087 5
-24.881 -8.925 3.087 4
-24.522 -10.673 4.514 1
-24.522 -10.673 4.514 5
-22.688 -12.095 4.514 5
-22.688 -12.095 4.514 5
-22.688 -12.095 4.514 4
-19.6 -13.187 4.485 1
-19.6 -13.187 4.485 5
-15.233 -13.177 4.126 5
-10.856 -13.589 4.298 5
-10.856 -13.589 4.298 4
-10.856 -13.589 4.298 1
-5.273 -13.761 5.84 5
-5.273 -13.761 5.84 5
3.992 -12.061 7.698 5
3.992 -12.061 7.698 4
3.992 -12.061 7.698 1
8.263 -12.023 11.467 5
8.263 -12.023 11.467 5
10.231 -12.622 11.146 5
10.231 -12.622 11.146 4
10.231 -12.622 11.146 1
11.146 -12.445 8.292 5
11.146 -12.445 8.292 5
11.433 -12.938 4.533 5
11.433 -12.938 4.533 4
11.433 -12.938 4.533 1
18.462 -10.39 -0.211 5
18.462 -10.39 -0.211 5
29.107 -4.544 -1.528 5
29.107 -4.544 -1.528 4
29.107 -4.544 -1.528 1
35.485 -0.205 0.884 5
35.485 -0.205 0.884 5
36.96 2.26 3.992 5
36.96 2.26 3.992 4
36.96 2.26 3.992 1
34.714 3.993 3.623 5
34.714 3.993 3.623 5
30.558 4.96 3.427 5
30.558 4.96 3.427 4
30.558 4.96 3.427 1
30.275 4.783 -1.356 5
30.275 4.783 -1.356 5
26.995 6.607 -1.092 5
26.995 6.607 -1.092 4
24.027 6.095 -1.725 1
24.027 6.095 -1.725 5
20.268 4.472 -2.5 5
20.268 4.472 -2.5 5
20.268 4.472 -2.5 4
17.15 3.203 -2.175 1
17.15 3.203 -2.175 5
17.907 3.548 -2.381 5
17.907 3.548 -2.381 5
17.907 3.548 -2.381 4
19.803 4.381 -0.183 1
19.803 4.381 -0.183 5
20.56 4.52 3.139 5
20.56 4.52 3.139 5
20.56 4.52 3.139 4
21.024 3.629 4.27 1
21.024 3.629 4.27 5
17.462 3.481 6.242 5
17.462 3.481 6.242 5
17.462 3.481 6.242 4
16.552 3.418 4.313 2
16.552 3.418 4.313 4
14.584 3.825 3.973 5
14.584 3.825 3.973 5
14.584 3.825 3.973 4
14.641 4.692 2.536 1
14.641 4.692 2.536 6
14.44 5.3 2.436 4
14.44 5.3 2.436 5
14.44 5.3 2.436 4
14.086 5.65 3.039 2
13.487 5.463 4.255 5
13.487 5.463 4.255 5
13.099 4.563 5.424 5
13.099 4.563 5.424 3
13.099 4.563 5.424 2
11.735 4.448 8.876 5
11.735 4.448 8.876 5
11.577 3.825 8.072 5
11.577 3.825 8.072 3
11.577 3.825 8.072 2
11.136 4.022 8.838 5
11.136 4.022 8.838 5
10.351 3.754 8.632 5
10.351 3.754 8.632 3
10.351 3.754 8.632 2
10.087 3.342 7.698 5
10.087 3.342 7.698 5
8.479 3.529 8.661 5
8.479 3.529 8.661 3
8.479 3.529 8.661 2
8.301 3.591 8.474 5
8.301 3.591 8.474 5
7.66 3.916 8.464 5
7.66 3.916 8.464 4
7.66 3.916 8.464 1
6.903 4.146 8.321 5
6.903 4.146 8.321 5
6.42 4.151 7.904 5
6.42 4.151 7.904 3
6.42 4.151 7.904 2
5.845 4.017 7.904 5
5.845 4.017 7.904 5
5.318 4.146 8.076 5
5.318 4.146 8.076 4
4.653 4.204 8.823 1
4.653 4.204 8.823 5
5.103 4.218 8.924 5
5.103 4.218 8.924 5
5.103 4.218 8.924 3
3.446 4.888 10.155 2
3.446 4.888 10.155 5
3.312 5.085 8.641 5
3.312 5.085 8.641 5
3.312 5.085 8.641 3
2.163 5.219 7.665 2
2.163 5.219 7.665 5
1.258 5.559 6.453 5
1.258 5.559 6.453 5
1.258 5.559 6.453 3
0.87 5.99 5.438 2
0.87 5.99 5.438 5
0.472 6.277 5.242 5
0.472 6.277 5.242 5
0.472 6.277 5.242 3
0.635 6.397 6.252 2
0.635 6.397 6.252 5
0.386 6.114 8.091 5
0.386 6.114 8.091 5
0.386 6.114 8.091 3
-0.59 5.688 8.335 2
-0.59 5.688 8.335 5
-1.485 5.808 7.363 5
-1.485 5.808 7.363 5
-1.485 5.808 7.363 3
-1.772 6.392 5.965 2
-1.696 7.072 5.184 5
-1.696 7.072 5.184 5
-1.576 7.613 4.839 5
-1.576 7.613 4.839 4
-1.801 7.685 5.136 6
-1.801 7.685 5.136 5
-2.242 7.292 5.883 5
-2.242 7.292 5.883 3
-2.242 7.292 5.883 2
-2.543 7.158 5.936 5
-2.543 7.158 5.936 5
-2.505 7.331 5.859 5
-2.505 7.331 5.859 4
-2.505 7.331 5.859 1
-2.582 7.465 5.716 5
-2.582 7.465 5.716 5
-2.716 7.474 5.438 5
-2.716 7.474 5.438 4
-2.716 7.474 5.438 1
-2.773 7.627 5.352 5
-2.773 7.627 5.352 5
-2.524 7.694 4.418 5
-2.524 7.694 4.418 3
-2.524 7.694 4.418 2
-2.132 8.078 4.811 5
-2.132 8.078 4.811 5
-1.768 7.785 5.084 5
-1.768 7.785 5.084 3
-1.768 7.785 5.084 2
-1.715 7.776 5.218 5
-1.715 7.776 5.218 5
-1.456 7.881 5.309 5
-1.456 7.881 5.309 4
-1.236 8.025 5.227 1
-1.236 8.025 5.227 5
-1.155 8.001 5.199 5
-1.155 8.001 5.199 5
-1.155 8.001 5.199 3
-1.107 8.001 5.103 2
-1.107 8.001 5.103 5
-0.91 8.049 4.892 5
-0.91 8.049 4.892 5
-0.91 8.049 4.892 3
-0.887 8.034 4.753 2
-0.887 8.034 4.753 5
-0.748 7.848 4.94 5
-0.748 7.848 4.94 5
-0.748 7.848 4.94 4
-0.341 7.924 5.165 1
-0.341 7.924 5.165 5
0.123 8.044 5.289 5
0.123 8.044 5.289 5
0.123 8.044 5.289 3
0.314 8.078 5.639 2
0.314 8.078 5.639 5
0.295 7.857 5.787 5
0.295 7.857 5.787 5
0.295 7.857 5.787 4
0.381 7.862 5.95 1
0.381 7.862 5.95 5
0.535 7.934 5.855 5
0.535 7.934 5.855 5
0.535 7.934 5.855 4
0.741 8.154 5.414 1
1.033 8.413 5.141 5
1.033 8.413 5.141 5
1.052 8.427 4.954 5
1.052 8.427 4.954 3
1.052 8.427 4.954 2
0.903 8.293 4.882 5
0.903 8.293 4.882 5
0.721 8.159 4.882 5
0.721 8.159 4.882 4
0.721 8.159 4.882 1
0.803 8.03 4.954 5
0.803 8.03 4.954 5
1.104 8.034 5.266 5
1.104 8.034 5.266 4
1.104 8.034 5.266 1
1.444 8.14 5.395 5
1.444 8.14 5.395 5
1.559 8.245 5.266 5
1.559 8.245 5.266 3
1.559 8.245 5.266 2
1.363 8.159 5.256 5
1.363 8.159 5.256 5
1.109 8.01 5.266 5
1.109 8.01 5.266 4
1.109 8.01 5.266 1
1.066 7.943 5.337 5
1.066 7.943 5.337 5
1.272 7.939 5.414 5
1.272 7.939 5.414 4
1.55 8.169 5.294 6
1.55 8.169 5.294 5
1.957 8.552 4.873 5
1.957 8.552 4.873 4
1.487 8.25 4.997 1
1.487 8.25 4.997 5
1.09 8.106 4.643 5
1.09 8.106 4.643 5
1.09 8.106 4.643 4
0.774 7.996 4.791 1
0.774 7.996 4.791 5
0.64 7.857 4.954 5
0.64 7.857 4.954 5
0.64 7.857 4.954 4
0.554 7.781 5.16 1
0.554 7.781 5.16 5
0.726 7.8 5.227 5
0.726 7.8 5.227 5
0.726 7.8 5.227 4
0.99 7.991 5.333 1
0.99 7.991 5.333 5
1.306 8.159 5.361 5
1.306 8.159 5.361 5
1.306 8.159 5.361 4
1.31 8.336 5.457 1
1.31 8.336 5.457 5
1.215 8.24 5.577 5
1.215 8.24 5.577 5
1.215 8.24 5.577 4
1.095 8.192 5.486 1
1.095 8.192 5.486 5
0.927 8.125 5.577 5
0.927 8.125 5.577 5
0.927 8.125 5.577 4
0.894 8.149 5.328 1
1.037 8.341 5.237 5
1.037 8.341 5.237 5
1.138 8.408 5.112 5
1.138 8.408 5.112 4
1.138 8.408 5.112 1
1.224 8.432 5.361 5
1.224 8.432 5.361 5
1.2 8.37 5.524 5
1.2 8.37 5.524 5
1.076 8.279 5.773 5
1.076 8.279 5.773 5
0.99 8.202 5.898 5
0.99 8.202 5.898 4
0.99 8.202 5.898 2
0.918 8.245 5.706 4
0.918 8.245 5.706 5
0.817 8.298 5.457 5
0.817 8.298 5.457 4
0.817 8.298 5.457 1
0.683 8.327 5.342 5
0.683 8.327 5.342 5
0.535 8.283 5.108 5
0.535 8.283 5.108 4
0.535 8.283 5.108 1
0.697 8.336 4.993 5
0.697 8.336 4.993 5
0.966 8.37 4.902 5
0.966 8.37 4.902 4
0.966 8.37 4.902 1
1.167 8.25 5.246 5
1.167 8.25 5.246 5
1.296 8.269 5.342 5
1.296 8.269 5.342 4
1.344 8.236 5.275 1
1.344 8.236 5.275 5
1.167 8.173 5.337 5
1.167 8.173 5.337 5
1.167 8.173 5.337 4
0.961 8.149 5.208 1
0.961 8.149 5.208 5
0.932 8.212 5.05 5
0.932 8.212 5.05 5
0.932 8.212 5.05 4
0.875 8.135 5.103 1
0.875 8.135 5.103 5
0.769 8.183 5.208 5
0.769 8.183 5.208 5
0.769 8.183 5.208 4
0.688 8.082 5.304 1
0.688 8.082 5.304 5
0.63 8.015 5.414 5
0.63 8.015 5.414 5
0.63 8.015 5.414 5
0.855 8.044 5.366 1
0.855 8.044 5.366 4
0.942 8.087 5.342 5
0.942 8.087 5.342 5
0.942 8.087 5.342 4
0.956 8.063 5.194 1
0.956 8.063 5.194 5
1.076 8.159 5.203 5
1.08 8.101 5.084 5
1.08 8.101 5.084 4
1.08 8.101 5.084 2
1.042 8.149 5.108 4
1.042 8.149 5.108 6
1.013 8.073 5.117 5
1.013 8.073 5.117 3
1.013 8.073 5.117 2
0.985 8.068 5.175 5
0.985 8.068 5.175 5
0.937 8.025 5.184 5
0.937 8.025 5.184 3
0.937 8.025 5.184 2
1.08 8.054 5.179 5
1.08 8.054 5.179 5
1.071 8.135 5.136 5
1.071 8.135 5.136 3
1.071 8.135 5.136 2
1.157 8.164 5.146 5
1.157 8.164 5.146 5
1.195 8.259 5.007 5
1.195 8.259 5.007 3
1.195 8.259 5.007 2
1.114 8.274 5.131 5
1.114 8.274 5.131 5
1.013 8.183 5.242 5
1.013 8.183 5.242 3
1.013 8.183 5.242 2
0.99 8.106 5.409 5
0.99 8.106 5.409 5
0.903 8.078 5.491 5
0.903 8.078 5.491 3
0.903 8.078 5.491 2
1.009 8.116 5.529 5
1.009 8.116 5.529 5
1.119 8.212 5.51 5
1.119 8.212 5.51 4
1.234 8.298 5.486 1
1.234 8.298 5.486 5
1.2 8.35 5.333 5
1.2 8.35 5.333 5
1.2 8.35 5.333 3
1.028 8.331 5.261 2
1.028 8.331 5.261 5
0.913 8.269 5.151 5
0.913 8.269 5.151 5
0.913 8.269 5.151 4
0.784 8.145 4.954 1
0.784 8.145 4.954 5
0.822 8.422 4.432 5
0.822 8.422 4.432 5
0.822 8.422 4.432 4
1.171 8.341 4.863 1
1.171 8.341 4.863 5
1.32 8.255 4.921 5
1.32 8.255 4.921 5
1.32 8.255 4.921 3
1.449 8.298 5.199 2
1.449 8.298 5.199 5
1.44 8.202 5.289 5
1.44 8.202 5.289 5
1.44 8.202 5.289 3
1.31 8.125 5.495 2
1.31 8.125 5.495 5
1.21 8.044 5.538 5
1.21 8.044 5.538 5
1.21 8.044 5.538 4
1.148 8.058 5.548 1
1.238 8.13 5.653 5
1.238 8.13 5.653 5
1.373 8.149 5.73 5
1.373 8.149 5.73 3
1.373 8.149 5.73 2
1.363 8.245 5.481 5
1.363 8.245 5.481 5
1.253 8.437 4.887 5
1.253 8.437 4.887 3
1.253 8.437 4.887 2
1.2 8.451 4.677 5
1.2 8.451 4.677 5
1.2 8.398 4.734 5
1.2 8.398 4.734 4
1.2 8.398 4.734 1
1.138 8.283 5.098 5
1.138 8.283 5.098 5
1.162 8.169 5.38 5
1.162 8.169 5.38 3
1.162 8.169 5.38 2
1.124 8.044 5.72 5
1.124 8.044 5.72 5
0.927 7.948 5.792 5
0.927 7.948 5.792 4
0.927 7.948 5.792 1
0.899 7.977 5.706 5
0.899 7.977 5.706 5
0.942 8.049 5.629 5
0.942 8.049 5.629 4
0.942 8.049 5.629 1
0.884 8.169 5.586 5
0.884 8.169 5.586 5
0.769 8.116 5.486 5
0.769 8.116 5.486 3
0.573 8.14 5.519 2
0.573 8.14 5.519 5
0.769 8.135 5.457 5
0.769 8.135 5.457 5
0.769 8.135 5.457 3
0.808 8.25 5.347 2
0.808 8.25 5.347 5
0.846 8.231 5.328 5
0.846 8.231 5.328 5
0.846 8.231 5.328 4
0.836 8.192 5.352 1
0.836 8.192 5.352 5
0.769 8.145 5.404 5
0.769 8.145 5.404 5
0.769 8.145 5.404 3
0.688 8.092 5.289 2
0.688 8.092 5.289 5
0.693 8.14 5.294 5
0.693 8.14 5.294 5
0.693 8.14 5.294 3
0.75 8.135 5.27 2
0.75 8.135 5.27 5
0.831 8.073 5.424 5
0.831 8.073 5.424 5
0.831 8.073 5.424 4
0.913 8.039 5.452 1
0.913 8.039 5.452 5
0.87 8.02 5.289 5
0.87 8.02 5.289 5
0.87 8.02 5.289 3
0.98 8.197 5.122 2
0.98 8.197 5.122 5
1.009 8.231 5.088 5
0.985 8.207 5.093 5
0.985 8.207 5.093 4
0.985 8.207 5.093 1
1.119 8.274 5.064 5
1.119 8.274 5.064 5
1.066 8.226 5.04 5
1.066 8.226 5.04 4
1.066 8.226 5.04 1
0.908 8.154 5.199 5
0.908 8.154 5.199 5
0.903 8.159 5.16 5
0.903 8.159 5.16 3
0.903 8.159 5.16 2
0.879 8.169 5.227 5
0.879 8.169 5.227 5
0.798 8.058 5.352 5
0.798 8.058 5.352 3
0.798 8.058 5.352 2
0.831 8.121 5.366 5
0.831 8.121 5.366 5
0.817 8.106 5.357 5
0.817 8.106 5.357 4
0.817 8.106 5.357 1
0.798 8.092 5.361 5
0.798 8.092 5.361 5
0.788 8.149 5.414 5
0.788 8.149 5.414 4
0.788 8.149 5.414 1
0.764 8.145 5.409 5
0.764 8.145 5.409 5
0.721 8.154 5.361 5
0.721 8.154 5.361 4
0.707 8.106 5.39 1
0.707 8.106 5.39 5
0.827 8.192 5.16 5
0.827 8.192 5.16 5
0.827 8.192 5.16 4
0.808 8.255 5.309 6
0.961 8.288 5.218 5
0.961 8.288 5.218 5
0.961 8.288 5.218 4
0.942 8.269 5.366 1
0.942 8.269 5.366 5
0.961 8.236 5.342 5
0.961 8.236 5.342 5
0.961 8.236 5.342 4
0.903 8.154 5.457 1
0.903 8.154 5.457 5
0.831 8.13 5.337 5
0.831 8.13 5.337 5
0.831 8.13 5.337 4
0.788 8.101 5.309 1
0.788 8.101 5.309 5
0.774 8.044 5.342 5
0.774 8.044 5.342 5
0.774 8.044 5.342 4
0.793 8.058 5.4 1
0.793 8.058 5.4 5
0.822 8.116 5.266 5
0.822 8.116 5.266 5
0.822 8.116 5.266 4
0.822 8.178 5.208 1
0.822 8.178 5.208 5
0.889 8.154 5.261 5
0.951 8.106 5.38 5
0.951 8.106 5.38 4
0.951 8.106 5.38 1
0.894 8.049 5.371 5
0.894 8.049 5.371 5
0.86 8.087 5.313 5
0.86 8.087 5.313 4
0.86 8.087 5.313 1
0.86 8.13 5.194 5
0.86 8.13 5.194 5
0.889 8.125 5.299 5
0.889 8.125 5.299 4
0.889 8.125 5.299 1
0.846 8.101 5.323 5
0.846 8.101 5.323 5
0.894 8.087 5.261 5
0.894 8.087 5.261 5
0.894 8.087 5.261 1
0.841 8.121 5.395 4
0.841 8.121 5.395 5
0.831 8.082 5.414 5
0.831 8.082 5.414 4
0.831 8.082 5.414 1
0.817 8.116 5.366 5
0.817 8.116 5.366 5
0.788 8.097 5.409 5
0.788 8.097 5.409 4
0.788 8.097 5.409 1
0.841 8.135 5.419 5
0.841 8.135 5.419 5
0.846 8.192 5.443 5
0.846 8.192 5.443 4
0.831 8.183 5.424 1
0.831 8.183 5.424 5
0.764 8.159 5.433 5
0.764 8.159 5.433 5
0.764 8.159 5.433 4
0.774 8.197 5.337 1
0.774 8.197 5.337 5
0.822 8.183 5.433 5
0.822 8.183 5.433 5
0.822 8.183 5.433 4
0.76 8.216 5.328 1
0.76 8.216 5.328 5
0.75 8.145 5.28 5
0.75 8.145 5.28 5
0.75 8.145 5.28 4
0.741 8.169 5.366 2
0.741 8.169 5.366 4
0.683 8.116 5.409 5
0.683 8.116 5.409 5
0.683 8.116 5.409 4
0.697 8.058 5.491 1
0.697 8.058 5.491 6
0.678 8.092 5.558 4
0.678 8.092 5.558 5
0.678 8.092 5.558 4
0.745 8.135 5.433 1
0.745 8.135 5.433 5
0.798 8.178 5.428 5
0.798 8.178 5.428 5
0.798 8.178 5.428 5
0.769 8.216 5.39 5
0.784 8.197 5.333 5
0.779 8.221 5.256 5
0.779 8.221 5.256 4
0.779 8.221 5.256 2
0.808 8.216 5.218 4
0.808 8.216 5.218 6
0.798 8.154 5.285 5
0.798 8.154 5.285 3
0.798 8.154 5.285 2
0.76 8.125 5.313 5
0.76 8.125 5.313 5
0.793 8.078 5.208 5
0.793 8.078 5.208 3
0.793 8.078 5.208 2
0.693 8.212 5.452 5
0.693 8.212 5.452 5
0.717 8.063 5.194 5
0.717 8.063 5.194 3
0.717 8.063 5.194 2
0.626 8.125 5.342 5
0.626 8.125 5.342 5
0.673 8.116 5.299 5
0.673 8.116 5.299 3
0.673 8.116 5.299 2
0.745 8.092 5.342 5
0.745 8.092 5.342 5
0.784 8.082 5.457 5
0.784 8.082 5.457 4
0.784 8.082 5.457 1
0.827 8.111 5.448 5
0.827 8.111 5.448 5
0.841 8.183 5.299 5
0.841 8.183 5.299 3
0.86 8.231 5.28 2
0.86 8.231 5.28 5
0.879 8.24 5.275 5
0.879 8.24 5.275 5
0.879 8.24 5.275 3
0.865 8.197 5.232 2
0.865 8.197 5.232 5
0.875 8.164 5.347 5
0.875 8.164 5.347 5
0.875 8.164 5.347 4
0.894 8.125 5.409 1
0.894 8.125 5.409 5
0.841 8.154 5.376 5
0.841 8.154 5.376 5
0.841 8.154 5.376 3
0.831 8.111 5.299 2
0.831 8.111 5.299 5
0.851 8.125 5.304 5
0.851 8.125 5.304 5
0.851 8.125 5.304 4
0.86 8.145 5.313 1
0.86 8.145 5.313 5
0.97 8.145 5.4 5
0.97 8.145 5.4 5
0.97 8.145 5.4 4
1.09 8.221 5.505 1
1.09 8.221 5.505 5
1.138 8.159 5.529 5
1.138 8.159 5.529 5
1.138 8.159 5.529 3
1.114 8.274 5.438 2
1.114 8.274 5.438 5
0.99 8.346 5.242 5
0.87 8.264 5.175 5
0.87 8.264 5.175 3
0.87 8.264 5.175 2
0.918 8.312 5.069 5
0.918 8.312 5.069 5
0.836 8.288 5.194 5
0.836 8.288 5.194 4
0.836 8.288 5.194 1
0.712 8.221 5.39 5
0.712 8.221 5.39 5
0.559 8.087 4.437 5
0.559 8.087 4.437 3
0.559 8.087 4.437 2
0.793 8.872 3.733 5
0.793 8.872 3.733 5
0.927 7.852 5.778 5
0.927 7.852 5.778 3
0.927 7.852 5.778 2
1.32 8.006 4.849 5
1.32 8.006 4.849 5
1.21 8.202 5.826 5
1.21 8.202 5.826 4
1.21 8.202 5.826 1
1.215 7.843 5.476 5
1.215 7.843 5.476 5
1.229 8.006 5.649 5
1.229 8.006 5.649 3
1.229 8.006 5.649 2
1.277 7.896 6.142 5
1.277 7.896 6.142 5
1.444 8.073 6.218 5
1.444 8.073 6.218 4
1.444 8.073 6.218 1
1.559 8.264 6.104 5
1.339 8.307 5.778 5
1.339 8.307 5.778 5
1.339 8.307 5.778 4
0.966 8.322 5.074 1
0.966 8.322 5.074 5
0.855 8.418 4.384 5
0.855 8.418 4.384 5
0.855 8.418 4.384 3
0.817 8.451 4.308 2
0.817 8.451 4.308 5
1.042 8.403 4.423 5
1.042 8.403 4.423 5
1.042 8.403 4.423 3
1.243 8.341 5.002 2
1.243 8.341 5.002 5
1.286 8.192 5.294 5
1.286 8.192 5.294 5
1.286 8.192 5.294 4
1.2 8.121 5.649 1
1.2 8.121 5.649 5
1.191 8.106 5.821 5
1.191 8.106 5.821 5
1.191 8.106 5.821 3
1.004 8.073 5.744 2
1.004 8.073 5.744 5
0.822 8.125 5.505 5
0.822 8.125 5.505 5
0.822 8.125 5.505 3
0.602 8.303 5.347 2
0.602 8.303 5.347 5
0.549 8.226 5.27 5
0.439 8.192 5.165 5
0.439 8.192 5.165 4
0.439 8.192 5.165 1
0.444 8.236 5.218 5
0.444 8.236 5.218 5
0.463 8.173 5.28 5
0.463 8.173 5.28 3
0.463 8.173 5.28 2
0.664 8.216 5.558 5
0.664 8.216 5.558 5
0.774 8.207 5.668 5
0.774 8.207 5.668 4
0.774 8.207 5.668 1
0.812 8.063 5.878 5
0.812 8.063 5.878 5
0.798 8.097 5.893 5
0.798 8.097 5.893 4
0.798 8.097 5.893 1
0.764 8.097 5.74 5
0.764 8.097 5.74 5
0.75 8.068 5.572 5
0.75 8.068 5.572 3
0.75 8.068 5.572 2
0.831 8.13 5.476 5
0.831 8.13 5.476 5
0.932 8.221 5.242 5
0.932 8.221 5.242 3
0.932 8.221 5.242 2
1.061 8.25 5.108 5
1.061 8.25 5.108 5
1.171 8.317 5.084 5
1.171 8.317 5.084 4
1.171 8.317 5.084 1
1.186 8.322 5.021 5
1.171 8.336 4.954 6
1.171 8.336 4.954 8
1.186 8.269 5.064 1
1.186 8.269 5.064 5
1.215 8.226 5.069 5
1.215 8.226 5.069 5
1.215 8.226 5.069 4
1.253 8.279 5.007 1
1.253 8.279 5.007 5
1.339 8.355 4.916 5
1.339 8.355 4.916 5
1.339 8.355 4.916 4
1.262 8.307 4.882 6
1.248 8.341 4.882 5
1.248 8.341 4.882 5
1.248 8.341 4.882 4
1.229 8.322 4.969 1
1.229 8.322 4.969 5

# Completed @Sun Mar 26 22:21:32 GMT+02:00 2017
