# Accelerometer Data File
# Started @Sun Mar 26 22:21:49 GMT+02:00 2017
#
#
# sensor Vendor: Invensense
# sensor Name: ICM20610 Acceleration Sensor
# sensor Resolution: 0.0011971008m/sec^2; Max Range: 39.2266; Min Delay: 5000 microseconds
# The sensor's attributes are the result hardware and the Android capabilities.
# It means that the Android may not utilize all features provided by the hardware.
#
# Some devices and Android versions save battery too much so the device may go to sleep.
# It just happens after couple of minutes from turning off the scree and it is easy to find it out.
#
# The following file provides the data from accelerometer in the m/s^2 format.
# The diff value is just a time delta between the samples
#
#
# data format:
# so we have 4 columns with values separated by the " "
# X Y Z time_from_previous_sample(ms)

# sensor speed set to:FASTEST
# units set to: m/sec^2
# gravity NOT filtered out
# Accuracy: HIGH
0.817 7.321 6.736 0
0.86 7.331 6.659 4
0.86 7.331 6.659 5
0.903 7.378 6.721 5
0.903 7.378 6.721 4
0.903 7.378 6.721 1
0.966 7.311 6.76 5
0.966 7.311 6.76 5
0.851 7.249 6.726 5
0.851 7.249 6.726 3
0.851 7.249 6.726 2
0.784 7.283 6.654 5
0.65 7.192 6.635 5
0.65 7.192 6.635 5
0.65 7.192 6.635 3
0.63 7.134 6.807 2
0.63 7.134 6.807 5
0.578 7.158 6.894 5
0.578 7.158 6.894 5
0.578 7.158 6.894 4
0.578 7.22 6.87 1
0.578 7.22 6.87 5
0.525 7.139 6.956 5
0.525 7.139 6.956 5
0.525 7.139 6.956 3
0.606 7.383 6.597 2
0.606 7.383 6.597 5
0.439 7.359 6.539 5
0.439 7.359 6.539 5
0.439 7.359 6.539 3
0.29 7.331 6.568 2
0.29 7.331 6.568 5
0.223 7.302 6.568 5
0.223 7.302 6.568 5
0.223 7.302 6.568 4
0.19 7.354 6.52 6
0.271 7.426 6.52 5
0.271 7.426 6.52 5
0.271 7.426 6.52 3
0.276 7.331 6.769 2
0.276 7.331 6.769 5
0.439 7.474 6.578 5
0.573 7.441 6.74 5
0.573 7.441 6.74 4
0.573 7.441 6.74 1
0.793 7.489 6.745 5
0.793 7.489 6.745 5
0.927 7.613 6.745 5
0.927 7.613 6.745 4
0.927 7.613 6.745 1
1.1 7.766 6.472 5
1.1 7.766 6.472 5
1.018 7.781 6.443 5
1.018 7.781 6.443 3
1.018 7.781 6.443 2
1.066 7.814 6.362 5
1.066 7.814 6.362 5
0.889 7.575 6.625 5
0.889 7.575 6.625 4
0.889 7.575 6.625 1
0.831 7.69 6.276 5
0.831 7.69 6.276 5
0.678 7.412 6.247 5
0.678 7.412 6.247 4
0.678 7.412 6.247 1
0.429 7.445 6.506 5
0.429 7.445 6.506 5
0.372 7.465 6.525 5
0.372 7.465 6.525 3
0.372 7.465 6.525 2
0.362 7.465 6.372 5
0.362 7.465 6.372 5
0.606 7.556 6.285 5
0.606 7.556 6.285 3
0.606 7.556 6.285 2
0.793 7.924 6.894 5
1.167 8.044 6.822 5
1.167 8.044 6.822 5
1.167 8.044 6.822 4
1.545 8.173 7.267 2
1.545 8.173 7.267 4
1.856 8.322 7.372 5
1.856 8.322 7.372 5
1.856 8.322 7.372 4
1.909 8.446 7.186 1
1.909 8.446 7.186 5
1.741 8.556 7.133 5
1.741 8.556 7.133 5
1.741 8.556 7.133 4
1.77 8.7 6.238 1
1.77 8.7 6.238 5
1.502 8.801 5.974 5
1.502 8.801 5.974 5
1.502 8.801 5.974 4
1.468 8.676 6.003 1
1.468 8.676 6.003 5
1.732 8.513 6.41 5
1.732 8.513 6.41 5
1.732 8.513 6.41 4
1.66 8.178 6.807 1
1.66 8.178 6.807 5
1.732 8.212 7.09 5
1.732 8.212 7.09 5
1.732 8.212 7.09 4
1.746 8.073 6.889 1
1.746 8.073 6.889 5
1.641 8.116 6.621 5
1.641 8.116 6.621 5
1.641 8.116 6.621 4
1.487 8.068 6.429 1
1.306 8.02 5.922 5
1.306 8.02 5.922 5
1.109 7.991 5.831 5
1.109 7.991 5.831 4
1.109 7.991 5.831 1
1.033 7.785 5.898 5
1.033 7.785 5.898 5
0.942 7.704 6.046 5
0.942 7.704 6.046 4
0.942 7.704 6.046 1
0.812 7.608 5.922 5
0.812 7.608 5.922 5
0.688 7.656 5.84 5
0.688 7.656 5.84 4
0.549 7.694 5.601 6
0.549 7.694 5.601 5
0.448 7.656 5.457 5
0.448 7.656 5.457 4
0.448 7.656 5.457 1
0.405 7.694 5.242 5
0.405 7.694 5.242 5
0.468 7.829 5.074 5
0.468 7.829 5.074 4
0.468 7.829 5.074 1
0.549 7.785 5.131 5
0.549 7.785 5.131 5
0.673 7.699 5.361 5
0.673 7.699 5.361 4
0.673 7.699 5.361 1
0.712 7.661 5.438 5
0.683 7.642 5.476 5
0.683 7.642 5.476 5
0.683 7.642 5.476 4
0.831 7.527 5.347 1
0.831 7.527 5.347 5
0.453 7.608 5.452 5
0.453 7.608 5.452 5
0.453 7.608 5.452 4
0.286 7.738 5.16 1
0.286 7.738 5.16 5
0.324 7.795 4.892 5
0.324 7.795 4.892 5
0.324 7.795 4.892 4
0.238 7.829 4.681 1
0.238 7.829 4.681 5
0.228 7.852 4.677 5
0.228 7.852 4.677 5
0.228 7.852 4.677 4
0.233 7.91 4.71 1
0.233 7.91 4.71 5
0.238 7.819 4.715 5
0.238 7.819 4.715 5
0.238 7.819 4.715 4
0.243 7.824 4.768 1
0.243 7.824 4.768 5
0.429 7.843 4.95 5
0.429 7.843 4.95 5
0.429 7.843 4.95 5
0.482 7.852 5.155 1
0.482 7.852 5.155 4
0.511 7.848 5.127 5
0.511 7.848 5.127 5
0.511 7.848 5.127 4
0.401 7.915 5.007 1
0.3 7.91 4.739 5
0.3 7.91 4.739 5
0.156 7.939 4.595 5
0.156 7.939 4.595 4
0.156 7.939 4.595 1
0.209 8.015 4.461 5
0.209 8.015 4.461 5
0.228 8.092 4.341 5
0.228 8.092 4.341 4
0.228 8.092 4.341 2
0.166 8.044 4.231 5
0.166 8.044 4.231 5
0.037 8.058 4.15 5
0.037 8.058 4.15 3
0.037 8.058 4.15 2
0.094 7.996 4.131 5
0.094 7.996 4.131 5
0.084 8.073 4.135 5
0.084 8.073 4.135 3
0.084 8.073 4.135 2
0.132 8.082 4.092 5
0.132 8.082 4.092 5
0.051 8.068 4.289 5
0.051 8.068 4.289 3
0.051 8.068 4.289 2
0.07 7.996 4.456 5
0.07 7.996 4.456 5
0.075 7.987 4.605 5
0.075 7.987 4.605 3
0.075 7.987 4.605 2
0.175 8.116 4.475 5
0.324 8.164 4.504 5
0.324 8.164 4.504 5
0.324 8.164 4.504 3
0.386 8.192 4.576 2
0.386 8.192 4.576 5
0.549 8.279 4.724 5
0.549 8.279 4.724 5
0.549 8.279 4.724 4
0.659 8.413 4.643 1
0.659 8.413 4.643 5
0.726 8.523 4.571 5
0.726 8.523 4.571 5
0.726 8.523 4.571 3
0.803 8.676 4.375 2
0.803 8.676 4.375 5
0.98 8.839 4.337 5
0.98 8.839 4.337 5
0.98 8.839 4.337 3
1.057 8.93 4.351 2
1.057 8.93 4.351 5
1.057 9.006 4.298 5
1.057 9.006 4.298 5
1.057 9.006 4.298 4
1.152 9.04 4.255 1
1.152 9.04 4.255 5
1.2 9.179 4.289 5
1.2 9.179 4.289 5
1.2 9.179 4.289 3
1.157 9.16 4.361 2
1.157 9.16 4.361 5
0.985 9.107 4.404 5
0.985 9.107 4.404 5
0.985 9.107 4.404 3
0.851 9.112 4.408 2
0.827 9.083 4.557 5
0.827 9.083 4.557 5
0.855 9.131 4.796 5
0.855 9.131 4.796 4
0.855 9.131 4.796 1
0.86 9.093 4.921 5
0.86 9.093 4.921 5
0.87 9.308 4.772 5
0.87 9.308 4.772 3
0.87 9.308 4.772 2
0.836 9.423 4.428 5
0.836 9.423 4.428 5
0.731 9.404 4.384 5
0.731 9.404 4.384 3
0.731 9.404 4.384 2
0.448 9.442 4.317 5
0.448 9.442 4.317 5
0.319 9.37 4.399 5
0.319 9.37 4.399 4
0.319 9.37 4.399 1
0.219 9.255 4.83 5
0.219 9.255 4.83 5
0.128 9.155 5.06 5
0.128 9.155 5.06 3
0.128 9.155 5.06 2
0.113 9.169 5.06 5
0.113 9.169 5.06 5
-0.096 9.217 4.791 5
-0.096 9.217 4.791 4
-0.096 9.217 4.791 1
-0.422 9.097 4.452 5
-0.954 9.011 4.169 5
-0.954 9.011 4.169 5
-0.954 9.011 4.169 4
-1.284 8.825 4.092 1
-1.284 8.825 4.092 5
-1.734 8.714 4.26 5
-1.734 8.714 4.26 5
-1.734 8.714 4.26 3
-1.988 8.542 4.456 2
-1.988 8.542 4.456 5
-2.218 8.604 4.284 5
-2.218 8.604 4.284 5
-2.218 8.604 4.284 3
-2.419 8.7 4.112 2
-2.419 8.7 4.112 5
-2.73 8.729 3.901 5
-2.73 8.729 3.901 5
-2.73 8.729 3.901 4
-3.132 8.738 3.585 1
-3.132 8.738 3.585 5
-3.525 8.671 3.551 5
-3.525 8.671 3.551 5
-3.525 8.671 3.551 3
-3.946 8.561 3.518 2
-3.946 8.561 3.518 5
-4.191 8.446 3.35 5
-4.191 8.446 3.35 5
-4.191 8.446 3.35 3
-4.511 8.341 3.336 2
-4.511 8.341 3.336 5
-4.617 8.24 3.527 5
-4.856 8.092 3.8 5
-4.856 8.092 3.8 4
-4.856 8.092 3.8 1
-5.34 7.872 3.719 5
-5.34 7.872 3.719 5
-6.034 7.642 3.384 5
-6.034 7.642 3.384 3
-6.034 7.642 3.384 2
-6.503 7.627 2.89 5
-6.503 7.627 2.89 5
-7.02 7.469 2.823 5
-7.02 7.469 2.823 4
-7.02 7.469 2.823 1
-7.581 7.316 2.967 5
-7.581 7.316 2.967 5
-8.155 7.048 2.637 5
-8.155 7.048 2.637 4
-8.155 7.048 2.637 1
-8.826 6.809 2.45 5
-8.826 6.809 2.45 5
-9.697 6.368 2.397 5
-9.697 6.368 2.397 3
-9.697 6.368 2.397 2
-10.822 5.262 2.943 5
-10.822 5.262 2.943 5
-11.871 4.242 2.924 5
-11.871 4.242 2.924 3
-11.871 4.242 2.924 2
-12.886 3.26 3.25 5
-12.886 3.26 3.25 5
-13.782 2.121 3.379 5
-13.782 2.121 3.379 4
-13.782 2.121 3.379 1
-14.28 1.187 3.427 5
-14.404 0.536 3.278 5
-14.404 0.536 3.278 5
-14.404 0.536 3.278 3
-13.959 -0.047 3.503 2
-13.959 -0.047 3.503 5
-13.308 -0.469 3.283 5
-13.308 -0.469 3.283 5
-13.308 -0.469 3.283 3
-12.307 -0.876 3.594 2
-12.307 -0.876 3.594 5
-10.559 -0.885 3.891 5
-10.559 -0.885 3.891 5
-10.559 -0.885 3.891 4
-8.538 -0.713 4.198 1
-8.538 -0.713 4.198 5
-6.594 -0.799 4.404 5
-6.594 -0.799 4.404 5
-6.594 -0.799 4.404 4
-4.487 -0.617 4.523 1
-4.487 -0.617 4.523 5
-2.093 -0.009 3.982 5
-2.093 -0.009 3.982 5
-2.093 -0.009 3.982 4
0.032 0.622 4.006 1
0.032 0.622 4.006 5
0.932 0.785 4.514 5
0.932 0.785 4.514 5
0.932 0.785 4.514 4
4.064 1.508 3.331 1
4.064 1.508 3.331 5
6.927 2.561 4.035 5
6.927 2.561 4.035 5
6.927 2.561 4.035 4
9.044 3.457 4.897 1
10.222 3.806 5.668 5
10.222 3.806 5.668 5
10.672 4.213 6.238 5
10.672 4.213 6.238 4
10.672 4.213 6.238 1
10.94 4.644 5.95 5
10.94 4.644 5.95 5
11.213 5.243 5.333 5
11.213 5.243 5.333 4
11.213 5.243 5.333 1
11.658 6.382 4.739 5
11.658 6.382 4.739 5
12.625 7.503 3.355 5
12.625 7.503 3.355 4
12.625 7.503 3.355 1
11.538 7.283 3.709 5
11.538 7.283 3.709 5
11.356 7.335 3.417 5
11.356 7.335 3.417 4
11.356 7.335 3.417 1
11.778 7.508 4.265 5
11.778 7.508 4.265 5
12.175 7.508 5.424 5
12.175 7.508 5.424 4
12.175 7.508 5.424 1
13.138 7.91 6.156 5
13.138 7.91 6.156 5
13.382 7.809 7.899 5
13.382 7.809 7.899 4
13.382 7.809 7.899 1
13.171 7.939 7.952 5
12.415 7.958 7.799 5
12.415 7.958 7.799 5
12.415 7.958 7.799 4
11.749 7.92 7.119 1
11.749 7.92 7.119 5
11.481 8.293 6.501 5
11.481 8.293 6.501 5
11.481 8.293 6.501 4
11.275 8.35 6.721 1
11.275 8.35 6.721 5
10.839 7.987 7.66 5
10.839 7.987 7.66 5
10.839 7.987 7.66 4
10.298 7.436 8.57 1
10.298 7.436 8.57 5
9.441 7.211 8.33 5
9.441 7.211 8.33 5
9.441 7.211 8.33 4
8.613 7.23 7.976 1
8.613 7.23 7.976 5
7.971 7.517 7.487 5
7.971 7.517 7.487 5
7.971 7.517 7.487 4
7.325 7.79 6.951 1
7.325 7.79 6.951 5
6.692 7.939 6.692 5
6.692 7.939 6.692 5
6.692 7.939 6.692 4
6.276 8.178 6.621 1
6.276 8.178 6.621 5
5.673 8.164 7.018 5
5.673 8.164 7.018 5
5.673 8.164 7.018 4
5.246 8.078 7.454 1
5.208 8.063 8.067 5
5.208 8.063 8.067 5
5.27 8.001 8.742 5
5.27 8.001 8.742 4
5.27 8.001 8.742 1
5.304 7.747 8.938 5
5.304 7.747 8.938 5
5.294 7.354 8.886 5
5.294 7.354 8.886 4
5.294 7.354 8.886 1
5.136 7.048 8.34 5
5.136 7.048 8.34 5
4.859 6.804 7.569 5
4.859 6.804 7.569 4
4.859 6.804 7.569 2
4.643 6.718 6.645 4
4.643 6.718 6.645 6
4.265 6.56 6.137 5
4.265 6.56 6.137 3
4.265 6.56 6.137 2
3.92 6.579 5.438 5
3.92 6.579 5.438 5
3.475 6.445 5.457 5
3.475 6.445 5.457 3
3.475 6.445 5.457 2
3.173 6.526 5.108 5
3.173 6.526 5.108 5
2.962 6.387 5.261 5
2.962 6.387 5.261 3
2.962 6.387 5.261 2
2.996 6.358 5.615 5
3.053 6.186 6.242 5
3.053 6.186 6.242 5
3.053 6.186 6.242 3
3.417 5.99 6.884 2
3.417 5.99 6.884 5
3.58 5.99 7.195 5
3.58 5.99 7.195 5
3.58 5.99 7.195 3
3.618 5.985 6.898 2
3.618 5.985 6.898 5
3.518 5.932 6.496 5
3.518 5.932 6.496 5
3.518 5.932 6.496 3
3.451 6.033 6.238 2
3.451 6.033 6.238 5
3.331 6.11 5.84 5
3.331 6.11 5.84 5
3.331 6.11 5.84 4
3.278 6.215 5.515 6
3.226 6.311 5.309 5
3.226 6.311 5.309 5
3.226 6.311 5.309 3
3.13 6.397 5.232 2
3.13 6.397 5.232 5
3.063 6.502 5.06 5
3.063 6.502 5.06 5
3.063 6.502 5.06 4
3.139 6.478 5.227 1
3.139 6.478 5.227 5
3.317 6.43 5.5 5
3.317 6.43 5.5 5
3.317 6.43 5.5 3
3.59 6.406 5.869 2
3.776 6.382 6.06 5
3.776 6.382 6.06 5
3.863 6.445 6.051 5
3.863 6.445 6.051 3
3.863 6.445 6.051 2
3.786 6.445 5.993 5
3.786 6.445 5.993 5
3.614 6.478 5.816 5
3.614 6.478 5.816 3
3.614 6.478 5.816 2
3.432 6.56 5.61 5
3.432 6.56 5.61 5
3.293 6.732 5.232 5
3.293 6.732 5.232 4
3.293 6.732 5.232 1
3.326 6.866 5.108 5
3.326 6.866 5.108 5
3.441 6.852 5.117 5
3.441 6.852 5.117 3
3.441 6.852 5.117 2
3.671 6.833 5.443 5
3.671 6.833 5.443 5
3.896 6.785 5.759 5
3.896 6.785 5.759 3
3.896 6.785 5.759 2
3.963 6.708 5.974 5
3.963 6.708 5.974 5
4.016 6.689 6.051 5
4.016 6.689 6.051 4
4.016 6.689 6.051 1
4.083 6.694 6.166 5
4.083 6.694 6.166 5
4.14 6.789 6.367 5
4.14 6.789 6.367 3
3.997 6.785 6.329 2
3.997 6.785 6.329 5
3.719 6.756 6.228 5
3.719 6.756 6.228 5
3.719 6.756 6.228 4
3.671 6.813 5.955 1
3.671 6.813 5.955 5
3.59 6.847 5.778 5
3.59 6.847 5.778 5
3.59 6.847 5.778 4
3.652 6.856 5.768 1
3.652 6.856 5.768 5
3.676 6.856 5.955 5
3.676 6.856 5.955 5
3.676 6.856 5.955 3
3.906 6.895 6.147 2
3.906 6.895 6.147 5
3.944 6.967 6.223 5
3.944 6.967 6.223 5
3.944 6.967 6.223 3
3.992 6.981 6.175 2
3.992 6.981 6.175 5
4.097 7.072 6.209 5
4.097 7.072 6.209 5
4.097 7.072 6.209 4
4.14 7.153 6.333 1
4.14 7.153 6.333 5
4.203 7.206 6.247 5
4.203 7.206 6.247 5
4.203 7.206 6.247 3
4.135 7.192 6.123 2
3.973 7.101 6.123 5
3.973 7.101 6.123 5
3.886 7.053 6.19 5
3.886 7.053 6.19 3
3.886 7.053 6.19 2
3.685 6.924 6.209 5
3.685 6.924 6.209 5
3.508 6.943 6.127 5
3.508 6.943 6.127 4
3.508 6.943 6.127 1
3.475 6.952 6.204 5
3.475 6.952 6.204 5
3.518 7.019 6.233 5
3.518 7.019 6.233 3
3.518 7.019 6.233 2
3.556 7.005 6.204 5
3.556 7.005 6.204 5
3.532 7.091 6.07 5
3.532 7.091 6.07 4
3.532 7.091 6.07 1
3.556 7.082 6.046 5
3.556 7.082 6.046 5
3.575 7.153 6.099 5
3.575 7.153 6.099 4
3.575 7.153 6.099 1
3.652 7.211 6.051 5
3.652 7.211 6.051 5
3.661 7.307 5.979 5
3.661 7.307 5.979 3
3.661 7.307 5.979 2
3.652 7.364 5.864 5
3.652 7.364 5.864 5
3.681 7.398 6.036 5
3.681 7.398 6.036 3
3.508 7.359 5.85 2
3.508 7.359 5.85 5
3.35 7.283 5.778 5
3.35 7.283 5.778 5
3.35 7.283 5.778 4
3.235 7.378 5.591 1
3.235 7.378 5.591 5
3.207 7.359 5.649 5
3.207 7.359 5.649 5
3.207 7.359 5.649 3
3.216 7.359 5.74 2
3.216 7.359 5.74 5
3.211 7.378 5.591 5
3.211 7.378 5.591 5
3.211 7.378 5.591 4
3.135 7.412 5.562 1
3.135 7.412 5.562 5
2.996 7.422 5.318 5
2.996 7.422 5.318 5
2.996 7.422 5.318 4
2.953 7.489 5.146 1
2.953 7.489 5.146 5
2.977 7.517 4.882 5
2.977 7.517 4.882 5
2.977 7.517 4.882 4
3.087 7.503 5.079 1
3.087 7.503 5.079 5
3.341 7.426 5.347 5
3.47 7.417 5.625 5
3.47 7.417 5.625 4
3.47 7.417 5.625 1
3.336 7.316 5.787 5
3.336 7.316 5.787 5
3.264 7.311 5.553 5
3.264 7.311 5.553 4
3.264 7.311 5.553 1
3.116 7.326 5.357 5
3.116 7.326 5.357 5
2.972 7.316 5.261 5
2.972 7.316 5.261 4
2.972 7.316 5.261 1
2.862 7.302 5.088 5
2.862 7.302 5.088 5
2.886 7.331 4.983 5
2.886 7.331 4.983 4
2.886 7.331 4.983 1
2.938 7.254 5.203 5
2.938 7.254 5.203 5
3.053 7.249 5.366 5
3.053 7.249 5.366 4
3.053 7.249 5.366 1
3.135 7.244 5.596 5
3.135 7.244 5.596 5
3.092 7.177 5.653 5
3.092 7.177 5.653 4
3.092 7.177 5.653 1
3.005 7.211 5.558 5
3.005 7.211 5.558 5
2.895 7.192 5.577 5
2.895 7.192 5.577 4
2.895 7.192 5.577 1
2.718 7.139 5.481 5
2.718 7.139 5.481 5
2.618 7.11 5.462 5
2.618 7.11 5.462 5
2.541 7.101 5.51 1
2.541 7.101 5.51 4
2.637 7.077 5.615 5
2.637 7.077 5.615 5
2.637 7.077 5.615 4
2.689 7.101 5.668 1
2.689 7.101 5.668 5
2.742 7.24 5.5 5
2.742 7.24 5.5 5
2.742 7.24 5.5 4
2.713 7.187 5.649 1
2.713 7.187 5.649 5
2.938 7.216 5.768 5
2.938 7.216 5.768 5
2.938 7.216 5.768 4
3.092 7.345 5.859 2
3.092 7.345 5.859 4
3.116 7.402 5.773 5
3.116 7.402 5.773 5
3.116 7.402 5.773 4
3.283 7.383 5.941 1
3.283 7.383 5.941 5
3.441 7.623 5.855 5
3.441 7.623 5.855 5
3.441 7.623 5.855 4
3.417 7.575 5.725 1
3.417 7.575 5.725 5
3.269 7.584 5.596 5
3.269 7.584 5.596 5
3.269 7.584 5.596 4
3.264 7.671 5.553 2
3.369 7.661 5.687 4
3.369 7.661 5.687 5
3.374 7.603 5.687 5
3.374 7.603 5.687 4
3.374 7.603 5.687 2
3.274 7.546 5.634 4
3.274 7.546 5.634 5
3.221 7.498 5.687 5
3.221 7.498 5.687 4
3.221 7.498 5.687 1
3.106 7.584 5.467 6
3.106 7.584 5.467 5
3.015 7.354 5.711 5
3.015 7.354 5.711 4
3.015 7.354 5.711 1
3.063 7.426 5.467 5
3.063 7.426 5.467 5
3.116 7.565 5.433 5
3.116 7.565 5.433 3
3.116 7.565 5.433 2
3.183 7.594 5.438 5
3.183 7.594 5.438 5
3.24 7.723 5.299 5
3.24 7.723 5.299 3
3.24 7.723 5.299 2
3.139 7.594 5.261 5
3.139 7.594 5.261 5
2.996 7.498 5.519 5
2.996 7.498 5.519 3
2.996 7.498 5.519 2
3.044 7.445 5.658 5
3.044 7.445 5.658 5
3.053 7.441 5.835 5
3.053 7.441 5.835 3
3.092 7.398 5.902 4
3.092 7.398 5.902 3
2.91 7.474 5.759 5
2.91 7.474 5.759 5
2.91 7.474 5.759 3
2.761 7.546 4.346 2
2.761 7.546 4.346 5
2.819 7.9 4.878 5
2.819 7.9 4.878 5
2.819 7.9 4.878 4
2.981 7.345 5.357 1
2.981 7.345 5.357 5
2.943 7.398 5.476 5
2.943 7.398 5.476 5
2.943 7.398 5.476 3
3.025 7.326 5.831 2
3.025 7.326 5.831 5
3.187 7.383 6.003 5
3.187 7.383 6.003 5
3.187 7.383 6.003 3
3.307 7.364 6.104 2
3.307 7.364 6.104 5
3.226 7.335 6.194 5
3.226 7.335 6.194 5
3.226 7.335 6.194 4
3.202 7.331 6.343 1
3.202 7.331 6.343 5
3.159 7.398 6.391 5
3.159 7.398 6.391 5
3.159 7.398 6.391 3
3.005 7.364 5.888 2
2.871 7.599 5.227 5
2.871 7.599 5.227 5
2.948 7.58 5.141 5
2.948 7.58 5.141 4
2.948 7.58 5.141 1
2.972 7.517 4.892 5
2.972 7.517 4.892 5
2.972 7.623 5.218 5
2.972 7.623 5.218 4
2.972 7.623 5.218 1
2.91 7.445 5.519 5
2.91 7.445 5.519 5
3.034 7.407 5.855 5
3.034 7.407 5.855 3
3.034 7.407 5.855 2
3.082 7.374 6.324 5
3.082 7.374 6.324 5
3.02 7.412 6.171 5
3.02 7.412 6.171 3
3.02 7.412 6.171 2
2.9 7.522 5.821 5
2.9 7.522 5.821 5
2.723 7.58 5.615 5
2.723 7.58 5.615 4
2.723 7.58 5.615 1
2.594 7.584 5.443 5
2.594 7.584 5.443 5
2.503 7.627 5.28 5
2.503 7.627 5.28 3
2.503 7.627 5.28 2
2.436 7.685 5.17 5
2.436 7.685 5.17 5
2.46 7.68 5.16 5
2.46 7.68 5.16 3
2.565 7.632 5.289 2
2.565 7.632 5.289 5
2.579 7.632 5.428 5
2.579 7.632 5.428 5
2.579 7.632 5.428 4
2.608 7.671 5.452 1
2.608 7.671 5.452 5
2.594 7.632 5.371 5
2.594 7.632 5.371 5
2.594 7.632 5.371 3
2.627 7.575 5.409 2
2.627 7.575 5.409 5
2.685 7.637 5.38 5
2.685 7.637 5.38 5
2.685 7.637 5.38 4
2.756 7.647 5.342 1
2.756 7.647 5.342 5
2.761 7.661 5.385 5
2.761 7.661 5.385 5
2.761 7.661 5.385 4
2.742 7.651 5.371 1
2.742 7.651 5.371 5
2.785 7.69 5.4 5
2.785 7.69 5.4 5
2.785 7.69 5.4 3
2.8 7.632 5.543 2
2.8 7.632 5.543 5
2.771 7.589 5.639 5
2.771 7.589 5.639 5
2.771 7.589 5.639 4
2.8 7.627 5.629 1
2.871 7.675 5.735 5
2.871 7.675 5.735 5
2.876 7.603 5.773 5
2.876 7.603 5.773 4
2.876 7.603 5.773 1
2.895 7.594 5.759 5
2.895 7.594 5.759 5
2.838 7.603 5.596 5
2.838 7.603 5.596 3
2.838 7.603 5.596 2
2.867 7.575 5.653 5
2.867 7.575 5.653 5
2.795 7.556 5.658 5
2.795 7.556 5.658 3
2.795 7.556 5.658 2
2.742 7.599 5.457 5
2.742 7.599 5.457 5
2.694 7.618 5.366 5
2.694 7.618 5.366 4
2.694 7.618 5.366 1
2.68 7.618 5.39 5
2.68 7.618 5.39 5
2.689 7.68 5.433 5
2.689 7.68 5.433 3
2.689 7.68 5.433 2
2.78 7.69 5.309 5
2.78 7.69 5.309 5
2.689 7.651 5.495 5
2.689 7.651 5.495 4
2.689 7.651 5.495 1
2.709 7.57 5.476 5
2.709 7.57 5.476 5
2.618 7.599 5.357 5
2.618 7.599 5.357 4
2.646 7.613 5.313 1
2.646 7.613 5.313 5
2.732 7.584 5.424 5
2.732 7.584 5.424 5
2.732 7.584 5.424 3
2.728 7.527 5.486 2
2.728 7.527 5.486 5
2.742 7.556 5.371 5
2.742 7.556 5.371 5
2.742 7.556 5.371 4
2.804 7.613 5.261 1
2.804 7.613 5.261 5
2.886 7.603 5.304 5
2.886 7.603 5.304 5
2.886 7.603 5.304 4
2.867 7.623 5.424 1
2.867 7.623 5.424 5
2.862 7.608 5.538 5
2.862 7.608 5.538 5
2.862 7.608 5.538 4
2.766 7.541 5.586 1
2.766 7.541 5.586 5
2.713 7.513 5.481 5
2.713 7.513 5.481 5
2.713 7.513 5.481 4
2.728 7.536 5.538 1
2.728 7.536 5.538 5
2.79 7.551 5.567 5
2.814 7.575 5.562 5
2.814 7.575 5.562 4
2.814 7.575 5.562 1
2.914 7.618 5.51 5
2.914 7.618 5.51 5
2.843 7.642 5.467 5
2.843 7.642 5.467 4
2.843 7.642 5.467 1
2.871 7.647 5.428 5
2.871 7.647 5.428 5
2.79 7.656 5.495 5
2.79 7.656 5.495 4
2.79 7.656 5.495 1
2.8 7.594 5.591 5
2.8 7.594 5.591 5
2.742 7.589 5.615 5
2.742 7.589 5.615 4
2.742 7.589 5.615 1
2.718 7.536 5.582 5
2.718 7.536 5.582 5
2.718 7.589 5.491 5
2.718 7.589 5.491 4
2.718 7.589 5.491 1
2.8 7.627 5.538 5
2.8 7.627 5.538 5
2.843 7.685 5.419 5
2.843 7.685 5.419 4
2.843 7.685 5.419 1
2.843 7.671 5.414 5
2.843 7.671 5.414 5
2.79 7.68 5.414 5
2.79 7.68 5.414 4
2.79 7.68 5.414 1
2.723 7.651 5.38 5
2.723 7.651 5.38 5
2.656 7.623 5.448 5
2.656 7.623 5.448 4
2.642 7.618 5.471 1
2.642 7.618 5.471 5
2.685 7.584 5.61 5
2.685 7.584 5.61 5
2.685 7.584 5.61 4
2.814 7.642 5.673 1
2.814 7.642 5.673 5
2.895 7.723 5.586 5
2.895 7.723 5.586 5
2.895 7.723 5.586 5
2.914 7.718 5.529 5
2.871 7.685 5.428 5
2.871 7.685 5.428 5
2.871 7.685 5.428 4
2.857 7.661 5.462 1
2.857 7.661 5.462 5
2.833 7.642 5.457 5
2.833 7.642 5.457 5
2.833 7.642 5.457 4
2.732 7.565 5.577 1
2.732 7.565 5.577 5
2.699 7.551 5.663 5
2.699 7.551 5.663 5
2.699 7.551 5.663 4
2.737 7.565 5.644 2
2.737 7.565 5.644 4
2.852 7.666 5.572 5
2.852 7.666 5.572 5
2.852 7.666 5.572 4
2.852 7.661 5.486 1
2.785 7.675 5.467 5
2.785 7.675 5.467 5
2.709 7.632 5.452 5
2.709 7.632 5.452 4
2.709 7.632 5.452 1
2.665 7.589 5.404 5
2.665 7.589 5.404 5
2.651 7.584 5.529 5
2.651 7.584 5.529 4
2.651 7.584 5.529 2
2.67 7.623 5.5 4
2.67 7.623 5.5 5
2.723 7.589 5.591 5
2.723 7.589 5.591 4
2.723 7.589 5.591 1
2.79 7.685 5.548 5
2.79 7.685 5.548 5
2.852 7.69 5.529 5
2.852 7.69 5.529 4
2.852 7.69 5.529 2
2.833 7.68 5.462 5
2.833 7.68 5.462 5
2.771 7.666 5.438 5
2.771 7.666 5.438 4
2.771 7.666 5.438 1
2.704 7.58 5.462 5
2.704 7.58 5.462 5
2.646 7.575 5.419 5
2.646 7.575 5.419 3
2.646 7.575 5.419 2
2.589 7.551 5.409 5
2.589 7.551 5.409 5
2.608 7.57 5.414 5
2.608 7.57 5.414 3
2.694 7.57 5.342 2
2.694 7.57 5.342 5
2.689 7.608 5.424 5
2.689 7.608 5.424 5
2.689 7.608 5.424 4
2.685 7.637 5.433 1
2.685 7.637 5.433 5
2.771 7.603 5.524 5
2.771 7.603 5.524 5
2.771 7.603 5.524 3
2.852 7.656 5.553 2
2.852 7.656 5.553 5
2.862 7.613 5.515 5
2.862 7.613 5.515 5
2.862 7.613 5.515 3
2.862 7.58 5.625 2
2.862 7.58 5.625 5
2.833 7.613 5.534 5
2.833 7.613 5.534 5
2.833 7.613 5.534 4
2.761 7.56 5.5 1
2.761 7.56 5.5 5
2.704 7.56 5.404 5
2.704 7.56 5.404 5
2.704 7.56 5.404 3
2.685 7.508 5.443 2
2.685 7.508 5.443 5
2.656 7.527 5.558 5
2.656 7.527 5.558 5
2.656 7.527 5.558 3
2.618 7.498 5.582 2
2.546 7.46 5.658 5
2.546 7.46 5.658 5
2.536 7.455 5.562 5
2.536 7.455 5.562 4
2.536 7.455 5.562 1
2.421 7.436 5.572 5
2.421 7.436 5.572 5
2.383 7.422 5.548 5
2.383 7.422 5.548 3
2.383 7.422 5.548 2
2.393 7.402 5.481 5
2.393 7.402 5.481 5
2.412 7.378 4.82 5
2.412 7.378 4.82 4
2.412 7.378 4.82 1
2.79 8.101 3.355 5
2.79 8.101 3.355 5
3.082 7.565 5.716 5
3.082 7.565 5.716 4
3.082 7.565 5.716 1
3.499 7.508 4.993 5
3.499 7.508 4.993 5
3.369 7.69 5.835 5
3.369 7.69 5.835 3
3.369 7.69 5.835 2
3.46 7.354 5.955 5
3.46 7.354 5.955 5
3.408 7.489 6.324 5
3.408 7.489 6.324 3
3.408 7.489 6.324 2
3.326 7.407 6.391 5
3.326 7.407 6.391 5
3.187 7.565 6.123 5
3.187 7.565 6.123 4
3.269 7.647 5.902 1
3.269 7.647 5.902 5
3.374 7.891 5.548 5
3.374 7.891 5.548 5
3.374 7.891 5.548 3
3.427 7.943 5.385 2
3.427 7.943 5.385 5
3.537 7.967 5.352 5
3.537 7.967 5.352 5
3.537 7.967 5.352 3
3.59 7.948 5.606 2
3.59 7.948 5.606 5
3.465 7.785 5.787 5
3.465 7.785 5.787 5
3.465 7.785 5.787 4
3.23 7.627 5.864 1
3.23 7.627 5.864 5
3.168 7.517 5.902 5
3.168 7.517 5.902 5
3.168 7.517 5.902 3
3.049 7.493 5.778 2
3.049 7.493 5.778 5
2.981 7.474 5.74 5
2.981 7.474 5.74 5
2.981 7.474 5.74 4
2.953 7.479 5.821 1
2.953 7.479 5.821 5
2.895 7.493 5.893 5
2.895 7.493 5.893 5
2.895 7.493 5.893 4
2.814 7.527 5.807 1
2.814 7.527 5.807 5
2.747 7.608 5.682 5
2.752 7.632 5.471 5
2.752 7.632 5.471 3
2.752 7.632 5.471 2
2.776 7.714 5.524 5
2.776 7.714 5.524 5
2.809 7.733 5.673 5
2.809 7.733 5.673 3
2.809 7.733 5.673 2
2.78 7.647 5.663 5
2.78 7.647 5.663 5
2.742 7.599 5.72 5
2.742 7.599 5.72 4
2.742 7.599 5.72 1
2.819 7.584 5.917 5
2.819 7.584 5.917 5
2.886 7.536 5.878 5
2.886 7.536 5.878 3
2.886 7.536 5.878 2
3.005 7.632 5.893 5
3.005 7.632 5.893 5
2.981 7.623 5.735 5
2.981 7.623 5.735 3
2.981 7.623 5.735 2
2.766 7.56 5.567 5
2.766 7.56 5.567 5
2.776 7.527 5.548 5
2.776 7.527 5.548 4
2.776 7.527 5.548 1
2.981 7.58 5.629 5
2.981 7.58 5.629 5
2.91 7.503 5.692 5
2.91 7.503 5.692 3
2.761 7.402 5.61 2
2.761 7.402 5.61 5
2.823 7.431 5.519 5
2.823 7.431 5.519 5
2.823 7.431 5.519 4
2.91 7.498 5.562 1
2.91 7.498 5.562 5
2.881 7.489 5.615 5
2.881 7.489 5.615 5
2.881 7.489 5.615 4
2.819 7.469 5.534 1
2.819 7.469 5.534 5
2.732 7.46 5.409 5
2.732 7.46 5.409 5
2.732 7.46 5.409 4
2.809 7.546 5.38 1
2.809 7.546 5.38 5
2.843 7.57 5.448 5
2.843 7.57 5.448 5
2.843 7.57 5.448 4
2.78 7.532 5.419 1
2.78 7.532 5.419 5
2.795 7.426 5.749 5
2.795 7.426 5.749 5
2.795 7.426 5.749 4
2.828 7.398 5.845 1
2.828 7.398 5.845 5
2.78 7.479 5.754 5
2.78 7.479 5.754 5
2.78 7.479 5.754 4
2.847 7.503 5.663 1
2.847 7.503 5.663 5
2.881 7.584 5.586 5
2.828 7.508 5.5 5
2.828 7.508 5.5 4
2.828 7.508 5.5 1
2.823 7.556 5.5 5
2.823 7.556 5.5 5
2.847 7.603 5.409 5
2.847 7.603 5.409 4
2.905 7.671 5.543 6
2.905 7.671 5.543 5
2.953 7.637 5.653 5
2.953 7.637 5.653 4
2.953 7.637 5.653 1
2.986 7.671 5.649 5

# Completed @Sun Mar 26 22:21:53 GMT+02:00 2017
