# Accelerometer Data File
# Started @Thu Mar 30 19:11:00 GMT+02:00 2017
#
#
# sensor Vendor: Invensense
# sensor Name: ICM20610 Acceleration Sensor
# sensor Resolution: 0.0011971008m/sec^2; Max Range: 39.2266; Min Delay: 5000 microseconds
# The sensor's attributes are the result hardware and the Android capabilities.
# It means that the Android may not utilize all features provided by the hardware.
#
# Some devices and Android versions save battery too much so the device may go to sleep.
# It just happens after couple of minutes from turning off the scree and it is easy to find it out.
#
# The following file provides the data from accelerometer in the m/s^2 format.
# The diff value is just a time delta between the samples
#
#
# data format:
# so we have 4 columns with values separated by the " "
# X Y Z time_from_previous_sample(ms)

# sensor speed set to:FASTEST
# units set to: m/sec^2
# gravity NOT filtered out
# Accuracy: HIGH
0.448 5.41 8.1 0
0.448 5.41 8.1 3
0.487 5.372 8.335 6
0.501 5.2 8.613 5
0.501 5.2 8.613 3
0.501 5.2 8.613 5
0.477 5.166 8.795 1
0.477 5.166 8.795 6
0.482 5.133 8.862 5
0.482 5.133 8.862 3
0.482 5.133 8.862 1
0.515 5.185 8.526 6
0.515 5.185 8.526 4
0.554 5.363 8.249 5
0.554 5.363 8.249 4
0.554 5.363 8.249 1
0.654 5.43 7.851 5
0.654 5.43 7.851 6
0.611 5.458 7.751 5
0.611 5.458 7.751 3
0.611 5.458 7.751 1
0.573 5.444 7.674 5
0.573 5.444 7.674 6
0.63 5.42 7.875 5
0.63 5.42 7.875 3
0.63 5.42 7.875 1
0.75 5.453 8.21 5
0.75 5.453 8.21 5
0.846 5.425 8.474 5
0.846 5.425 8.474 4
0.846 5.425 8.474 1
0.76 5.363 8.574 5
0.76 5.363 8.574 6
0.741 5.339 8.565 5
0.741 5.339 8.565 3
0.669 5.319 8.503 1
0.669 5.319 8.503 5
0.76 5.377 8.45 6
0.76 5.377 8.45 5
0.76 5.377 8.45 3
0.836 5.41 8.512 2
0.836 5.41 8.512 5
0.884 5.41 8.507 5
0.884 5.41 8.507 5
0.884 5.41 8.507 3
0.836 5.463 8.33 2
0.836 5.463 8.33 5
0.764 5.477 8.21 5
0.764 5.477 8.21 5
0.764 5.477 8.21 3
0.64 5.439 8.172 2
0.64 5.439 8.172 5
0.463 5.473 8.129 5
0.463 5.473 8.129 5
0.463 5.473 8.129 3
0.262 5.477 8.182 2
0.262 5.477 8.182 5
0.113 5.53 8.1 5
0.113 5.53 8.1 5
0.113 5.53 8.1 3
0.18 5.65 7.928 2
0.18 5.65 7.928 5
0.199 5.712 8.115 5
0.199 5.712 8.115 5
0.199 5.712 8.115 3
0.147 5.688 8.368 2
0.142 5.64 8.459 5
0.142 5.64 8.459 5
0.104 5.583 8.613 5
0.104 5.583 8.613 3
0.104 5.583 8.613 2
0.017 5.568 8.665 5
0.017 5.568 8.665 5
0.046 5.449 8.498 5
0.046 5.449 8.498 3
0.046 5.449 8.498 2
-0.001 5.425 8.44 5
-0.001 5.425 8.44 5
0.128 5.506 8.321 5
0.128 5.506 8.321 3
0.128 5.506 8.321 2
0.142 5.592 8.244 5
0.142 5.592 8.244 5
0.051 5.592 8.052 5
0.051 5.592 8.052 3
0.051 5.592 8.052 2
0.027 5.597 8.052 5
0.027 5.597 8.052 5
-0.029 5.602 8.0 5
-0.029 5.602 8.0 3
-0.029 5.602 8.0 2
-0.025 5.506 8.038 5
-0.025 5.506 8.038 5
0.08 5.415 8.076 5
0.08 5.415 8.076 3
0.08 5.415 8.076 2
0.195 5.324 8.306 5
0.123 5.319 8.402 5
0.123 5.319 8.402 5
0.123 5.319 8.402 3
0.065 5.262 8.488 2
0.065 5.262 8.488 5
0.032 5.214 8.469 5
0.032 5.214 8.469 5
0.032 5.214 8.469 3
0.056 5.286 8.522 2
0.056 5.286 8.522 5
0.075 5.43 8.541 5
0.075 5.43 8.541 5
0.075 5.43 8.541 3
0.223 5.482 8.474 2
0.223 5.482 8.474 5
0.214 5.525 8.412 5
0.214 5.525 8.412 5
0.214 5.525 8.412 3
0.056 5.564 8.503 2
0.056 5.564 8.503 5
-0.101 5.664 8.493 5
-0.101 5.664 8.493 5
-0.101 5.664 8.493 3
-0.216 5.664 8.541 2
-0.216 5.664 8.541 5
-0.345 5.731 8.531 5
-0.345 5.731 8.531 5
-0.345 5.731 8.531 3
-0.441 5.784 8.421 2
-0.441 5.784 8.421 5
-0.322 5.803 8.469 5
-0.168 5.798 8.455 5
-0.168 5.798 8.455 3
-0.168 5.798 8.455 2
-0.034 5.822 8.589 5
-0.034 5.822 8.589 5
0.003 5.865 8.627 5
0.003 5.865 8.627 3
0.003 5.865 8.627 2
-0.029 5.87 8.617 5
-0.029 5.87 8.617 5
-0.049 5.851 8.407 5
-0.049 5.851 8.407 3
-0.049 5.851 8.407 2
-0.077 5.928 8.182 5
-0.077 5.928 8.182 5
-0.149 5.889 8.009 5
-0.149 5.889 8.009 3
-0.149 5.889 8.009 2
-0.111 5.875 7.875 5
-0.111 5.875 7.875 5
-0.154 5.827 8.0 5
-0.154 5.827 8.0 4
-0.154 5.827 8.0 1
-0.235 5.659 8.321 5
-0.235 5.659 8.321 6
-0.317 5.616 8.397 5
-0.317 5.616 8.397 2
-0.317 5.616 8.397 2
-0.379 5.578 8.402 5
-0.379 5.578 8.402 5
-0.432 5.501 8.364 5
-0.432 5.501 8.364 3
-0.489 5.377 8.273 2
-0.489 5.377 8.273 5
-0.585 5.276 8.206 5
-0.585 5.276 8.206 5
-0.585 5.276 8.206 3
-0.776 5.348 7.947 2
-0.776 5.348 7.947 5
-0.858 5.363 7.66 5
-0.858 5.363 7.66 5
-0.858 5.363 7.66 3
-0.872 5.391 7.478 2
-0.872 5.391 7.478 5
-0.772 5.377 7.325 5
-0.772 5.377 7.325 5
-0.772 5.377 7.325 3
-0.59 5.31 7.535 2
-0.59 5.31 7.535 5
-0.384 5.204 7.933 5
-0.384 5.204 7.933 5
-0.384 5.204 7.933 3
-0.245 5.085 8.321 2
-0.245 5.085 8.321 5
-0.106 4.979 8.431 5
-0.106 4.979 8.431 5
-0.106 4.979 8.431 3
-0.278 4.955 8.148 2
-0.278 4.955 8.148 5
-0.322 4.97 7.588 5
-0.322 4.97 7.588 5
-0.322 4.97 7.588 4
-0.398 5.142 7.123 1
-0.207 5.43 6.702 5
-0.207 5.43 6.702 5
-0.159 5.679 6.635 5
-0.159 5.679 6.635 4
-0.159 5.679 6.635 1
-0.159 5.851 6.75 5
-0.159 5.851 6.75 6
-0.13 5.827 6.822 5
-0.13 5.827 6.822 2
-0.13 5.827 6.822 2
-0.24 5.736 6.961 5
-0.24 5.736 6.961 5
-0.307 5.664 7.358 5
-0.307 5.664 7.358 3
-0.307 5.664 7.358 2
-0.302 5.626 7.703 5
-0.302 5.626 7.703 5
-0.259 5.564 7.928 5
-0.259 5.564 7.928 4
-0.259 5.564 7.928 1
-0.159 5.602 7.985 5
-0.159 5.602 7.985 5
0.056 5.578 7.947 5
0.056 5.578 7.947 4
0.056 5.578 7.947 1
0.18 5.588 8.095 5
0.18 5.588 8.095 5
0.247 5.497 8.277 5
0.247 5.497 8.277 4
0.247 5.497 8.277 1
0.18 5.315 8.435 5
0.137 5.224 8.632 6
0.137 5.224 8.632 5
0.137 5.224 8.632 3
0.185 5.19 8.68 1
0.185 5.19 8.68 5
0.075 5.181 8.368 6
0.075 5.181 8.368 5
0.075 5.181 8.368 3
0.137 5.137 8.177 1
0.137 5.137 8.177 5
0.209 5.09 8.024 5
0.209 5.09 8.024 5
0.209 5.09 8.024 4
0.228 5.046 8.191 1
0.228 5.046 8.191 5
0.19 4.97 8.249 5
0.19 4.97 8.249 5
0.19 4.97 8.249 4
0.372 4.807 8.201 1
0.372 4.807 8.201 5
0.578 4.707 8.512 6
0.578 4.707 8.512 5
0.578 4.707 8.512 3
0.731 4.587 8.708 1
0.731 4.587 8.708 5
0.726 4.616 8.847 5
0.726 4.616 8.847 5
0.726 4.616 8.847 4
0.702 4.625 8.651 1
0.702 4.625 8.651 5
0.712 4.587 8.297 5
0.937 4.74 7.837 5
0.937 4.74 7.837 4
0.937 4.74 7.837 1
1.186 5.042 7.267 5
1.186 5.042 7.267 6
1.531 5.185 6.922 5
1.531 5.185 6.922 3
1.531 5.185 6.922 1
1.885 5.267 7.037 5
1.885 5.267 7.037 6
1.914 5.195 7.746 5
1.914 5.195 7.746 3
1.914 5.195 7.746 1
1.727 4.831 8.177 5
1.727 4.831 8.177 6
1.531 4.558 8.598 5
1.531 4.558 8.598 3
1.531 4.558 8.598 1
1.377 4.486 8.608 5
1.377 4.486 8.608 6
1.143 4.462 8.416 5
1.143 4.462 8.416 3
1.143 4.462 8.416 1
1.085 4.486 7.961 5
1.085 4.486 7.961 6
1.167 4.496 7.406 5
1.167 4.496 7.406 3
1.167 4.496 7.406 1
1.468 4.616 6.999 5
1.468 4.616 6.999 5
1.928 4.721 6.989 5
1.928 4.721 6.989 4
1.928 4.721 6.989 1
2.642 4.955 7.19 5
2.675 5.032 8.153 6
2.675 5.032 8.153 5
2.675 5.032 8.153 3
2.354 4.596 9.13 1
2.354 4.596 9.13 5
1.99 4.084 9.795 6
1.99 4.084 9.795 5
1.99 4.084 9.795 3
1.717 3.849 10.054 1
1.717 3.849 10.054 5
1.669 3.825 9.929 6
1.669 3.825 9.929 5
1.669 3.825 9.929 3
1.631 3.888 9.661 1
1.631 3.888 9.661 6
1.397 3.96 9.226 5
1.397 3.96 9.226 5
1.397 3.96 9.226 3
1.171 4.118 8.819 1
1.171 4.118 8.819 6
0.956 4.429 8.498 5
0.956 4.429 8.498 5
0.956 4.429 8.498 3
1.09 4.534 8.043 2
1.09 4.534 8.043 5
1.382 4.381 7.985 5
1.382 4.381 7.985 5
1.382 4.381 7.985 3
1.497 4.156 8.531 2
1.497 4.156 8.531 5
1.617 3.936 9.053 5
1.516 3.845 9.269 5
1.516 3.845 9.269 3
1.516 3.845 9.269 2
1.78 3.754 8.852 5
1.78 3.754 8.852 5
2.048 3.749 8.22 5
2.048 3.749 8.22 3
2.048 3.749 8.22 2
2.335 3.758 7.736 5
2.335 3.758 7.736 5
2.546 3.859 7.411 5
2.546 3.859 7.411 3
2.546 3.859 7.411 2
2.536 3.878 7.104 5
2.536 3.878 7.104 5
2.694 3.773 6.851 5
2.694 3.773 6.851 3
2.694 3.773 6.851 2
3.384 3.62 6.975 5
3.384 3.62 6.975 5
3.556 3.299 8.373 5
3.556 3.299 8.373 3
3.556 3.299 8.373 2
3.12 2.662 9.249 5
3.12 2.662 9.249 5
2.498 2.26 9.551 5
2.498 2.26 9.551 3
2.498 2.26 9.551 2
2.153 2.14 9.23 5
2.153 2.14 9.23 5
1.947 2.116 8.435 5
1.947 2.116 8.435 3
2.167 2.178 7.516 2
2.167 2.178 7.516 5
2.436 2.398 7.023 5
2.436 2.398 7.023 5
2.436 2.398 7.023 3
2.943 2.595 6.75 2
2.943 2.595 6.75 5
2.948 2.528 6.874 5
2.948 2.528 6.874 5
2.948 2.528 6.874 3
2.579 2.035 7.732 2
2.579 2.035 7.732 5
2.239 1.154 9.307 5
2.239 1.154 9.307 5
2.239 1.154 9.307 3
2.905 0.703 10.121 2
2.905 0.703 10.121 5
4.322 1.307 9.288 5
4.322 1.307 9.288 5
4.322 1.307 9.288 3
5.165 2.528 8.048 2
5.165 2.528 8.048 5
5.476 3.39 6.908 5
5.476 3.39 6.908 5
5.476 3.39 6.908 3
5.404 3.557 6.305 2
5.404 3.557 6.305 5
5.328 3.519 5.969 5
5.328 3.519 5.969 5
5.328 3.519 5.969 3
5.007 3.078 6.4 2
5.208 2.504 7.521 5
5.208 2.504 7.521 5
5.634 2.188 9.455 5
5.634 2.188 9.455 3
5.634 2.188 9.455 2
6.127 2.159 11.074 5
6.127 2.159 11.074 5
6.396 2.068 11.361 5
6.396 2.068 11.361 3
6.396 2.068 11.361 2
6.41 2.245 10.911 5
6.41 2.245 10.911 5
6.252 2.662 10.035 5
6.252 2.662 10.035 3
6.252 2.662 10.035 2
6.602 3.227 8.646 5
6.602 3.227 8.646 5
6.903 3.873 8.019 5
6.903 3.873 8.019 4
6.903 3.873 8.019 1
7.052 4.118 7.914 5
7.052 4.118 7.914 5
6.999 4.098 8.172 5
6.999 4.098 8.172 3
6.999 4.098 8.172 2
6.946 4.012 8.756 5
6.946 4.012 8.756 5
6.774 4.003 9.039 5
6.774 4.003 9.039 3
6.774 4.003 9.039 2
6.386 3.711 9.235 5
6.046 3.342 9.436 5
6.046 3.342 9.436 5
6.046 3.342 9.436 3
5.926 3.155 9.724 2
5.926 3.155 9.724 5
5.759 3.007 10.054 5
5.759 3.007 10.054 5
5.759 3.007 10.054 3
5.385 2.791 10.083 2
5.385 2.791 10.083 5
4.887 2.446 9.508 5
4.887 2.446 9.508 5
4.887 2.446 9.508 3
4.179 2.24 8.732 2
4.179 2.24 8.732 5
3.561 1.824 7.99 5
3.561 1.824 7.99 5
3.561 1.824 7.99 3
3.671 1.795 7.933 2
3.671 1.795 7.933 5
4.126 2.126 8.172 5
4.126 2.126 8.172 5
4.126 2.126 8.172 3
4.988 2.595 8.761 2
4.988 2.595 8.761 5
5.869 3.078 9.465 5
5.869 3.078 9.465 5
5.869 3.078 9.465 3
6.463 3.083 9.791 2
6.463 3.083 9.791 5
6.487 2.892 10.255 5
6.118 2.499 10.442 5
6.118 2.499 10.442 3
6.118 2.499 10.442 2
5.639 2.375 10.408 5
5.639 2.375 10.408 6
5.093 2.217 10.164 5
5.093 2.217 10.164 2
5.093 2.217 10.164 2
4.519 2.02 10.025 5
4.519 2.02 10.025 5
4.26 2.015 9.786 5
4.26 2.015 9.786 3
4.26 2.015 9.786 2
4.246 2.044 9.589 5
4.246 2.044 9.589 5
4.581 2.135 9.589 5
4.581 2.135 9.589 3
4.581 2.135 9.589 2
4.83 2.284 9.724 5
4.83 2.284 9.724 5
4.897 2.092 9.996 5
4.897 2.092 9.996 4
4.897 2.092 9.996 1
4.791 1.891 10.231 5
4.791 1.891 10.231 6
4.643 1.719 10.332 5
4.643 1.719 10.332 3
4.643 1.719 10.332 1
4.447 1.47 10.284 5
4.447 1.47 10.284 5
4.428 1.403 10.217 5
4.428 1.403 10.217 4
4.557 1.455 10.308 1
4.557 1.455 10.308 5
4.902 1.537 10.212 5
4.902 1.537 10.212 5
4.902 1.537 10.212 4
5.275 1.69 10.092 1
5.275 1.69 10.092 5
5.505 1.877 10.087 5
5.505 1.877 10.087 5
5.505 1.877 10.087 4
5.821 1.934 9.934 1
5.821 1.934 9.934 5
6.123 2.106 9.815 5
6.123 2.106 9.815 5
6.123 2.106 9.815 4
6.333 2.24 9.709 1
6.333 2.24 9.709 5
6.29 2.217 9.527 6
6.29 2.217 9.527 5
6.29 2.217 9.527 3
6.257 2.068 9.326 1
6.257 2.068 9.326 5
6.132 1.905 9.307 5
6.132 1.905 9.307 5
6.132 1.905 9.307 4
6.099 1.656 9.815 1
6.099 1.656 9.815 5
6.233 1.532 10.523 5
6.233 1.532 10.523 5
6.233 1.532 10.523 4
6.3 1.551 10.93 1
6.448 1.484 11.007 5
6.448 1.484 11.007 5
6.467 1.551 10.653 5
6.467 1.551 10.653 4
6.467 1.551 10.653 1
6.525 1.719 10.518 5
6.525 1.719 10.518 6
6.391 1.584 10.384 5
6.391 1.584 10.384 3
6.391 1.584 10.384 1
6.223 1.403 10.011 5
6.223 1.403 10.011 5
5.989 1.201 9.862 5
5.989 1.201 9.862 4
5.989 1.201 9.862 1
5.792 0.981 10.188 5
5.792 0.981 10.188 5
5.682 0.852 10.547 5
5.682 0.852 10.547 4
5.682 0.852 10.547 1
5.773 0.866 10.619 5
5.773 0.866 10.619 5
5.74 1.053 10.605 5
5.74 1.053 10.605 4
5.74 1.053 10.605 1
5.61 1.115 10.542 5
5.61 1.115 10.542 6
5.184 1.039 10.418 5
5.184 1.039 10.418 3
5.184 1.039 10.418 1
4.806 0.991 10.107 5
4.705 1.039 9.738 6
4.705 1.039 9.738 5
4.705 1.039 9.738 3
4.724 1.249 9.594 1
4.724 1.249 9.594 5
4.72 1.398 9.537 6
4.72 1.398 9.537 5
4.72 1.398 9.537 3
4.557 1.503 9.518 1
4.557 1.503 9.518 5
4.523 1.541 9.226 6
4.523 1.541 9.226 5
4.523 1.541 9.226 3
4.538 1.786 9.101 1
4.538 1.786 9.101 5
4.724 1.891 9.226 5
4.724 1.891 9.226 5
4.724 1.891 9.226 4
4.753 1.881 9.609 1
4.753 1.881 9.609 5
4.605 1.728 9.934 6
4.605 1.728 9.934 5
4.605 1.728 9.934 3
4.15 1.508 10.183 1
4.15 1.508 10.183 5
3.858 1.307 10.025 6
3.858 1.307 10.025 5
3.858 1.307 10.025 3
3.661 1.254 9.724 1
3.661 1.254 9.724 5
3.829 1.47 9.484 6
3.829 1.532 9.585 5
3.829 1.532 9.585 3
3.829 1.532 9.585 2
4.045 1.642 9.637 5
4.045 1.642 9.637 5
4.092 1.805 9.431 5
4.092 1.805 9.431 3
4.092 1.805 9.431 2
4.116 1.819 9.403 5
4.116 1.819 9.403 5
3.896 1.924 9.484 5
3.896 1.924 9.484 3
3.896 1.924 9.484 2
3.69 1.924 9.781 5
3.69 1.924 9.781 5
3.369 1.824 9.834 5
3.369 1.824 9.834 3
3.369 1.824 9.834 2
2.962 1.57 9.834 5
2.962 1.57 9.834 5
2.661 1.46 10.097 5
2.661 1.46 10.097 3
2.661 1.46 10.097 2
2.215 1.216 10.145 5
2.215 1.216 10.145 5
1.794 1.029 9.867 5
1.794 1.029 9.867 3
1.794 1.029 9.867 2
1.669 1.12 9.197 5
1.669 1.12 9.197 5
1.689 1.441 8.785 5
1.689 1.441 8.785 3
1.564 1.738 8.464 2
1.564 1.738 8.464 5
1.339 1.9 8.1 5
1.339 1.9 8.1 5
1.339 1.9 8.1 3
0.975 2.197 8.024 2
0.975 2.197 8.024 5
0.578 2.327 7.617 5
0.578 2.327 7.617 5
0.578 2.327 7.617 3
0.123 2.533 7.248 2
0.123 2.533 7.248 5
-0.36 2.475 7.162 5
-0.36 2.475 7.162 5
-0.36 2.475 7.162 3
-0.48 2.576 7.42 2
-0.48 2.576 7.42 5
-0.556 2.7 7.631 5
-0.556 2.7 7.631 5
-0.556 2.7 7.631 3
-0.661 2.748 7.918 2
-0.661 2.748 7.918 5
-0.877 2.858 7.732 5
-0.877 2.858 7.732 5
-0.877 2.858 7.732 3
-1.035 3.203 7.186 2
-1.035 3.203 7.186 5
-1.227 3.596 6.894 5
-1.227 3.596 6.894 5
-1.227 3.596 6.894 3
-1.255 3.945 6.343 2
-1.116 4.577 5.917 5
-1.116 4.577 5.917 5
-0.863 4.941 5.826 5
-0.863 4.941 5.826 3
-0.863 4.941 5.826 2
-0.762 5.013 6.022 5
-0.762 5.013 6.022 5
-0.92 4.836 6.41 5
-0.92 4.836 6.41 3
-0.92 4.836 6.41 2
-1.48 4.606 6.712 5
-1.48 4.606 6.712 5
-1.945 4.362 6.731 5
-1.945 4.362 6.731 3
-1.945 4.362 6.731 2
-2.223 4.319 6.42 5
-2.223 4.319 6.42 5
-2.28 4.592 6.046 5
-2.28 4.592 6.046 3
-2.28 4.592 6.046 2
-2.294 4.932 5.725 5
-2.294 4.932 5.725 5
-2.5 5.252 5.586 5
-2.5 5.252 5.586 3
-2.5 5.252 5.586 2
-2.495 5.525 5.457 5
-2.495 5.525 5.457 5
-2.433 5.932 5.165 5
-2.433 5.932 5.165 3
-2.433 5.932 5.165 2
-2.591 6.172 4.954 5
-2.548 6.162 5.069 5
-2.548 6.162 5.069 5
-2.548 6.162 5.069 3
-2.419 6.129 5.687 2
-2.419 6.129 5.687 5
-2.28 6.129 6.151 5
-2.28 6.129 6.151 5
-2.28 6.129 6.151 3
-2.246 5.985 6.343 2
-2.246 5.985 6.343 5
-2.333 5.861 6.396 5
-2.333 5.861 6.396 5
-2.333 5.861 6.396 3
-2.352 6.052 6.487 2
-2.352 6.052 6.487 5
-2.28 6.2 6.726 5
-2.28 6.2 6.726 5
-2.28 6.2 6.726 3
-2.208 6.368 6.769 2
-2.208 6.368 6.769 5
-1.926 6.569 6.697 5
-1.926 6.569 6.697 5
-1.926 6.569 6.697 3
-1.696 6.77 6.625 2
-1.696 6.77 6.625 5
-1.543 6.861 6.649 5
-1.543 6.861 6.649 5
-1.543 6.861 6.649 4
-1.571 6.885 6.951 1
-1.571 6.885 6.951 5
-1.533 7.086 7.195 6
-1.571 7.34 7.459 5
-1.571 7.34 7.459 2
-1.571 7.34 7.459 2
-1.437 7.656 7.574 5
-1.437 7.656 7.574 5
-1.514 7.661 7.77 5
-1.514 7.661 7.77 3
-1.514 7.661 7.77 2
-1.734 7.532 7.698 5
-1.734 7.532 7.698 5
-1.873 7.46 7.535 5
-1.873 7.46 7.535 3
-1.873 7.46 7.535 2
-2.05 7.441 6.807 5
-2.05 7.441 6.807 5
-1.859 7.642 6.147 5
-1.859 7.642 6.147 3
-1.859 7.642 6.147 2
-1.538 7.91 6.036 5
-1.538 7.91 6.036 5
-0.997 8.125 6.587 5
-0.997 8.125 6.587 3
-0.997 8.125 6.587 2
-0.762 8.039 7.65 5
-0.762 8.039 7.65 6
-0.475 7.565 8.723 5
-0.475 7.565 8.723 2
-0.475 7.565 8.723 2
-0.302 6.9 9.915 5
-0.302 6.9 9.915 5
-0.178 6.507 10.72 5
-0.178 6.507 10.72 4
-0.231 6.531 10.471 1
-0.231 6.531 10.471 5
-0.096 6.789 9.561 5
-0.096 6.789 9.561 5
-0.096 6.789 9.561 4
-0.068 6.995 8.632 1
-0.068 6.995 8.632 5
-0.015 7.307 7.866 5
-0.015 7.307 7.866 5
-0.015 7.307 7.866 4
0.089 7.469 6.822 1
0.089 7.469 6.822 5
0.362 7.714 6.271 6
0.362 7.714 6.271 5
0.362 7.714 6.271 3
0.468 7.953 6.127 1
0.468 7.953 6.127 5
0.477 7.943 6.07 5
0.477 7.943 6.07 5
0.477 7.943 6.07 4
0.056 7.714 6.669 1
0.056 7.714 6.669 5
0.377 7.666 5.898 5
0.377 7.666 5.898 5
0.377 7.666 5.898 4
0.621 7.738 5.562 1
0.621 7.738 5.562 5
0.372 7.661 6.051 5
0.372 7.661 6.051 5
0.372 7.661 6.051 4
0.444 7.465 6.142 2
0.559 7.417 6.132 4
0.559 7.417 6.132 5
0.788 7.589 6.147 5
0.788 7.589 6.147 4
0.788 7.589 6.147 1
0.927 7.795 5.969 5
0.927 7.795 5.969 6
0.721 7.685 5.941 5
0.721 7.685 5.941 3
0.721 7.685 5.941 1
0.401 7.465 5.96 5
0.401 7.465 5.96 5
0.166 7.225 5.926 5
0.166 7.225 5.926 4
0.166 7.225 5.926 1
-0.13 7.11 6.046 5
-0.13 7.11 6.046 5
-0.168 6.986 6.041 5
-0.168 6.986 6.041 4
-0.168 6.986 6.041 1
-0.211 6.995 5.979 5
-0.211 6.995 5.979 5
-0.149 6.995 5.917 5
-0.149 6.995 5.917 4
-0.149 6.995 5.917 1
-0.111 7.053 5.965 5
-0.111 7.053 5.965 6
-0.211 7.0 5.979 5
-0.211 7.0 5.979 3
-0.211 7.0 5.979 1
-0.374 6.943 5.941 5
-0.36 6.943 6.104 6
-0.36 6.943 6.104 5
-0.36 6.943 6.104 3
-0.111 7.101 6.338 1
-0.111 7.101 6.338 5
0.128 7.182 6.86 5
0.128 7.182 6.86 5
0.128 7.182 6.86 4
0.31 7.182 7.243 1
0.31 7.182 7.243 5
0.276 7.086 7.507 6
0.276 7.086 7.507 5
0.276 7.086 7.507 3
0.286 7.067 7.497 1
0.286 7.067 7.497 5
0.266 7.096 7.238 6
0.266 7.096 7.238 5
0.266 7.096 7.238 3
0.338 7.283 6.726 1
0.338 7.283 6.726 5
0.367 7.465 6.295 6
0.367 7.465 6.295 5
0.367 7.465 6.295 3
0.439 7.637 5.989 1
0.439 7.637 5.989 5
0.472 7.685 6.099 6
0.472 7.685 6.099 5
0.472 7.685 6.099 3
0.468 7.608 6.3 1
0.468 7.608 6.3 5
0.463 7.522 6.702 6
0.415 7.398 7.028 5
0.415 7.398 7.028 3
0.415 7.398 7.028 1
0.295 7.192 7.157 5
0.295 7.192 7.157 5
0.209 7.125 7.042 5
0.209 7.125 7.042 4
0.209 7.125 7.042 1
0.022 7.072 6.807 5
0.022 7.072 6.807 6
0.142 7.163 6.477 5
0.142 7.163 6.477 3
0.142 7.163 6.477 2
0.238 7.273 6.271 5
0.238 7.273 6.271 5
0.286 7.374 6.142 5
0.286 7.374 6.142 3
0.286 7.374 6.142 2
0.238 7.388 6.022 5
0.238 7.388 6.022 5
0.276 7.393 6.108 5
0.276 7.393 6.108 3
0.276 7.393 6.108 2
0.262 7.34 6.194 5
0.262 7.34 6.194 5
0.29 7.354 6.348 5
0.29 7.354 6.348 3
0.29 7.354 6.348 2
0.343 7.311 6.357 5
0.343 7.311 6.357 5
0.372 7.307 6.391 5
0.372 7.307 6.391 3
0.97 7.824 2.752 2
0.97 7.824 2.752 5
0.492 8.054 4.38 5
0.492 8.054 4.38 5
0.492 8.054 4.38 3
0.29 7.388 5.285 2
0.29 7.388 5.285 5
0.238 7.316 6.175 5
0.238 7.316 6.175 5
0.238 7.316 6.175 3
0.027 7.187 7.272 2
0.027 7.187 7.272 5
0.257 6.895 7.971 5
0.257 6.895 7.971 5
0.257 6.895 7.971 3
0.578 7.015 8.512 2
0.578 7.015 8.512 5
1.09 6.943 7.842 5
1.09 6.943 7.842 5
1.09 6.943 7.842 3
1.253 6.933 7.372 2
1.253 6.933 7.372 5
1.157 7.292 7.439 5
1.157 7.292 7.439 5
1.157 7.292 7.439 3
0.994 7.225 7.463 2
0.994 7.225 7.463 5
0.86 7.173 7.277 5
0.86 7.173 7.277 5
0.86 7.173 7.277 3
0.717 7.24 7.128 2
0.63 7.235 7.018 5
0.63 7.235 7.018 5
0.482 7.22 7.052 5
0.482 7.22 7.052 3
0.482 7.22 7.052 2
0.381 7.129 6.903 5
0.381 7.129 6.903 5
0.281 6.995 6.846 5
0.281 6.995 6.846 3
0.281 6.995 6.846 2
0.175 6.943 6.86 5
0.175 6.943 6.86 5
0.013 6.933 6.812 5
0.013 6.933 6.812 3
0.013 6.933 6.812 2
0.003 6.933 6.712 5
0.003 6.933 6.712 5
0.022 6.986 6.568 5
0.022 6.986 6.568 3
0.022 6.986 6.568 2
0.08 7.139 6.472 5
0.08 7.139 6.472 5
0.065 7.091 6.309 5
0.065 7.091 6.309 3
0.065 7.091 6.309 2
0.027 7.072 6.376 5
0.027 7.072 6.376 5
0.046 7.067 6.4 5
0.046 7.067 6.4 3
0.046 7.067 6.4 2
0.108 7.029 6.558 5
0.319 6.919 6.731 5
0.319 6.919 6.731 5
0.319 6.919 6.731 3
0.405 6.957 7.013 2
0.405 6.957 7.013 5
0.367 6.957 7.162 6
0.367 6.957 7.162 5
0.367 6.957 7.162 2
0.295 6.828 7.181 2
0.295 6.828 7.181 5
0.18 6.804 7.21 5
0.18 6.804 7.21 5
0.18 6.804 7.21 3
0.204 6.756 7.224 2
0.204 6.756 7.224 5
0.128 6.761 7.071 5
0.128 6.761 7.071 5
0.128 6.761 7.071 3
0.113 6.737 7.018 2
0.113 6.737 7.018 5
0.147 6.742 7.037 5
0.147 6.742 7.037 5
0.147 6.742 7.037 3
0.3 6.727 7.214 2
0.3 6.727 7.214 5
0.324 6.766 7.583 5
0.324 6.766 7.583 5
0.324 6.766 7.583 3
0.314 6.708 7.588 2
0.314 6.708 7.588 5
0.199 6.617 7.693 5
0.147 6.627 7.77 5
0.147 6.627 7.77 3
0.147 6.627 7.77 2
0.084 6.579 7.789 5
0.084 6.579 7.789 5
-0.053 6.612 7.712 5
-0.053 6.612 7.712 3
-0.053 6.612 7.712 2
0.051 6.694 7.368 5
0.051 6.694 7.368 5
0.008 6.622 7.2 5
0.008 6.622 7.2 3
0.008 6.622 7.2 2
0.032 6.593 7.224 5
0.032 6.593 7.224 5
0.041 6.593 7.195 5
0.041 6.593 7.195 3
0.041 6.593 7.195 2
-0.082 6.502 7.214 5
-0.082 6.502 7.214 6
-0.173 6.43 7.133 5
-0.173 6.43 7.133 2
-0.173 6.43 7.133 2
-0.077 6.411 7.334 5
-0.077 6.411 7.334 5
-0.049 6.478 7.329 5
-0.049 6.478 7.329 3
-0.049 6.478 7.329 2
-0.106 6.449 7.277 5
-0.106 6.449 7.277 5
-0.164 6.517 7.262 5
-0.164 6.517 7.262 3
-0.202 6.588 7.214 2
-0.202 6.588 7.214 5
-0.144 6.598 7.32 5
-0.144 6.598 7.32 5
-0.144 6.598 7.32 3
-0.116 6.612 7.258 2
-0.116 6.612 7.258 5
-0.073 6.698 7.1 5
-0.073 6.698 7.1 5
-0.073 6.698 7.1 4
0.041 6.675 7.028 1
0.041 6.675 7.028 5
0.152 6.703 7.186 6
0.152 6.703 7.186 5
0.152 6.703 7.186 3
0.199 6.665 7.416 1
0.199 6.665 7.416 5
0.209 6.607 7.507 5
0.209 6.607 7.507 5
0.209 6.607 7.507 4
0.171 6.517 7.497 1
0.171 6.517 7.497 5
0.175 6.517 7.444 5
0.175 6.517 7.444 5
0.175 6.517 7.444 4
0.18 6.531 7.339 1
0.18 6.531 7.339 5
0.142 6.517 7.253 5
0.142 6.517 7.253 5
0.142 6.517 7.253 4
0.199 6.55 7.147 1
0.223 6.584 7.219 5
0.223 6.584 7.219 6
0.257 6.646 7.243 5
0.257 6.646 7.243 3
0.257 6.646 7.243 1
0.118 6.742 7.229 5
0.118 6.742 7.229 5
0.171 6.622 7.267 5
0.171 6.622 7.267 4
0.171 6.622 7.267 1
0.113 6.56 7.401 5
0.113 6.56 7.401 5
0.195 6.569 7.612 5
0.195 6.569 7.612 4
0.195 6.569 7.612 1
0.223 6.55 7.617 5
0.223 6.55 7.617 6
0.137 6.555 7.574 5
0.137 6.555 7.574 3
0.137 6.555 7.574 1
0.041 6.598 7.454 5
0.041 6.598 7.454 5
-0.029 6.507 7.31 5
-0.029 6.507 7.31 4
-0.029 6.507 7.31 1
-0.082 6.488 7.353 5
-0.12 6.478 7.42 6
-0.12 6.478 7.42 5
-0.12 6.478 7.42 3
-0.12 6.478 7.42 1
-0.068 6.517 7.401 5
-0.029 6.507 7.358 6
-0.029 6.507 7.358 5
-0.029 6.507 7.358 3
0.032 6.445 7.334 1
0.032 6.445 7.334 6
0.099 6.531 7.387 4
0.099 6.531 7.387 5
0.099 6.531 7.387 4
0.108 6.464 7.444 1
0.108 6.464 7.444 5
0.123 6.483 7.54 5
0.123 6.483 7.54 5
0.123 6.483 7.54 4
0.142 6.483 7.502 1
0.142 6.483 7.502 5
0.123 6.55 7.43 6
0.123 6.55 7.43 5
0.123 6.55 7.43 3
0.084 6.564 7.281 1
0.084 6.564 7.281 5
0.032 6.521 7.262 6
0.032 6.521 7.262 5
0.032 6.521 7.262 3
-0.063 6.411 7.2 1
-0.063 6.411 7.2 5
-0.02 6.44 7.143 5
-0.02 6.44 7.143 5
-0.02 6.44 7.143 4
0.18 6.449 7.181 1
0.348 6.526 7.32 5
0.348 6.526 7.32 6
0.544 6.631 7.262 5
0.544 6.631 7.262 3
0.544 6.631 7.262 1
0.487 6.789 7.301 6
0.487 6.789 7.301 5
0.415 6.737 7.205 5
0.415 6.737 7.205 3
0.415 6.737 7.205 1
0.233 6.622 7.344 5
0.233 6.622 7.344 6
0.199 6.545 7.468 5
0.199 6.545 7.468 3
0.199 6.545 7.468 2
0.137 6.54 7.396 4
0.137 6.54 7.396 6
0.089 6.55 7.396 5
0.089 6.55 7.396 3
0.089 6.55 7.396 1
0.075 6.521 7.372 5
0.075 6.521 7.372 6
-0.034 6.406 7.349 5
-0.034 6.406 7.349 3
-0.034 6.406 7.349 1
0.022 6.392 7.162 5
0.022 6.392 7.162 5
0.137 6.478 7.095 5
0.137 6.478 7.095 4
0.137 6.478 7.095 2
0.175 6.459 7.305 5
0.099 6.435 7.416 5
0.099 6.435 7.416 5
0.099 6.435 7.416 3
0.08 6.411 7.487 2
0.08 6.411 7.487 5
0.017 6.392 7.55 5
0.017 6.392 7.55 5
0.017 6.392 7.55 3
0.032 6.449 7.497 2
0.032 6.449 7.497 5
-0.001 6.406 7.516 5
-0.001 6.406 7.516 5
-0.001 6.406 7.516 3
0.161 6.435 7.444 2
0.161 6.435 7.444 5
0.233 6.497 7.377 5
0.233 6.497 7.377 5
0.233 6.497 7.377 3
0.515 6.584 7.286 2
0.515 6.584 7.286 5
0.539 6.679 7.238 5
0.539 6.679 7.238 5
0.539 6.679 7.238 3
0.669 6.718 7.119 2
0.669 6.718 7.119 5
0.731 6.785 7.171 5
0.731 6.785 7.171 5
0.731 6.785 7.171 3
0.784 6.727 7.243 2
0.784 6.727 7.243 5
0.855 6.766 7.32 5
0.894 6.708 7.281 5
0.894 6.708 7.281 3
0.894 6.708 7.281 2
1.09 7.201 5.663 5
1.09 7.201 5.663 5
0.381 6.861 7.411 5
0.381 6.861 7.411 3
0.381 6.861 7.411 2
0.108 6.22 7.957 5
0.108 6.22 7.957 5
0.539 6.081 7.856 5
0.539 6.081 7.856 3
0.539 6.081 7.856 2
0.448 6.517 7.243 5
0.448 6.517 7.243 5
0.635 6.627 7.143 5
0.635 6.627 7.143 3
0.635 6.627 7.143 2
0.721 6.574 7.19 5
0.721 6.574 7.19 5
0.582 6.646 7.224 5
0.582 6.646 7.224 3
0.582 6.646 7.224 2
0.405 6.454 7.463 5
0.405 6.454 7.463 5
0.276 6.339 7.588 5
0.276 6.339 7.588 3
0.276 6.339 7.588 2
0.295 6.335 7.597 5
0.295 6.335 7.597 5
0.391 6.517 7.569 5
0.391 6.517 7.569 3
0.515 6.622 7.358 2
0.515 6.622 7.358 5
0.515 6.66 7.152 5
0.515 6.66 7.152 5
0.515 6.66 7.152 3
0.511 6.603 7.186 2
0.511 6.603 7.186 5
0.458 6.569 7.449 5
0.458 6.569 7.449 5
0.458 6.569 7.449 3
0.415 6.56 7.593 2
0.415 6.56 7.593 5
0.386 6.521 7.564 5
0.386 6.521 7.564 5
0.386 6.521 7.564 3
0.367 6.569 7.473 2
0.367 6.569 7.473 5
0.42 6.555 7.425 5
0.42 6.555 7.425 5
0.42 6.555 7.425 3
0.477 6.564 7.344 2
0.477 6.564 7.344 5
0.515 6.55 7.516 5
0.515 6.55 7.516 5
0.515 6.55 7.516 3
0.472 6.545 7.607 2
0.472 6.545 7.607 5
0.506 6.526 7.507 6
0.506 6.526 7.507 5
0.506 6.526 7.507 2
0.621 6.526 7.641 2
0.683 6.588 7.636 5
0.683 6.588 7.636 5
0.602 6.569 7.636 5
0.602 6.569 7.636 3
0.602 6.569 7.636 2
0.65 6.488 7.516 5
0.65 6.488 7.516 5
0.669 6.512 7.55 5
0.669 6.512 7.55 3
0.669 6.512 7.55 2
0.544 6.521 7.54 5
0.544 6.521 7.54 5
0.587 6.464 7.545 5
0.587 6.464 7.545 3
0.587 6.464 7.545 2
0.563 6.382 7.578 5
0.563 6.382 7.578 5
0.568 6.483 7.483 5
0.568 6.483 7.483 3
0.568 6.483 7.483 2
0.439 6.387 7.368 5
0.439 6.387 7.368 5
0.353 6.387 7.272 5
0.353 6.387 7.272 3
0.353 6.387 7.272 2
0.353 6.378 7.258 5
0.353 6.378 7.258 5
0.185 6.373 7.344 5
0.185 6.373 7.344 3
0.185 6.373 7.344 2
0.142 6.282 7.243 5
0.195 6.32 7.262 5
0.195 6.32 7.262 5
0.195 6.32 7.262 3
0.247 6.392 7.238 2
0.247 6.392 7.238 5
0.262 6.469 7.138 5
0.262 6.469 7.138 5
0.262 6.469 7.138 3
0.314 6.421 7.2 2
0.314 6.421 7.2 5
0.362 6.354 7.382 6
0.362 6.354 7.382 5
0.362 6.354 7.382 2
0.343 6.296 7.593 2
0.343 6.296 7.593 5
0.281 6.244 7.779 5
0.281 6.244 7.779 5
0.281 6.244 7.779 4
0.305 6.105 7.818 1
0.305 6.105 7.818 5
0.31 6.129 7.76 5
0.31 6.129 7.76 5
0.31 6.129 7.76 4
0.439 6.268 7.765 1
0.439 6.268 7.765 5
0.496 6.32 7.741 5
0.496 6.32 7.741 5
0.496 6.32 7.741 4
0.477 6.354 7.574 1
0.477 6.354 7.574 5
0.424 6.344 7.554 5
0.333 6.382 7.507 5
0.333 6.382 7.507 4
0.333 6.382 7.507 1
0.381 6.301 7.435 5
0.381 6.301 7.435 6
0.391 6.406 7.612 5
0.391 6.406 7.612 3
0.391 6.406 7.612 1
0.477 6.392 7.617 5
0.477 6.392 7.617 5
0.487 6.325 7.65 5
0.487 6.325 7.65 4
0.487 6.325 7.65 1
0.453 6.33 7.77 5
0.453 6.33 7.77 5
0.482 6.363 7.794 5
0.482 6.363 7.794 4
0.482 6.363 7.794 1
0.424 6.344 7.66 5
0.424 6.344 7.66 5
0.424 6.335 7.554 5
0.424 6.335 7.554 4
0.424 6.335 7.554 1
0.472 6.325 7.368 5
0.472 6.325 7.368 6
0.511 6.373 7.439 5
0.511 6.373 7.439 3
0.511 6.373 7.439 1
0.563 6.315 7.401 5
0.563 6.315 7.401 5
0.563 6.272 7.492 5
0.563 6.272 7.492 4
0.405 6.287 7.665 1
0.405 6.287 7.665 5
0.348 6.32 7.516 5
0.348 6.32 7.516 5
0.348 6.32 7.516 4
0.348 6.325 7.406 1
0.348 6.325 7.406 5
0.262 6.382 7.449 6
0.262 6.382 7.449 5
0.262 6.382 7.449 3
0.31 6.368 7.449 1
0.31 6.368 7.449 5
0.333 6.277 7.435 6
0.333 6.277 7.435 5
0.333 6.277 7.435 3
0.372 6.224 7.521 1
0.372 6.224 7.521 5
0.401 6.22 7.554 6
0.401 6.22 7.554 5
0.401 6.22 7.554 3
0.42 6.263 7.583 1
0.42 6.263 7.583 5
0.496 6.268 7.597 6
0.496 6.268 7.597 5
0.496 6.268 7.597 3
0.65 6.358 7.511 1
0.65 6.358 7.511 5
0.745 6.521 7.339 6
0.745 6.521 7.339 5
0.745 6.521 7.339 3
0.903 6.598 7.123 1
0.97 6.564 7.2 5
0.97 6.564 7.2 5
0.927 6.603 7.372 5
0.927 6.603 7.372 4
0.927 6.603 7.372 1
0.851 6.378 7.392 5
0.851 6.378 7.392 6
0.712 6.296 7.55 5
0.712 6.296 7.55 3
0.712 6.296 7.55 1
0.626 6.268 7.468 5
0.626 6.268 7.468 6
0.635 6.258 7.42 5
0.635 6.258 7.42 3
0.635 6.258 7.42 1
0.683 6.282 7.578 5
0.683 6.282 7.578 5
0.559 6.287 7.751 5
0.559 6.287 7.751 4
0.559 6.287 7.751 1
0.52 6.277 7.837 5
0.52 6.277 7.837 6
0.448 6.162 7.784 5
0.448 6.162 7.784 3
0.448 6.162 7.784 1
0.381 6.186 7.827 6
0.381 6.186 7.827 5
0.525 6.22 7.765 5
0.525 6.22 7.765 3
0.525 6.22 7.765 1
0.587 6.354 7.736 5
0.592 6.382 7.693 6
0.592 6.382 7.693 5
0.592 6.382 7.693 3
0.448 6.315 7.703 1
0.448 6.315 7.703 6
0.343 6.277 7.727 5
0.343 6.277 7.727 5
0.343 6.277 7.727 3
0.214 6.272 7.77 2
0.214 6.272 7.77 5
0.243 6.325 7.712 5
0.243 6.325 7.712 5
0.243 6.325 7.712 3
0.262 6.325 7.65 2
0.262 6.325 7.65 5
0.286 6.358 7.631 5
0.286 6.358 7.631 5
0.286 6.358 7.631 3
0.31 6.339 7.789 2
0.31 6.339 7.789 5
0.276 6.296 7.813 5
0.276 6.296 7.813 5
0.276 6.296 7.813 3
0.333 6.22 7.751 2
0.333 6.22 7.751 5
0.42 6.2 7.693 5
0.42 6.2 7.693 5
0.42 6.2 7.693 3
0.496 6.234 7.779 2
0.496 6.234 7.779 5
0.563 6.205 7.741 5
0.645 6.181 7.65 5
0.645 6.181 7.65 3
0.645 6.181 7.65 2
0.65 6.244 7.564 5
0.65 6.244 7.564 5
0.582 6.21 7.535 5
0.582 6.21 7.535 3
0.582 6.21 7.535 2
0.492 6.224 7.483 5
0.492 6.224 7.483 5
0.415 6.239 7.487 5
0.415 6.239 7.487 3
0.415 6.239 7.487 2
0.41 6.277 7.516 5
0.41 6.277 7.516 5
0.405 6.272 7.511 5
0.405 6.272 7.511 3
0.405 6.272 7.511 2
0.41 6.301 7.55 5
0.41 6.301 7.55 5
0.444 6.282 7.55 5
0.444 6.282 7.55 3
0.444 6.282 7.55 2
0.539 6.311 7.569 5
0.539 6.311 7.569 5
0.535 6.253 7.607 5
0.535 6.253 7.607 3
0.535 6.253 7.607 2
0.482 6.191 7.65 5
0.482 6.191 7.65 5
0.501 6.157 7.775 5
0.501 6.157 7.775 3
0.405 6.119 7.736 2
0.405 6.119 7.736 5
0.338 6.138 7.688 5
0.338 6.138 7.688 5
0.338 6.138 7.688 3
0.405 6.1 7.511 2
0.405 6.1 7.511 5
0.496 6.186 7.473 5
0.496 6.186 7.473 5
0.496 6.186 7.473 3
0.539 6.272 7.372 2
0.539 6.272 7.372 5
0.525 6.282 7.411 5
0.525 6.282 7.411 5
0.525 6.282 7.411 3
0.434 6.224 7.511 2
0.434 6.224 7.511 5
0.472 6.263 7.66 5
0.472 6.263 7.66 5
0.472 6.263 7.66 3
0.544 6.21 7.722 2
0.544 6.21 7.722 5
0.616 6.282 7.602 5
0.616 6.282 7.602 5
0.616 6.282 7.602 3
0.606 6.325 7.449 2
0.606 6.325 7.449 5
0.626 6.358 7.425 5
0.626 6.358 7.425 5
0.626 6.358 7.425 3
0.721 6.411 7.497 2
0.75 6.445 7.473 5
0.75 6.445 7.473 5
0.817 6.473 7.478 5
0.817 6.473 7.478 3
0.817 6.473 7.478 2
0.956 6.612 7.377 5
0.956 6.612 7.377 5
1.057 6.612 7.31 5
1.057 6.612 7.31 3
1.057 6.612 7.31 2
0.966 6.564 7.392 5
0.966 6.564 7.392 5
0.817 6.55 6.381 5
0.817 6.55 6.381 3
0.817 6.55 6.381 2
0.592 6.756 6.405 5
0.592 6.756 6.405 6
0.3 6.32 7.377 5
0.3 6.32 7.377 2
0.3 6.32 7.377 2
0.18 6.019 7.665 5
0.18 6.019 7.665 5
0.41 6.105 7.899 5
0.41 6.105 7.899 3
0.41 6.105 7.899 2
0.812 6.239 7.899 5
0.812 6.239 7.899 5
0.855 6.382 7.511 5
0.855 6.382 7.511 3
0.855 6.382 7.511 2
0.602 6.43 7.372 5
0.726 6.354 7.502 5
0.726 6.354 7.502 5
0.726 6.354 7.502 3
0.721 6.287 7.722 2
0.721 6.287 7.722 5
0.76 6.387 7.88 5
0.76 6.387 7.88 5
0.76 6.387 7.88 3
0.803 6.397 7.861 2
0.803 6.397 7.861 5
0.831 6.363 7.933 5
0.831 6.363 7.933 5
0.831 6.363 7.933 3
0.841 6.349 7.961 2
0.841 6.349 7.961 5
0.697 6.354 7.904 5
0.697 6.354 7.904 5
0.697 6.354 7.904 4
0.544 6.301 7.846 1
0.544 6.301 7.846 5
0.587 6.291 7.578 5
0.587 6.291 7.578 5
0.587 6.291 7.578 3
0.439 6.263 7.813 2
0.439 6.263 7.813 5
0.391 6.191 7.688 5
0.391 6.191 7.688 5
0.391 6.191 7.688 3
0.3 6.148 7.703 2
0.3 6.148 7.703 5
0.329 6.167 7.674 6
0.343 6.177 7.693 5
0.343 6.177 7.693 3
0.343 6.177 7.693 1
0.3 6.148 7.559 5
0.3 6.148 7.559 5
0.405 6.157 7.55 5
0.405 6.157 7.55 4
0.405 6.157 7.55 1
0.53 6.124 7.684 5
0.53 6.124 7.684 5
0.626 6.191 7.746 5
0.626 6.191 7.746 4
0.626 6.191 7.746 1
0.573 6.119 7.703 5
0.573 6.119 7.703 5
0.424 6.105 7.832 5
0.424 6.105 7.832 4
0.424 6.105 7.832 1
0.511 6.095 7.736 5
0.511 6.095 7.736 5
0.52 6.177 7.736 5
0.52 6.177 7.736 4
0.52 6.177 7.736 1
0.563 6.224 7.574 5
0.563 6.224 7.574 6
0.511 6.253 7.382 5
0.511 6.253 7.382 3
0.511 6.253 7.382 1
0.52 6.291 7.439 5
0.52 6.291 7.439 6
0.525 6.287 7.473 5
0.525 6.287 7.473 3
0.587 6.33 7.382 1
0.587 6.33 7.382 5
0.587 6.406 7.32 5
0.587 6.406 7.32 5
0.587 6.406 7.32 4
0.544 6.373 7.353 1
0.544 6.373 7.353 5
0.482 6.349 7.42 5
0.482 6.349 7.42 5
0.482 6.349 7.42 4
0.463 6.296 7.411 1
0.463 6.296 7.411 5
0.549 6.272 7.497 6
0.549 6.272 7.497 5
0.549 6.272 7.497 3
0.65 6.306 7.621 1
0.65 6.306 7.621 5
0.611 6.325 7.511 5
0.611 6.325 7.511 5
0.611 6.325 7.511 4
0.52 6.186 7.468 1
0.52 6.186 7.468 5
0.573 6.253 7.454 5
0.573 6.253 7.454 5
0.573 6.253 7.454 4
0.573 6.296 7.626 1
0.573 6.296 7.626 5
0.587 6.22 7.583 6
0.587 6.22 7.583 5
0.587 6.22 7.583 3
0.506 6.21 7.621 1
0.563 6.258 7.641 5
0.563 6.258 7.641 5
0.635 6.239 7.813 5
0.635 6.239 7.813 4
0.635 6.239 7.813 1
0.559 6.258 7.827 5
0.559 6.258 7.827 6
0.448 6.143 7.765 5
0.448 6.143 7.765 3
0.448 6.143 7.765 1
0.42 6.057 7.875 5
0.42 6.057 7.875 6
0.434 6.138 7.885 5
0.434 6.138 7.885 3
0.434 6.138 7.885 1
0.463 6.138 7.765 5
0.463 6.138 7.765 6
0.492 6.2 7.607 5
0.492 6.2 7.607 3
0.492 6.2 7.607 1
0.52 6.167 7.727 5
0.52 6.167 7.727 5
0.477 6.172 7.775 5
0.477 6.172 7.775 4
0.477 6.172 7.775 1
0.544 6.157 7.751 5
0.544 6.157 7.751 6
0.525 6.167 7.636 5
0.525 6.167 7.636 3
0.525 6.167 7.636 1
0.535 6.172 7.641 5

# Completed @Thu Mar 30 19:11:07 GMT+02:00 2017
