# Accelerometer Data File
# Started @Sun Mar 26 22:19:59 GMT+02:00 2017
#
#
# sensor Vendor: Invensense
# sensor Name: ICM20610 Acceleration Sensor
# sensor Resolution: 0.0011971008m/sec^2; Max Range: 39.2266; Min Delay: 5000 microseconds
# The sensor's attributes are the result hardware and the Android capabilities.
# It means that the Android may not utilize all features provided by the hardware.
#
# Some devices and Android versions save battery too much so the device may go to sleep.
# It just happens after couple of minutes from turning off the scree and it is easy to find it out.
#
# The following file provides the data from accelerometer in the m/s^2 format.
# The diff value is just a time delta between the samples
#
#
# data format:
# so we have 4 columns with values separated by the " "
# X Y Z time_from_previous_sample(ms)

# sensor speed set to:FASTEST
# units set to: m/sec^2
# gravity NOT filtered out
# Accuracy: HIGH
0.295 5.568 7.894 0
0.295 5.568 7.894 2
0.19 5.535 8.033 5
0.19 5.535 8.033 5
0.19 5.535 8.033 4
0.18 5.406 7.971 1
0.18 5.406 7.971 5
0.108 5.549 8.0 5
0.108 5.549 8.0 5
0.108 5.549 8.0 3
0.128 5.635 7.669 2
0.128 5.635 7.669 5
0.027 5.659 7.387 5
0.027 5.659 7.387 5
0.027 5.659 7.387 3
-0.058 5.722 7.449 2
-0.058 5.722 7.449 5
-0.01 5.65 7.387 5
-0.01 5.65 7.387 5
-0.01 5.65 7.387 4
-0.001 5.726 7.473 1
-0.001 5.726 7.473 5
0.099 5.774 7.243 5
0.099 5.774 7.243 5
0.099 5.774 7.243 3
0.094 5.827 7.368 2
0.094 5.827 7.368 5
0.118 5.913 7.416 5
0.281 5.951 7.109 5
0.281 5.951 7.109 4
0.281 5.951 7.109 1
0.195 5.961 7.32 5
0.195 5.961 7.32 5
0.252 5.923 7.286 5
0.252 5.923 7.286 4
0.252 5.923 7.286 1
0.381 5.923 7.655 5
0.381 5.923 7.655 5
0.578 6.028 7.679 5
0.578 6.028 7.679 3
0.578 6.028 7.679 2
0.65 6.148 7.602 5
0.65 6.148 7.602 5
0.63 6.133 7.545 5
0.63 6.133 7.545 3
0.63 6.133 7.545 2
0.65 6.177 7.444 5
0.65 6.177 7.444 5
0.573 6.234 7.315 5
0.573 6.234 7.315 4
0.573 6.234 7.315 1
0.563 6.244 7.272 5
0.563 6.244 7.272 5
0.468 6.215 7.162 5
0.468 6.215 7.162 3
0.468 6.215 7.162 2
0.472 6.263 7.119 5
0.472 6.263 7.119 5
0.458 6.248 7.071 5
0.458 6.248 7.071 4
0.458 6.248 7.071 1
0.415 6.157 7.219 5
0.501 6.191 7.238 5
0.501 6.191 7.238 5
0.501 6.191 7.238 4
0.501 6.143 7.234 1
0.501 6.143 7.234 5
0.381 6.138 7.329 5
0.381 6.138 7.329 5
0.381 6.138 7.329 4
0.305 6.157 7.214 1
0.305 6.157 7.214 5
0.257 6.129 7.234 5
0.257 6.129 7.234 5
0.257 6.129 7.234 4
0.262 6.124 7.095 1
0.262 6.124 7.095 5
0.276 6.124 7.138 5
0.276 6.124 7.138 5
0.276 6.124 7.138 4
0.367 6.148 7.186 1
0.367 6.148 7.186 5
0.348 6.21 7.301 5
0.348 6.21 7.301 5
0.348 6.21 7.301 4
0.683 6.172 7.277 1
0.683 6.172 7.277 5
0.415 6.1 7.526 5
0.415 6.1 7.526 5
0.415 6.1 7.526 4
0.405 6.181 7.621 1
0.405 6.181 7.621 5
0.415 6.162 7.526 5
0.415 6.162 7.526 5
0.415 6.162 7.526 4
0.367 6.224 7.645 1
0.453 6.234 7.607 5
0.453 6.234 7.607 5
0.578 6.248 7.813 5
0.578 6.248 7.813 4
0.578 6.248 7.813 1
0.573 6.258 7.808 5
0.573 6.258 7.808 5
0.611 6.368 7.808 5
0.611 6.368 7.808 4
0.611 6.368 7.808 2
0.511 6.368 7.708 4
0.511 6.368 7.708 5
0.41 6.344 7.574 5
0.41 6.344 7.574 5
0.381 6.311 7.468 5
0.381 6.311 7.468 5
0.401 6.32 7.602 5
0.401 6.32 7.602 4
0.401 6.32 7.602 1
0.381 6.258 7.545 5
0.381 6.258 7.545 5
0.401 6.315 7.564 5
0.401 6.315 7.564 4
0.401 6.315 7.564 2
0.496 6.349 7.583 4
0.496 6.349 7.583 5
0.678 6.445 7.564 5
0.678 6.445 7.564 4
0.678 6.445 7.564 1
0.741 6.44 7.679 5
0.664 6.392 7.727 5
0.664 6.392 7.727 5
0.664 6.392 7.727 4
0.549 6.239 7.756 1
0.549 6.239 7.756 5
0.372 6.224 7.53 5
0.372 6.224 7.53 5
0.372 6.224 7.53 4
0.266 6.258 7.353 1
0.266 6.258 7.353 5
0.195 6.244 7.262 5
0.195 6.244 7.262 5
0.195 6.244 7.262 4
0.348 6.272 7.291 1
0.348 6.272 7.291 5
0.396 6.277 7.497 5
0.396 6.277 7.497 5
0.396 6.277 7.497 4
0.458 6.2 7.617 1
0.458 6.2 7.617 5
0.377 6.09 7.775 5
0.377 6.09 7.775 5
0.377 6.09 7.775 4
0.324 6.119 7.717 1
0.324 6.119 7.717 5
0.381 6.157 7.545 5
0.381 6.157 7.545 5
0.381 6.157 7.545 5
0.377 6.224 7.401 5
0.362 6.248 7.416 5
0.458 6.253 7.535 5
0.458 6.253 7.535 4
0.458 6.253 7.535 1
0.424 6.177 7.564 5
0.424 6.177 7.564 5
0.333 6.2 7.554 5
0.333 6.2 7.554 4
0.333 6.2 7.554 2
0.276 6.186 7.425 4
0.276 6.186 7.425 5
0.199 6.21 7.377 5
0.199 6.21 7.377 5
0.199 6.21 7.377 1
0.333 6.287 7.2 5
0.333 6.287 7.2 5
0.338 6.33 7.387 5
0.338 6.33 7.387 3
0.338 6.33 7.387 2
0.338 6.258 7.463 5
0.338 6.258 7.463 5
0.372 6.177 7.597 5
0.372 6.177 7.597 3
0.372 6.177 7.597 2
0.396 6.2 7.698 5
0.396 6.2 7.698 5
0.343 6.229 7.636 5
0.343 6.229 7.636 3
0.343 6.229 7.636 2
0.286 6.234 7.607 5
0.286 6.234 7.607 5
0.3 6.239 7.167 5
0.3 6.239 7.167 3
0.3 6.239 7.167 2
0.238 6.382 7.281 5
0.257 6.291 7.214 5
0.257 6.291 7.214 5
0.257 6.291 7.214 3
0.391 6.349 7.315 2
0.391 6.349 7.315 5
0.468 6.354 7.497 5
0.468 6.354 7.497 5
0.468 6.354 7.497 4
0.434 6.239 7.698 1
0.434 6.239 7.698 5
0.458 6.181 7.741 5
0.458 6.181 7.741 5
0.458 6.181 7.741 3
0.401 6.186 7.66 2
0.401 6.186 7.66 5
0.386 6.248 7.597 5
0.386 6.248 7.597 5
0.386 6.248 7.597 4
0.353 6.287 7.382 1
0.353 6.287 7.382 5
0.266 6.272 7.281 5
0.266 6.272 7.281 5
0.266 6.272 7.281 4
0.18 6.234 7.392 1
0.18 6.234 7.392 5
0.195 6.129 7.32 5
0.195 6.129 7.32 5
0.195 6.129 7.32 3
0.271 6.215 7.483 2
0.271 6.215 7.483 5
0.472 6.21 7.492 5
0.482 6.205 7.631 5
0.482 6.205 7.631 3
0.482 6.205 7.631 2
0.472 6.181 7.602 5
0.472 6.181 7.602 5
0.501 6.205 7.703 5
0.501 6.205 7.703 4
0.501 6.205 7.703 2
0.554 6.181 7.631 4
0.554 6.181 7.631 5
0.568 6.191 7.645 5
0.568 6.191 7.645 3
0.568 6.191 7.645 2
0.501 6.239 7.588 5
0.501 6.239 7.588 5
0.463 6.268 7.55 5
0.463 6.268 7.55 3
0.463 6.268 7.55 2
0.439 6.224 7.416 5
0.439 6.224 7.416 5
0.472 6.311 7.535 5
0.472 6.311 7.535 4
0.52 6.268 7.588 6
0.52 6.268 7.588 5
0.559 6.296 7.617 5
0.559 6.296 7.617 3
0.559 6.296 7.617 2
0.53 6.325 7.607 5
0.53 6.325 7.607 5
0.295 6.272 7.449 5
0.295 6.272 7.449 4
0.295 6.272 7.449 1
0.721 6.282 7.296 5
0.611 6.282 7.329 5
0.611 6.282 7.329 5
0.611 6.282 7.329 4
0.63 6.421 7.497 1
0.63 6.421 7.497 5
0.645 6.32 7.439 5
0.645 6.32 7.439 5
0.645 6.32 7.439 3
0.717 6.397 7.688 2
0.717 6.397 7.688 5
0.75 6.354 7.669 5
0.75 6.354 7.669 5
0.75 6.354 7.669 3
0.582 6.363 7.655 2
0.582 6.363 7.655 5
0.573 6.296 7.617 5
0.573 6.296 7.617 5
0.573 6.296 7.617 4
0.554 6.272 7.688 1
0.554 6.272 7.688 5
0.52 6.277 7.487 5
0.52 6.277 7.487 5
0.52 6.277 7.487 3
0.458 6.306 7.54 2
0.458 6.306 7.54 5
0.439 6.268 7.42 5
0.439 6.268 7.42 5
0.439 6.268 7.42 3
0.415 6.315 7.444 2
0.415 6.315 7.444 5
0.415 6.306 7.372 5
0.448 6.315 7.444 5
0.448 6.315 7.444 4
0.515 6.263 7.272 6
0.515 6.263 7.272 5
0.544 6.33 7.449 5
0.544 6.33 7.449 3
0.544 6.33 7.449 2
0.544 6.124 7.516 5
0.544 6.124 7.516 5
0.721 6.354 7.832 5
0.721 6.354 7.832 4
0.721 6.354 7.832 1
0.798 6.382 7.976 5
0.798 6.382 7.976 5
0.587 5.947 7.368 5
0.587 5.947 7.368 4
0.587 5.947 7.368 1
0.448 6.239 7.727 5
0.448 6.239 7.727 5
0.415 6.172 7.588 5
0.415 6.172 7.588 4
0.415 6.172 7.588 1
0.511 6.076 7.526 5
0.511 6.076 7.526 5
0.506 6.234 7.703 5
0.506 6.234 7.703 3
0.506 6.234 7.703 2
0.506 6.162 7.722 5
0.506 6.162 7.722 5
0.448 6.129 7.626 5
0.448 6.129 7.626 4
0.381 6.038 7.53 1
0.381 6.038 7.53 5
0.314 5.985 7.784 5
0.314 5.985 7.784 5
0.314 5.985 7.784 3
0.271 5.913 7.803 2
0.271 5.913 7.803 5
0.348 6.047 7.799 5
0.348 6.047 7.799 5
0.348 6.047 7.799 3
0.381 6.086 7.684 2
0.381 6.086 7.684 5
0.424 6.047 7.727 5
0.424 6.047 7.727 5
0.424 6.047 7.727 4
0.357 6.047 7.851 6
0.362 6.081 7.875 5
0.362 6.081 7.875 5
0.362 6.081 7.875 4
0.381 5.999 8.067 1
0.381 5.999 8.067 5
0.329 5.937 8.196 5
0.329 5.937 8.196 5
0.329 5.937 8.196 4
0.386 5.98 8.052 1
0.386 5.98 8.052 5
0.343 5.908 8.024 5
0.343 5.908 8.024 5
0.343 5.908 8.024 4
0.482 6.301 7.583 1
0.482 6.301 7.583 5
0.329 6.181 7.559 5
0.329 6.181 7.444 5
0.329 6.181 7.444 4
0.329 6.181 7.444 1
0.487 6.248 7.507 5
0.487 6.248 7.507 5
0.53 6.277 7.478 5
0.53 6.277 7.478 4
0.53 6.277 7.478 1
0.377 6.2 7.66 5
0.377 6.2 7.66 5
0.468 6.186 7.564 5
0.468 6.186 7.564 4
0.468 6.186 7.564 1
0.463 6.071 7.641 5
0.463 6.071 7.641 5
0.506 6.205 7.521 5
0.506 6.205 7.521 4
0.506 6.205 7.521 1
0.53 6.186 7.478 5
0.53 6.186 7.478 5
0.506 6.129 7.478 5
0.506 6.129 7.478 4
0.506 6.129 7.478 1
0.559 6.148 7.507 5
0.559 6.148 7.507 5
0.448 6.172 7.463 5
0.448 6.172 7.463 5
0.448 6.172 7.463 1
0.434 6.157 7.334 4
0.434 6.157 7.334 5
0.372 6.062 7.454 5
0.372 6.062 7.454 4
0.405 5.975 7.631 1
0.405 5.975 7.631 5
0.621 6.014 7.885 5
0.621 6.014 7.885 5
0.621 6.014 7.885 4
0.717 6.062 7.866 2
0.717 6.062 7.866 4
0.688 6.1 7.77 5
0.688 6.1 7.77 5
0.688 6.1 7.77 4
0.582 6.095 7.621 2
0.582 6.095 7.621 4
0.645 6.076 7.521 5
0.645 6.076 7.521 5
0.645 6.076 7.521 4
0.731 6.129 7.789 1
0.731 6.129 7.789 6
0.65 6.066 7.803 4
0.65 6.066 7.803 5
0.65 6.066 7.803 4
0.506 5.999 7.751 1
0.506 5.999 7.751 5
0.458 5.999 7.674 5
0.458 5.999 7.674 5
0.458 5.999 7.674 4
0.544 6.11 7.55 2
0.544 6.11 7.55 4
0.563 6.124 7.54 5
0.563 6.124 7.54 5
0.563 6.124 7.54 4
0.559 6.119 7.76 1
0.559 6.119 7.76 5
0.597 6.114 7.76 5
0.563 6.133 7.736 5
0.563 6.133 7.736 4
0.563 6.133 7.736 1
0.515 6.1 7.698 5
0.515 6.1 7.698 5
0.391 5.99 7.607 5
0.391 5.99 7.607 5
0.391 5.99 7.607 1
0.444 5.999 7.602 4
0.444 5.999 7.602 6
0.41 5.966 7.779 5
0.41 5.966 7.779 3
0.41 5.966 7.779 1
0.453 5.98 7.722 6
0.453 5.98 7.722 4
0.554 6.095 7.765 5
0.554 6.095 7.765 4
0.554 6.095 7.765 2
0.549 6.076 7.89 5
0.549 6.076 7.89 5
0.511 6.057 7.827 5
0.511 6.057 7.827 3
0.511 6.057 7.827 2
0.448 6.014 7.789 5
0.448 6.014 7.789 5
0.381 5.99 7.846 5
0.381 5.99 7.846 3
0.381 5.99 7.846 2
0.444 5.908 7.933 5
0.444 5.908 7.933 5
0.453 5.932 7.966 5
0.453 5.932 7.966 3
0.539 6.047 7.885 2
0.539 6.047 7.885 5
0.515 6.023 7.885 5
0.515 6.023 7.885 5
0.515 6.023 7.885 3
0.496 6.033 7.899 2
0.496 6.033 7.899 5
0.434 6.014 7.818 5
0.434 6.014 7.818 5
0.434 6.014 7.818 3
0.535 6.071 7.875 2
0.535 6.071 7.875 5
0.563 6.028 7.779 5
0.563 6.028 7.779 5
0.563 6.028 7.779 3
0.52 5.999 7.732 2
0.52 5.999 7.732 5
0.515 6.09 7.746 5
0.515 6.09 7.746 5
0.515 6.09 7.746 4
0.597 6.162 7.679 1
0.597 6.162 7.679 5
0.635 6.11 7.756 5
0.635 6.11 7.756 5
0.635 6.11 7.756 3
0.597 6.057 7.851 2
0.597 6.057 7.851 5
0.582 6.033 7.751 5
0.606 6.033 7.861 5
0.606 6.033 7.861 4
0.606 6.033 7.861 1
0.621 5.98 7.861 5
0.621 5.98 7.861 5
0.592 6.004 7.961 5
0.592 6.004 7.961 4
0.592 6.004 7.961 1
0.65 6.028 7.789 5
0.65 6.028 7.789 5
0.606 6.019 7.909 5
0.606 6.019 7.909 3
0.606 6.019 7.909 2
0.592 5.99 7.88 5
0.592 5.99 7.88 5
0.597 5.985 7.87 5
0.597 5.985 7.87 3
0.597 5.985 7.87 2
0.611 6.042 7.741 5
0.611 6.042 7.741 5
0.554 6.033 7.861 5
0.554 6.033 7.861 4
0.554 6.033 7.861 1
0.434 5.956 7.966 5
0.434 5.956 7.966 5
0.472 5.904 7.985 5
0.472 5.904 7.985 3
0.472 5.904 7.985 2
0.463 5.985 7.914 5
0.463 5.985 7.914 5
0.424 5.918 7.894 5
0.424 5.918 7.894 3
0.424 5.918 7.894 2
0.295 5.923 7.741 5
0.295 5.923 7.741 5
0.276 5.951 7.65 5
0.276 5.951 7.65 4
0.319 6.033 7.478 6
0.391 6.062 7.607 5
0.391 6.062 7.607 5
0.391 6.062 7.607 3
0.444 6.047 7.779 2
0.444 6.047 7.779 5
0.448 6.019 7.727 5
0.448 6.019 7.727 5
0.448 6.019 7.727 4
0.487 6.086 7.545 1
0.487 6.086 7.545 5
0.492 6.148 7.396 5
0.492 6.148 7.396 5
0.492 6.148 7.396 4
0.434 6.148 7.315 1
0.434 6.148 7.315 5
0.463 6.105 7.507 5
0.463 6.105 7.507 5
0.463 6.105 7.507 3
0.501 6.047 7.636 2
0.501 6.047 7.636 5
0.496 6.047 7.741 5
0.496 6.047 7.741 5
0.496 6.047 7.741 3
0.511 5.985 7.794 2
0.511 5.985 7.794 5
0.501 5.956 7.885 5
0.501 5.956 7.885 5
0.501 5.956 7.885 4
0.42 5.932 7.933 1
0.444 5.932 7.937 5
0.444 5.932 7.937 5
0.53 5.942 7.947 5
0.53 5.942 7.947 3
0.53 5.942 7.947 2
0.496 5.99 7.823 5
0.496 5.99 7.823 5
0.554 5.971 7.866 5
0.554 5.971 7.866 3
0.554 5.971 7.866 2
0.597 5.961 7.885 5
0.597 5.961 7.885 5
0.582 5.995 7.741 5
0.582 5.995 7.741 4
0.52 6.076 7.545 6
0.52 6.076 7.545 5
0.53 6.129 7.53 5
0.53 6.129 7.53 3
0.53 6.129 7.53 2
0.506 6.1 7.621 5
0.506 6.1 7.621 5
0.472 6.057 7.645 5
0.472 6.057 7.645 4
0.472 6.057 7.645 1
0.434 5.956 7.679 5
0.434 5.956 7.679 5
0.41 5.942 7.784 5
0.41 5.942 7.784 4
0.41 5.942 7.784 1
0.381 5.961 7.813 5
0.381 5.961 7.813 5
0.424 5.999 7.827 5
0.424 5.999 7.827 3
0.415 5.99 7.751 2
0.415 5.99 7.751 5
0.386 6.014 7.703 5
0.386 6.014 7.703 5
0.386 6.014 7.703 3
0.362 6.047 7.583 2
0.362 6.047 7.583 5
0.228 5.975 7.521 5
0.228 5.975 7.521 5
0.228 5.975 7.521 4
0.286 5.98 7.54 1
0.286 5.98 7.54 5
0.19 5.861 7.698 5
0.19 5.861 7.698 5
0.19 5.861 7.698 4
0.295 6.038 7.665 1
0.295 6.038 7.665 5
0.372 5.98 7.655 5
0.372 5.98 7.655 5
0.372 5.98 7.655 4
0.386 5.899 7.837 1
0.386 5.899 7.837 5
0.453 5.875 8.129 5
0.453 5.875 8.129 5
0.453 5.875 8.129 4
0.544 5.851 8.201 2
0.544 5.851 8.201 4
0.496 5.846 8.282 5
0.496 5.846 8.282 5
0.496 5.846 8.282 4
0.482 5.865 8.215 1
0.429 5.851 7.985 5
0.429 5.851 7.985 5
0.338 5.908 7.65 5
0.338 5.908 7.65 4
0.338 5.908 7.65 1
0.281 6.004 7.42 5
0.281 6.004 7.42 5
0.266 5.937 7.253 5
0.266 5.937 7.253 4
0.266 5.937 7.253 1
0.276 5.827 7.698 5
0.276 5.827 7.698 5
0.697 5.521 7.267 5
0.697 5.521 7.267 4
0.697 5.521 7.267 1
0.003 6.205 8.665 5
0.003 6.205 8.665 5
0.381 5.425 7.856 5
0.381 5.425 7.856 4
0.381 5.425 7.856 1
0.233 5.736 7.985 5
0.233 5.736 7.985 5
0.362 5.827 7.535 5
0.362 5.827 7.535 4
0.362 5.827 7.535 1
0.314 5.918 7.349 5
0.314 5.918 7.349 5
0.477 5.899 7.19 5
0.477 5.899 7.19 4
0.477 5.899 7.19 1
0.492 5.813 7.597 5
0.472 5.77 7.66 5
0.472 5.77 7.66 5
0.472 5.77 7.66 4
0.238 5.554 7.645 1
0.238 5.554 7.645 5
0.041 5.315 7.688 5
0.041 5.315 7.688 5
0.041 5.315 7.688 5
0.017 5.276 7.765 1
0.017 5.276 7.765 4
0.156 5.343 7.688 5
0.156 5.343 7.688 5
0.156 5.343 7.688 4
0.257 5.31 7.77 1
0.257 5.31 7.77 5
0.688 5.406 7.631 5
0.688 5.406 7.631 5
0.688 5.406 7.631 4
1.037 5.602 7.53 2
1.037 5.602 7.53 4
1.306 5.76 7.353 6
1.306 5.76 7.353 5
1.306 5.76 7.353 3
1.55 5.779 7.061 2
1.55 5.779 7.061 4
1.507 5.679 6.994 5
1.507 5.679 6.994 5
1.507 5.679 6.994 4
1.435 5.564 6.75 1
1.435 5.564 6.75 5
1.286 5.363 6.515 5
1.286 5.363 6.515 5
1.286 5.363 6.515 4
1.353 5.181 6.209 1
1.502 4.936 5.95 5
1.502 4.936 5.95 5
1.55 4.606 5.998 5
1.55 4.606 5.998 4
1.55 4.606 5.998 1
2.306 4.606 6.357 5
2.306 4.606 6.357 5
3.049 4.572 7.004 5
3.049 4.572 7.004 4
3.049 4.572 7.004 1
3.69 4.338 7.253 5
3.69 4.338 7.253 5
4.289 4.333 7.439 5
4.289 4.333 7.439 4
4.289 4.333 7.439 1
5.017 4.41 7.061 5
5.017 4.41 7.061 5
5.582 4.343 6.76 5
5.582 4.343 6.76 5
5.582 4.343 6.76 1
6.702 4.472 6.879 4
6.702 4.472 6.879 5
8.354 4.683 7.641 5
8.354 4.683 7.641 4
8.354 4.683 7.641 2
9.862 4.788 8.368 5
9.862 4.788 8.368 5
11.648 4.951 9.7 5
11.648 4.951 9.7 3
11.648 4.951 9.7 2
12.683 5.061 10.327 5
14.316 5.204 10.528 5
14.316 5.204 10.528 5
14.316 5.204 10.528 3
16.432 6.028 11.807 2
16.432 6.028 11.807 5
17.955 6.148 11.467 5
17.955 6.148 11.467 5
17.955 6.148 11.467 3
18.525 6.411 10.743 2
18.525 6.411 10.743 5
18.898 6.732 9.719 5
18.898 6.732 9.719 5
18.898 6.732 9.719 3
18.635 6.287 9.968 2
18.635 6.287 9.968 5
19.746 5.746 8.431 5
19.746 5.746 8.431 5
19.746 5.746 8.431 3
20.718 6.306 8.397 2
20.718 6.306 8.397 5
21.685 6.813 8.321 5
21.685 6.813 8.321 5
21.685 6.813 8.321 3
24.213 7.307 8.464 2
24.213 7.307 8.464 5
27.345 7.422 8.699 5
27.345 7.422 8.699 5
27.345 7.422 8.699 3
30.467 8.106 10.72 2
30.467 8.106 10.72 5
34.571 8.35 11.658 5
38.516 7.867 13.142 5
38.516 7.867 13.142 4
39.225 6.172 13.65 6
39.225 6.172 13.65 5
39.225 3.122 14.043 5
39.225 3.122 14.043 3
39.225 3.122 14.043 2
37.075 -2.169 14.905 5
37.075 -2.169 14.905 5
32.09 -8.432 13.396 5
32.09 -8.432 13.396 4
32.09 -8.432 13.396 1
27.862 -12.32 12.419 5
27.862 -12.32 12.419 5
24.314 -15.816 10.973 5
24.314 -15.816 10.973 3
24.314 -15.816 10.973 2
20.584 -18.722 7.631 5
20.584 -18.722 7.631 5
16.633 -21.428 4.327 5
16.633 -21.428 4.327 3
16.633 -21.428 4.327 2
13.176 -24.095 4.179 5
13.176 -24.095 4.179 5
8.392 -27.6 6.099 5
8.392 -27.6 6.099 3
8.392 -27.6 6.099 2
5.06 -30.013 8.076 5
5.06 -30.013 8.076 5
0.401 -31.0 9.393 5
0.401 -31.0 9.393 3
0.401 -31.0 9.393 2
-2.682 -30.708 8.474 5
-5.014 -29.056 6.501 5
-5.014 -29.056 6.501 5
-5.014 -29.056 6.501 3
-6.594 -26.891 3.288 2
-6.594 -26.891 3.288 5
-7.882 -25.158 -0.168 5
-7.882 -25.158 -0.168 5
-7.882 -25.158 -0.168 3
-9.166 -23.831 -2.002 2
-9.166 -23.831 -2.002 5
-11.55 -23.037 -2.079 5
-11.55 -23.037 -2.079 5
-11.55 -23.037 -2.079 4
-14.754 -23.242 -0.93 1
-14.754 -23.242 -0.93 5
-17.933 -23.922 -0.618 5
-17.933 -23.922 -0.618 5
-17.933 -23.922 -0.618 3
-19.442 -22.194 -0.403 2
-19.442 -22.194 -0.403 5
-20.447 -20.843 -0.877 5
-20.447 -20.843 -0.877 5
-20.447 -20.843 -0.877 4
-20.083 -19.402 -1.212 1
-20.083 -19.402 -1.212 5
-19.906 -17.664 -1.045 5
-19.906 -17.664 -1.045 5
-19.906 -17.664 -1.045 4
-20.318 -16.601 -1.6 1
-20.318 -16.601 -1.6 5
-21.295 -15.251 -2.357 5
-21.424 -14.03 -4.234 5
-21.424 -14.03 -4.234 3
-21.424 -14.03 -4.234 2
-21.204 -12.334 -4.253 5
-21.204 -12.334 -4.253 5
-20.73 -11.152 -3.774 5
-20.73 -11.152 -3.774 3
-20.73 -11.152 -3.774 2
-20.294 -10.165 -3.673 5
-20.294 -10.165 -3.673 5
-19.868 -9.198 -3.281 5
-19.868 -9.198 -3.281 4
-19.868 -9.198 -3.281 1
-19.446 -8.37 -3.458 5
-19.446 -8.37 -3.458 5
-18.45 -7.45 -2.902 5
-18.45 -7.45 -2.902 3
-18.45 -7.45 -2.902 2
-17.55 -6.675 -2.026 5
-17.55 -6.675 -2.026 5
-16.54 -6.052 -0.978 5
-16.54 -6.052 -0.978 3
-16.54 -6.052 -0.978 2
-15.285 -5.185 -0.25 5
-15.285 -5.185 -0.25 5
-13.777 -4.544 0.554 5
-13.777 -4.544 0.554 4
-13.777 -4.544 0.554 3
-12.743 -4.007 1.473 3
-12.743 -4.007 1.473 5
-12.077 -3.711 1.904 5
-12.077 -3.711 1.904 3
-12.077 -3.711 1.904 2
-11.464 -3.529 2.091 5
-11.143 -3.471 2.598 5
-11.143 -3.471 2.598 5
-11.143 -3.471 2.598 4
-10.674 -3.39 3.882 1
-10.674 -3.39 3.882 5
-10.492 -3.332 5.917 5
-10.492 -3.332 5.917 5
-10.492 -3.332 5.917 4
-8.682 -3.098 6.851 1
-8.682 -3.098 6.851 5
-7.179 -2.504 8.598 5
-7.179 -2.504 8.598 5
-7.179 -2.504 8.598 3
-5.632 -1.905 10.595 2
-5.632 -1.905 10.595 5
-4.114 -1.369 10.624 5
-4.114 -1.369 10.624 5
-4.114 -1.369 10.624 4
-3.329 -0.588 10.815 1
-3.329 -0.588 10.815 5
-3.391 -0.488 10.475 5
-3.391 -0.488 10.475 5
-3.391 -0.488 10.475 4
-4.483 -0.071 10.834 1
-4.483 -0.071 10.834 5
-3.391 0.407 10.6 5
-3.391 0.407 10.6 5
-3.391 0.407 10.6 4
-2.759 0.785 11.96 1
-2.759 0.785 11.96 5
-1.375 1.417 12.472 5
0.271 2.001 12.965 5
0.271 2.001 12.965 4
0.271 2.001 12.965 1
2.613 2.877 13.612 5
2.613 2.877 13.612 5
3.925 3.806 13.31 5
3.925 3.806 13.31 4
3.925 3.806 13.31 1
4.006 4.414 12.453 5
4.006 4.414 12.453 5
3.345 4.539 11.38 5
3.345 4.539 11.38 4
3.345 4.539 11.38 1
2.388 4.438 10.696 5
2.388 4.438 10.696 5
1.272 4.161 10.198 5
1.272 4.161 10.198 4
1.272 4.161 10.198 1
1.061 4.185 10.035 5
1.061 4.185 10.035 5
1.77 4.434 10.135 5
1.77 4.434 10.135 4
1.77 4.434 10.135 1
2.56 4.639 10.222 5
2.56 4.639 10.222 5
3.384 5.037 9.848 5
3.384 5.037 9.848 4
3.384 5.037 9.848 1
4.38 5.702 9.47 5
4.38 5.702 9.47 5
4.72 5.784 9.36 5
4.72 5.784 9.36 4
4.72 5.784 9.36 1
3.628 5.377 8.79 5
2.89 5.042 8.311 5
2.89 5.042 8.311 5
2.89 5.042 8.311 4
3.168 5.353 7.717 1
3.168 5.353 7.717 5
3.882 5.985 7.224 5
3.882 5.985 7.224 5
3.882 5.985 7.224 4
4.452 6.598 6.884 1
4.452 6.598 6.884 5
4.782 7.034 6.736 5
4.782 7.034 6.736 5
4.782 7.034 6.736 4
5.103 7.34 6.788 1
5.103 7.34 6.788 5
5.141 7.642 6.573 5
5.141 7.642 6.573 5
5.141 7.642 6.573 4
4.782 7.627 6.649 2
4.782 7.627 6.649 4
4.696 7.694 6.539 5
4.696 7.694 6.539 5
4.696 7.694 6.539 4
4.734 7.915 6.18 1
4.734 7.915 6.18 5
4.777 8.164 5.931 5
4.777 8.164 5.931 5
4.777 8.164 5.931 4
5.021 8.413 6.003 2
5.021 8.413 6.003 4
5.467 8.537 6.266 5
5.754 8.848 6.405 5
5.754 8.848 6.405 4
5.754 8.848 6.405 1
5.625 8.944 6.104 5
5.625 8.944 6.104 5
5.352 8.901 5.744 5
5.352 8.901 5.744 4
5.352 8.901 5.744 1
5.467 9.011 5.309 5
5.467 9.011 5.309 5
5.208 9.289 5.706 5
5.208 9.289 5.706 4
5.208 9.289 5.706 1
5.342 9.313 4.868 5
5.342 9.313 4.868 5
5.189 9.524 4.576 5
5.189 9.524 4.576 4
5.189 9.524 4.576 1
5.06 9.337 4.643 5
5.06 9.337 4.643 5
4.724 8.892 5.012 5
4.724 8.892 5.012 4
4.724 8.892 5.012 1
4.207 8.475 5.304 5
4.207 8.475 5.304 5
3.81 8.073 5.419 5
3.81 8.073 5.419 4
3.81 8.073 5.419 1
3.58 7.814 5.538 5
3.58 7.814 5.538 6
3.59 7.781 5.567 5
3.59 7.781 5.567 4
3.863 7.953 5.5 6
4.078 8.082 5.333 5
4.078 8.082 5.333 5
4.078 8.082 5.333 3
4.054 8.087 5.266 2
4.054 8.087 5.266 5
3.901 7.943 5.309 5
3.901 7.943 5.309 5
3.901 7.943 5.309 3
3.944 7.91 5.294 2
3.944 7.91 5.294 5
3.81 7.814 5.342 5
3.81 7.814 5.342 5
3.81 7.814 5.342 4
3.685 7.8 5.304 1
3.685 7.8 5.304 5
3.705 7.833 5.117 5
3.705 7.833 5.117 5
3.705 7.833 5.117 3
3.57 7.79 5.131 2
3.57 7.79 5.131 5
3.398 7.757 4.921 5
3.398 7.757 4.921 5
3.398 7.757 4.921 3
3.259 7.819 4.566 2
3.259 7.819 4.566 5
3.096 7.637 4.763 5
3.096 7.637 4.763 5
3.096 7.637 4.763 4
2.704 7.268 5.175 1
2.704 7.268 5.175 5
2.373 6.947 5.313 5
2.191 6.866 5.404 5
2.191 6.866 5.404 3
2.191 6.866 5.404 2
2.244 7.019 5.074 5
2.244 7.019 5.074 5
2.359 7.206 4.916 5
2.359 7.206 4.916 3
2.359 7.206 4.916 2
2.642 7.235 5.376 5
2.642 7.235 5.376 5
2.574 7.01 5.773 5
2.574 7.01 5.773 4
2.383 6.823 5.922 6
2.383 6.823 5.922 5
2.172 6.56 6.027 5
2.172 6.56 6.027 3
2.172 6.56 6.027 2
2.11 6.497 5.85 5
2.11 6.497 5.85 5
2.187 6.689 5.519 5
2.187 6.689 5.519 4
2.187 6.689 5.519 1
2.244 6.818 5.337 5
2.244 6.818 5.337 5
2.302 6.928 5.242 5
2.302 6.928 5.242 4
2.302 6.928 5.242 1
2.278 6.866 5.347 5
2.278 6.866 5.347 5
2.46 6.885 5.486 5
2.46 6.885 5.486 3
2.598 6.88 5.984 2
2.598 6.88 5.984 5
2.632 6.804 5.984 5
2.632 6.804 5.984 5
2.632 6.804 5.984 3
1.516 7.967 5.855 2
1.516 7.967 5.855 5
2.91 5.473 6.051 5
2.91 5.473 6.051 5
2.91 5.473 6.051 4
2.852 7.173 5.768 1
2.852 7.173 5.768 5
3.365 7.168 5.898 5
3.365 7.168 5.898 5
3.365 7.168 5.898 3
3.068 6.742 6.898 2
3.068 6.742 6.898 5
2.943 7.024 6.372 5
2.943 7.024 6.372 5
2.943 7.024 6.372 3
2.685 6.957 6.362 2
2.685 6.957 6.362 5
2.426 6.823 6.688 5
2.426 6.823 6.688 5
2.426 6.823 6.688 4
2.421 6.986 6.63 1
2.421 6.986 6.63 5
2.096 6.833 6.807 5
2.096 6.833 6.807 5
2.096 6.833 6.807 3
1.976 6.847 7.061 2
1.976 6.847 7.061 5
1.708 6.651 7.138 5
1.636 6.684 7.459 5
1.636 6.684 7.459 4
1.636 6.684 7.459 1
1.751 6.823 7.55 5
1.751 6.823 7.55 5
1.698 6.981 7.416 5
1.698 6.981 7.416 4
1.698 6.981 7.416 1
1.569 7.096 7.305 5
1.569 7.096 7.305 5
1.516 7.216 7.2 5
1.516 7.216 7.2 3
1.516 7.216 7.2 2
1.487 7.34 7.104 5
1.487 7.34 7.104 5
1.444 7.321 7.401 5
1.444 7.321 7.401 3
1.444 7.321 7.401 2
1.411 7.302 7.511 5
1.411 7.302 7.511 5
1.195 7.24 7.636 5
1.195 7.24 7.636 4
1.195 7.24 7.636 1
1.195 7.264 7.899 5
1.195 7.264 7.899 5
1.277 7.311 7.952 5
1.277 7.311 7.952 3
1.277 7.311 7.952 2
1.502 7.465 7.99 5
1.502 7.465 7.99 5
1.646 7.594 8.014 5
1.646 7.594 8.014 3
1.66 7.637 7.775 2
1.66 7.637 7.775 5
1.607 7.671 7.751 5
1.607 7.671 7.751 5
1.607 7.671 7.751 4
1.478 7.637 7.583 1
1.478 7.637 7.583 5
1.382 7.594 7.439 5
1.382 7.594 7.439 5
1.382 7.594 7.439 3
1.349 7.508 7.478 2
1.349 7.508 7.478 5
1.306 7.431 7.487 5
1.306 7.431 7.487 5
1.306 7.431 7.487 4
1.344 7.235 7.741 1
1.344 7.235 7.741 5
1.114 6.991 7.684 5
1.114 6.991 7.684 5
1.114 6.991 7.684 4
0.999 6.856 7.473 1
0.999 6.856 7.473 5
0.937 6.799 7.439 5
0.937 6.799 7.439 5
0.937 6.799 7.439 4
1.061 6.871 7.214 1
1.061 6.871 7.214 5
1.291 7.062 7.19 5
1.291 7.062 7.19 5
1.291 7.062 7.19 4
1.459 7.11 7.09 1
1.43 7.129 7.052 5
1.43 7.129 7.052 5
1.315 7.091 6.798 5
1.315 7.091 6.798 4
1.315 7.091 6.798 1
1.124 7.168 6.41 5
1.124 7.168 6.41 5
0.951 7.134 6.257 5
0.951 7.134 6.257 4
0.951 7.134 6.257 1
0.769 7.015 6.147 5
0.769 7.015 6.147 5
0.678 7.01 6.099 5
0.678 7.01 6.099 4
0.678 7.01 6.099 1
0.769 6.938 6.271 5
0.769 6.938 6.271 6
0.76 6.842 6.669 5
0.76 6.842 6.669 3
0.788 6.751 6.798 6
0.788 6.751 6.798 5
0.918 6.909 6.793 5
0.918 6.909 6.793 4
0.918 6.909 6.793 1
0.918 7.024 6.764 5
0.918 7.024 6.764 5
0.889 7.053 6.664 5
0.889 7.053 6.664 4
0.889 7.053 6.664 1
0.851 7.067 6.578 5
0.851 7.067 6.578 5
0.798 7.096 6.467 5
0.798 7.096 6.467 4
0.736 7.096 6.429 1
0.736 7.096 6.429 5
0.664 7.149 6.4 5
0.664 7.149 6.4 5
0.664 7.149 6.4 4
0.678 7.206 6.305 1
0.678 7.206 6.305 5
0.659 7.22 6.587 5
0.659 7.22 6.587 5
0.659 7.22 6.587 4
0.721 7.072 6.975 1
0.721 7.072 6.975 5
0.659 6.976 7.138 5
0.659 6.976 7.138 5
0.659 6.976 7.138 4
0.726 6.981 7.181 1
0.726 6.981 7.181 5
0.693 6.995 6.989 5
0.693 6.995 6.989 5
0.693 6.995 6.989 4
0.717 7.053 6.817 1
0.717 7.053 6.817 5
0.764 7.22 6.702 5
0.764 7.22 6.702 5
0.764 7.22 6.702 4
0.812 7.249 6.602 1
0.812 7.249 6.602 5
0.803 7.34 6.477 5
0.745 7.335 6.52 5
0.745 7.335 6.52 5
0.788 7.311 6.372 5
0.788 7.311 6.372 5
0.889 7.436 6.199 5
0.889 7.436 6.199 4
0.889 7.436 6.199 1
1.09 7.417 6.429 5
1.09 7.417 6.429 5
1.329 7.402 6.645 5
1.329 7.402 6.645 4
1.329 7.402 6.645 1
1.282 7.264 6.918 5
1.282 7.264 6.918 5
1.095 7.101 6.827 5
1.095 7.101 6.827 4
1.095 7.101 6.827 2
0.961 7.038 6.851 4
0.961 7.038 6.851 5
0.899 7.038 6.86 5
0.899 7.038 6.86 4
0.899 7.038 6.86 1
0.975 7.11 7.114 5
0.975 7.11 7.114 5
1.085 7.235 7.224 5
1.085 7.235 7.224 4
1.085 7.235 7.224 1
1.076 7.326 7.09 5
1.076 7.326 7.09 5
0.903 7.345 6.702 5
0.903 7.345 6.702 4
0.903 7.345 6.702 1
0.717 7.354 6.247 5
0.717 7.354 6.247 5
0.621 7.259 5.912 5
0.621 7.259 5.912 4
0.659 7.082 6.175 1
0.659 7.082 6.175 5
0.712 6.981 6.463 6
0.712 6.981 6.463 5
0.712 6.981 6.463 3
0.678 6.943 6.769 2
0.678 6.943 6.769 5
0.626 6.88 6.87 5
0.626 6.88 6.87 5
0.626 6.88 6.87 4
0.573 6.943 6.999 1
0.573 6.943 6.999 5
0.554 7.058 7.076 5
0.554 7.058 7.076 5
0.554 7.058 7.076 3
0.654 7.144 7.21 2
0.654 7.144 7.21 5
0.573 7.196 7.296 5
0.573 7.196 7.296 5
0.573 7.196 7.296 3
0.343 7.053 7.219 2
0.343 7.053 7.219 5
0.223 7.029 6.985 5
0.223 7.029 6.985 5
0.223 7.029 6.985 4
0.142 7.029 6.865 1
0.142 7.029 6.865 5
0.19 7.082 6.712 5
0.19 7.082 6.712 5
0.19 7.082 6.712 3
0.314 7.125 6.673 2
0.434 7.101 6.764 5
0.434 7.101 6.764 5
0.506 7.139 6.563 5
0.506 7.139 6.563 3
0.506 7.139 6.563 2
0.573 7.077 6.635 5
0.573 7.077 6.635 5
0.626 7.096 6.63 5
0.626 7.096 6.63 4
0.626 7.096 6.63 1
0.645 7.077 6.573 5
0.645 7.077 6.573 5
0.654 7.019 6.606 5
0.654 7.019 6.606 3
0.654 7.019 6.606 2
0.63 6.976 6.673 5
0.63 6.976 6.673 5
0.53 6.909 6.649 5
0.53 6.909 6.649 3
0.53 6.909 6.649 2
0.463 6.88 6.688 5
0.463 6.88 6.688 5
0.487 6.928 6.611 5
0.487 6.928 6.611 4
0.487 6.928 6.611 1
0.592 6.971 6.582 5
0.592 6.971 6.582 5
0.635 6.957 6.616 5
0.635 6.957 6.616 3
0.635 6.957 6.616 2
0.602 7.015 6.678 5
0.606 6.976 6.745 5
0.606 6.976 6.745 5
0.606 6.976 6.745 4
0.688 7.115 6.688 1
0.688 7.115 6.688 5
0.606 7.067 6.798 5
0.606 7.067 6.798 5
0.606 7.067 6.798 4
0.525 6.986 6.731 1
0.525 6.986 6.731 5
0.645 7.062 6.659 5
0.645 7.062 6.659 5
0.645 7.062 6.659 3
0.645 7.082 6.788 2
0.645 7.082 6.788 5
0.582 7.072 6.913 5
0.582 7.072 6.913 5
0.582 7.072 6.913 3
0.64 7.101 7.023 2
0.64 7.101 7.023 5
0.549 7.072 7.037 5
0.549 7.072 7.037 5
0.549 7.072 7.037 4
0.448 7.015 7.032 1
0.448 7.015 7.032 5
0.362 7.015 6.989 5
0.362 7.015 6.989 5
0.362 7.015 6.989 3
0.353 6.981 6.903 2
0.353 6.981 6.903 5
0.31 6.933 7.052 5
0.31 6.933 7.052 5
0.31 6.933 7.052 3
0.295 6.919 7.076 2
0.377 6.914 7.061 5
0.377 6.914 7.061 5
0.42 6.938 7.023 5
0.42 6.938 7.023 4
0.424 6.943 6.889 6
0.424 6.943 6.889 5
0.401 6.981 6.74 5
0.401 6.981 6.74 3
0.401 6.981 6.74 2
0.448 6.976 6.822 5
0.448 6.976 6.822 5
0.511 7.019 6.898 5
0.511 7.019 6.898 4
0.511 7.019 6.898 1
0.535 6.971 6.87 5
0.535 6.971 6.87 5
0.515 6.938 6.937 5
0.515 6.938 6.937 4
0.515 6.938 6.937 1
0.587 6.943 6.951 5
0.587 6.943 6.951 5
0.559 6.967 6.874 5
0.559 6.967 6.874 3
0.559 6.967 6.874 2
0.468 6.995 6.803 5
0.468 6.995 6.803 5
0.367 6.895 6.764 5
0.367 6.895 6.764 3
0.367 6.895 6.764 2
0.372 6.919 6.779 5
0.415 6.971 6.707 5
0.415 6.971 6.707 5
0.415 6.971 6.707 4
0.424 6.924 6.736 1
0.424 6.924 6.736 5
0.444 6.924 6.831 5
0.444 6.924 6.831 5
0.444 6.924 6.831 4
0.53 6.971 6.836 1
0.53 6.971 6.836 5
0.554 6.991 6.827 5
0.554 6.991 6.827 5
0.554 6.991 6.827 4
0.544 6.962 6.807 1
0.544 6.962 6.807 5
0.563 6.986 6.87 5
0.563 6.986 6.87 5
0.563 6.986 6.87 4
0.549 6.991 6.865 6
0.597 7.0 6.851 5
0.597 7.0 6.851 5
0.597 7.0 6.851 4
0.602 6.991 6.965 1
0.602 6.991 6.965 5
0.611 6.924 7.066 5
0.611 6.924 7.066 5
0.611 6.924 7.066 4
0.616 6.986 7.018 1
0.616 6.986 7.018 5
0.578 6.991 6.956 5
0.578 6.991 6.956 5
0.578 6.991 6.956 4
0.563 6.962 6.913 1
0.501 6.938 6.851 5
0.501 6.938 6.851 5
0.482 6.933 6.927 5
0.482 6.933 6.927 4
0.482 6.933 6.927 1
0.52 6.919 6.994 5
0.52 6.919 6.994 5
0.472 6.933 7.114 5
0.472 6.933 7.114 4
0.472 6.933 7.114 1
0.439 6.933 7.066 5
0.439 6.933 7.066 5
0.554 6.981 6.975 5
0.554 6.981 6.975 4
0.554 6.981 6.975 1
0.549 7.0 6.879 5
0.549 7.0 6.879 5
0.444 6.976 6.894 5
0.444 6.976 6.894 4
0.444 6.976 6.894 1
0.42 6.952 6.855 5
0.42 6.952 6.855 5
0.463 6.938 6.87 5
0.463 6.938 6.87 4
0.463 6.938 6.87 1
0.463 6.909 6.932 5
0.463 6.909 6.932 5
0.463 6.914 6.975 5
0.463 6.914 6.975 5
0.468 6.89 6.908 5
0.597 6.991 6.855 5
0.597 6.991 6.855 5
0.597 6.991 6.855 4
0.616 6.933 6.985 1
0.616 6.933 6.985 5
0.606 6.938 6.97 5
0.606 6.938 6.97 5
0.606 6.938 6.97 4
0.683 7.034 6.903 2
0.683 7.034 6.903 4
0.664 6.976 6.841 5
0.664 6.976 6.841 5
0.664 6.976 6.841 4
0.53 6.919 6.894 2
0.53 6.919 6.894 4
0.42 6.861 6.822 5
0.42 6.861 6.822 5
0.42 6.861 6.822 4
0.353 6.861 6.822 1
0.353 6.861 6.822 5
0.353 6.9 6.855 5
0.353 6.9 6.855 5
0.353 6.9 6.855 4
0.377 6.9 6.879 1
0.377 6.9 6.879 5
0.377 6.871 6.932 5
0.377 6.871 6.932 5
0.377 6.871 6.932 4
0.333 6.856 6.822 2
0.333 6.856 6.822 4
0.348 6.871 7.009 5
0.348 6.871 7.009 5
0.348 6.871 7.009 4
0.429 6.9 7.052 1
0.415 6.847 6.985 5
0.415 6.847 6.985 5
0.367 6.904 7.061 5
0.367 6.904 7.061 4
0.367 6.904 7.061 1
0.415 6.938 6.97 5
0.415 6.938 6.97 5
0.463 6.947 6.975 5
0.463 6.947 6.975 5
0.52 6.986 6.913 5
0.52 6.986 6.913 5
0.496 6.981 6.922 5
0.496 6.981 6.922 4
0.496 6.981 6.922 2
0.535 6.995 6.913 4
0.535 6.995 6.913 5
0.578 7.0 6.927 5
0.578 7.0 6.927 4
0.578 7.0 6.927 1
0.563 6.914 6.985 5
0.563 6.914 6.985 5
0.554 6.885 6.985 5
0.554 6.885 6.985 4
0.554 6.885 6.985 1
0.506 6.861 6.985 5
0.506 6.861 6.985 5
0.448 6.828 6.894 5
0.448 6.828 6.894 4
0.448 6.828 6.894 1
0.434 6.876 6.803 5
0.434 6.938 6.779 5
0.434 6.938 6.779 5
0.434 6.938 6.779 4
0.401 6.938 6.855 1
0.401 6.938 6.855 5
0.372 6.895 6.918 5
0.372 6.895 6.918 5
0.372 6.895 6.918 4
0.405 6.861 6.913 2
0.405 6.861 6.913 5
0.482 6.88 6.855 5
0.482 6.88 6.855 5
0.482 6.88 6.855 3
0.52 6.904 6.846 2
0.52 6.904 6.846 5
0.496 6.9 6.922 5
0.496 6.9 6.922 5
0.496 6.9 6.922 3
0.453 6.842 6.879 2
0.453 6.842 6.879 5
0.405 6.871 6.865 5
0.405 6.871 6.865 5
0.405 6.871 6.865 4
0.477 6.933 6.831 1
0.477 6.933 6.831 5
0.539 6.928 6.994 5
0.539 6.928 6.994 5
0.539 6.928 6.994 3
0.568 6.952 7.095 2
0.568 6.952 7.095 5
0.544 6.924 6.879 5
0.463 6.856 6.932 5
0.463 6.856 6.932 4
0.463 6.856 6.932 1
0.482 6.885 6.841 5
0.482 6.885 6.841 5
0.482 6.88 6.889 5
0.482 6.88 6.889 4
0.482 6.88 6.889 1
0.424 6.794 7.028 5
0.424 6.794 7.028 5
0.429 6.818 7.143 5
0.429 6.818 7.143 3
0.429 6.818 7.143 2
0.453 6.856 7.076 5
0.453 6.856 7.076 5
0.573 6.919 7.018 5
0.573 6.919 7.018 3
0.573 6.919 7.018 2
0.611 7.019 6.941 5
0.611 7.019 6.941 5
0.669 7.048 7.009 5
0.669 7.048 7.009 4
0.669 7.048 7.009 1
0.707 7.091 7.023 5
0.707 7.091 7.023 5
0.688 7.019 7.004 5
0.688 7.019 7.004 3
0.688 7.019 7.004 2
0.635 7.024 6.918 5
0.635 7.024 6.918 5
0.654 7.048 6.87 5
0.654 7.048 6.87 3
0.654 7.048 6.87 2
0.755 7.053 6.803 5
0.788 7.077 6.726 5
0.788 7.077 6.726 5
0.788 7.077 6.726 4
0.779 7.048 6.625 6
0.798 7.053 6.788 5
0.798 7.053 6.788 5
0.798 7.053 6.788 3
0.812 7.0 6.937 2
0.812 7.0 6.937 5
0.75 6.952 7.009 5
0.75 6.952 7.009 5
0.75 6.952 7.009 4
0.764 6.981 6.927 1
0.764 6.981 6.927 5
0.932 7.096 6.889 5
0.932 7.096 6.889 5
0.932 7.096 6.889 4
1.004 7.12 6.391 1
1.004 7.12 6.391 5
1.545 8.255 3.982 5
1.545 8.255 3.982 5
1.545 8.255 3.982 3
1.373 7.187 6.463 2
1.373 7.187 6.463 5
1.545 7.105 6.769 5
1.545 7.105 6.769 5
1.545 7.105 6.769 3
1.047 6.871 7.344 2
1.047 6.871 7.344 5
0.922 6.703 7.114 5
1.104 6.904 7.377 5
1.104 6.904 7.377 4
1.104 6.904 7.377 1
1.191 7.015 7.559 5
1.191 7.015 7.559 5
1.037 7.105 7.205 5
1.037 7.105 7.205 3
1.037 7.105 7.205 2
0.927 7.163 7.128 5
0.927 7.163 7.128 5
0.879 7.139 7.186 5
0.879 7.139 7.186 3
0.879 7.139 7.186 2
0.808 7.129 7.167 5
0.808 7.129 7.167 5
0.717 7.053 6.908 5
0.717 7.053 6.908 4
0.745 6.914 6.558 6
0.745 6.914 6.558 5
0.664 7.048 5.974 5
0.664 7.048 5.974 3
0.664 7.048 5.974 2
0.966 7.23 5.979 5
0.966 7.23 5.979 5
1.286 7.283 6.391 5
1.286 7.283 6.391 4
1.286 7.283 6.391 1
1.588 7.283 6.831 5
1.588 7.283 6.831 5
1.521 7.264 7.066 5
1.521 7.264 7.066 4
1.301 7.163 7.128 6
1.033 7.082 7.162 5
1.033 7.082 7.162 5
1.033 7.082 7.162 3
0.683 7.029 7.071 2
0.683 7.029 7.071 5
0.3 6.876 7.009 5
0.3 6.876 7.009 5
0.3 6.876 7.009 4
0.041 6.818 7.018 1
0.041 6.818 7.018 5
-0.015 6.842 6.87 5
-0.015 6.842 6.87 5
-0.015 6.842 6.87 4
0.056 6.909 6.798 1
0.056 6.909 6.798 5
0.281 6.952 6.783 5
0.281 6.952 6.783 5
0.281 6.952 6.783 4
0.444 7.024 6.635 1
0.444 7.024 6.635 5
0.582 7.058 6.64 5
0.582 7.058 6.64 5
0.582 7.058 6.64 4
0.582 6.976 6.602 1
0.582 6.976 6.602 5
0.549 6.885 6.64 5
0.549 6.885 6.64 5
0.549 6.885 6.64 4
0.587 6.871 6.654 6
0.693 6.933 6.645 5
0.683 6.895 6.692 5
0.683 6.895 6.692 4
0.683 6.895 6.692 1
0.693 6.938 6.731 5
0.693 6.938 6.731 5
0.769 6.938 6.745 5
0.769 6.938 6.745 4
0.769 6.938 6.745 1
0.836 6.995 6.76 5
0.836 6.995 6.76 5
0.865 7.015 6.731 5
0.865 7.015 6.731 4
0.865 7.015 6.731 1
0.855 7.015 6.831 5
0.855 7.015 6.831 5
0.855 6.986 6.822 5
0.855 6.986 6.822 4
0.855 6.986 6.822 1
0.76 6.967 6.774 5
0.76 6.967 6.774 5
0.693 6.971 6.721 5
0.693 6.971 6.721 4
0.693 6.971 6.721 1
0.606 6.967 6.764 5
0.606 6.967 6.764 5
0.544 6.938 6.783 5
0.544 6.938 6.783 4
0.544 6.938 6.783 1
0.559 6.928 6.764 5
0.559 6.928 6.764 5
0.693 6.995 6.918 5
0.693 6.995 6.918 4
0.702 7.043 6.86 1
0.702 7.043 6.86 5
0.697 7.029 6.922 5
0.697 7.029 6.922 5
0.697 7.029 6.922 4
0.784 7.015 6.836 1
0.784 7.015 6.836 5
0.741 7.043 6.803 5
0.741 7.043 6.803 5
0.741 7.043 6.803 5
0.664 7.034 6.807 5
0.678 6.991 6.87 5
0.678 6.991 6.87 5
0.678 6.991 6.87 4
0.693 6.967 6.927 1
0.693 6.967 6.927 5
0.697 6.976 6.898 5
0.697 6.976 6.898 5
0.697 6.976 6.898 4
1.473 6.962 6.539 1
1.473 6.962 6.539 5
-0.068 7.168 7.392 5
-0.068 7.168 7.392 5
-0.068 7.168 7.392 4
0.822 6.895 6.783 1
0.822 6.895 6.783 5
0.736 7.058 7.21 5
0.736 7.058 7.21 5
0.736 7.058 7.21 4
0.745 6.971 7.08 1

# Completed @Sun Mar 26 22:20:05 GMT+02:00 2017
