# Accelerometer Data File
# Started @Thu Mar 30 19:07:34 GMT+02:00 2017
#
#
# sensor Vendor: Invensense
# sensor Name: ICM20610 Acceleration Sensor
# sensor Resolution: 0.0011971008m/sec^2; Max Range: 39.2266; Min Delay: 5000 microseconds
# The sensor's attributes are the result hardware and the Android capabilities.
# It means that the Android may not utilize all features provided by the hardware.
#
# Some devices and Android versions save battery too much so the device may go to sleep.
# It just happens after couple of minutes from turning off the scree and it is easy to find it out.
#
# The following file provides the data from accelerometer in the m/s^2 format.
# The diff value is just a time delta between the samples
#
#
# data format:
# so we have 4 columns with values separated by the " "
# X Y Z time_from_previous_sample(ms)

# sensor speed set to:FASTEST
# units set to: m/sec^2
# gravity NOT filtered out
# Accuracy: HIGH
1.109 2.489 8.718 0
1.109 2.489 8.718 5
1.42 2.317 9.202 5
1.42 2.317 9.202 3
1.42 2.317 9.202 2
1.555 2.245 9.762 5
1.555 2.245 9.762 5
1.344 2.073 10.169 5
1.344 2.073 10.169 3
1.344 2.073 10.169 2
1.085 2.068 10.145 5
1.085 2.068 10.145 5
0.894 2.106 9.575 5
0.894 2.106 9.575 3
0.894 2.106 9.575 2
0.717 2.389 8.742 5
0.717 2.389 8.742 5
0.836 2.528 8.684 5
0.836 2.528 8.684 3
0.836 2.528 8.684 2
0.879 2.676 8.325 5
0.879 2.676 8.325 5
1.219 2.796 8.91 5
1.219 2.796 8.91 3
1.219 2.796 8.91 2
1.617 2.633 10.155 5
1.617 2.633 10.155 5
1.746 1.862 11.447 5
1.746 1.862 11.447 3
1.578 0.282 10.533 2
1.578 0.282 10.533 5
2.321 2.604 10.945 5
2.321 2.604 10.945 5
2.321 2.604 10.945 3
1.804 3.213 10.222 2
1.804 3.213 10.222 5
1.698 2.571 9.604 5
1.698 2.571 9.604 5
1.698 2.571 9.604 3
2.081 2.47 8.881 2
2.081 2.47 8.881 5
1.962 2.351 8.661 5
1.962 2.351 8.661 5
1.962 2.351 8.661 3
1.713 2.451 8.823 2
1.713 2.451 8.823 5
1.478 2.499 8.57 5
1.478 2.499 8.57 5
1.478 2.499 8.57 3
1.454 2.523 8.297 2
1.454 2.523 8.297 5
1.641 2.585 8.608 5
1.641 2.585 8.608 5
1.641 2.585 8.608 3
1.827 2.628 9.135 2
1.827 2.628 9.135 5
1.947 2.595 9.508 5
1.947 2.595 9.508 5
1.947 2.595 9.508 3
1.918 2.475 9.791 2
1.799 2.236 9.925 5
1.799 2.236 9.925 5
1.617 1.953 9.752 5
1.617 1.953 9.752 3
1.617 1.953 9.752 2
1.282 1.709 9.369 5
1.282 1.709 9.369 5
1.018 1.675 9.096 5
1.018 1.675 9.096 3
1.018 1.675 9.096 2
1.042 1.742 9.115 5
1.042 1.742 9.115 5
1.31 1.757 9.259 5
1.31 1.757 9.259 3
1.31 1.757 9.259 2
1.31 1.623 9.57 5
1.31 1.623 9.57 5
1.176 1.527 9.771 5
1.176 1.527 9.771 3
1.176 1.527 9.771 2
1.176 1.747 10.135 5
1.176 1.747 10.135 5
1.219 1.747 10.145 5
1.219 1.747 10.145 3
1.219 1.747 10.145 2
1.535 1.814 9.968 5
1.535 1.814 9.968 5
1.847 2.025 9.834 5
1.847 2.025 9.834 3
1.847 2.025 9.834 2
1.947 2.126 9.858 5
1.938 2.087 9.613 5
1.938 2.087 9.613 5
1.938 2.087 9.613 3
1.622 2.188 9.561 2
1.622 2.188 9.561 5
1.349 2.245 9.345 5
1.349 2.245 9.345 5
1.349 2.245 9.345 3
1.468 2.159 9.101 2
1.468 2.159 9.101 5
1.703 2.159 9.135 5
1.703 2.159 9.135 5
1.703 2.159 9.135 3
1.942 2.149 9.254 2
1.942 2.149 9.254 5
1.995 2.14 9.46 5
1.995 2.14 9.46 5
1.995 2.14 9.46 3
1.866 2.025 9.633 2
1.866 2.025 9.633 5
1.78 1.91 9.652 5
1.78 1.91 9.652 5
1.78 1.91 9.652 3
1.756 1.742 9.46 2
1.756 1.742 9.46 5
1.818 1.69 9.561 5
1.818 1.69 9.561 5
1.818 1.69 9.561 3
1.928 1.68 9.805 2
2.029 1.637 9.982 5
2.029 1.637 9.982 5
1.895 1.575 9.973 5
1.895 1.575 9.973 3
1.895 1.575 9.973 2
1.669 1.57 9.795 5
1.669 1.57 9.795 5
1.397 1.517 9.566 5
1.397 1.517 9.566 3
1.397 1.517 9.566 2
1.267 1.403 9.494 5
1.267 1.403 9.494 5
1.258 1.273 9.652 5
1.258 1.273 9.652 3
1.258 1.273 9.652 2
1.181 1.201 9.709 5
1.181 1.201 9.709 5
1.119 1.264 9.575 5
1.119 1.264 9.575 3
1.119 1.264 9.575 2
1.013 1.254 9.465 5
1.013 1.254 9.465 5
1.076 1.292 9.518 5
1.076 1.292 9.518 3
1.076 1.292 9.518 2
1.152 1.359 9.575 5
1.152 1.359 9.575 5
1.176 1.364 9.484 5
1.176 1.364 9.484 3
1.176 1.364 9.484 2
1.119 1.316 9.398 5
0.836 1.149 9.475 6
0.836 1.149 9.475 5
0.836 1.149 9.475 3
0.401 0.986 9.585 1
0.401 0.986 9.585 5
0.037 0.962 9.302 5
0.037 0.962 9.302 5
0.037 0.962 9.302 4
0.089 0.995 8.67 1
0.089 0.995 8.67 5
0.051 1.082 8.239 5
0.051 1.082 8.239 5
0.051 1.082 8.239 4
0.19 1.292 8.177 1
0.19 1.292 8.177 5
0.29 1.259 8.512 5
0.29 1.259 8.512 5
0.29 1.259 8.512 4
0.669 1.091 8.196 1
0.669 1.091 8.196 5
0.946 0.761 8.349 6
0.946 0.761 8.349 5
0.946 0.761 8.349 3
0.788 0.43 8.819 1
0.788 0.43 8.819 5
0.645 0.071 8.752 5
0.645 0.071 8.752 5
0.645 0.071 8.752 4
0.664 -0.023 8.723 1
0.664 -0.023 8.723 5
0.501 0.11 9.144 5
0.721 -0.043 9.417 5
0.721 -0.043 9.417 4
0.721 -0.043 9.417 1
0.927 0.114 8.981 5
0.927 0.114 8.981 5
1.957 0.766 7.985 5
1.957 0.766 7.985 4
1.957 0.766 7.985 1
2.383 1.168 7.923 5
2.383 1.168 7.923 5
3.235 1.522 8.718 5
3.235 1.522 8.718 4
3.235 1.522 8.718 1
5.098 1.795 10.38 5
5.098 1.795 10.38 6
6.697 2.092 11.716 5
6.697 2.092 11.716 3
6.697 2.092 11.716 1
6.999 1.819 12.17 5
6.999 1.819 12.17 5
7.914 1.819 12.975 5
7.914 1.819 12.975 4
7.914 1.819 12.975 1
10.04 1.781 13.664 5
10.04 1.781 13.664 5
12.295 5.248 15.163 5
12.295 5.248 15.163 4
12.295 5.248 15.163 1
16.672 5.554 14.799 5
18.649 6.349 14.268 5
18.649 6.349 14.268 5
18.649 6.349 14.268 4
19.133 5.669 14.895 1
19.133 5.669 14.895 5
18.146 4.012 16.619 6
18.146 4.012 16.619 5
18.146 4.012 16.619 3
16.83 1.963 18.505 1
16.83 1.963 18.505 5
16.37 0.354 19.631 6
16.37 0.354 19.631 5
16.37 0.354 19.631 3
17.284 -0.627 20.167 1
17.284 -0.627 20.167 5
18.391 -0.9 20.545 5
18.391 -0.9 20.545 5
18.391 -0.9 20.545 4
19.956 -0.775 19.707 1
19.956 -0.775 19.707 5
21.8 -1.206 18.228 5
21.8 -1.206 18.228 5
21.8 -1.206 18.228 4
22.849 -2.087 19.027 1
22.849 -2.087 19.027 5
22.705 -3.615 21.795 6
22.705 -3.615 21.795 5
22.705 -3.615 21.795 3
21.944 -6.157 23.031 1
21.944 -6.157 23.031 5
20.67 -8.202 22.274 6
19.746 -9.73 19.736 5
19.746 -9.73 19.736 3
19.746 -9.73 19.736 1
18.573 -10.409 17.691 5
18.573 -10.409 17.691 6
16.921 -11.022 14.421 5
16.921 -11.022 14.421 3
16.921 -11.022 14.421 1
14.909 -11.631 11.352 5
14.909 -11.631 11.352 6
13.296 -12.129 9.834 5
13.296 -12.129 9.834 3
13.296 -12.129 9.834 2
11.543 -13.177 8.919 4
11.543 -13.177 8.919 5
9.489 -14.207 8.378 5
9.489 -14.207 8.378 4
9.489 -14.207 8.378 1
8.517 -14.858 7.914 6
8.517 -14.858 7.914 5
8.593 -14.987 7.645 5
8.593 -14.987 7.645 3
8.593 -14.987 7.645 2
8.55 -14.882 9.077 5
8.55 -14.882 9.077 5
8.062 -14.949 9.369 5
8.062 -14.949 9.369 3
8.062 -14.949 9.369 2
7.009 -15.528 7.942 5
7.009 -15.528 7.942 5
5.984 -15.614 6.52 5
5.984 -15.614 6.52 3
4.921 -15.945 5.586 2
4.921 -15.945 5.586 5
3.211 -16.946 4.614 5
3.211 -16.946 4.614 5
3.211 -16.946 4.614 3
0.894 -18.239 4.734 2
0.894 -18.239 4.734 5
-2.299 -20.614 6.094 5
-2.299 -20.614 6.094 5
-2.299 -20.614 6.094 3
-6.312 -23.204 8.565 2
-6.312 -23.204 8.565 5
-11.431 -25.009 11.213 5
-11.431 -25.009 11.213 5
-11.431 -25.009 11.213 3
-15.017 -25.21 13.626 2
-15.017 -25.21 13.626 5
-16.66 -24.018 15.201 5
-16.66 -24.018 15.201 5
-16.66 -24.018 15.201 3
-17.239 -22.203 15.039 2
-17.239 -22.203 15.039 5
-17.387 -19.833 13.195 5
-17.387 -19.833 13.195 5
-17.387 -19.833 13.195 3
-17.526 -17.539 10.691 2
-17.526 -17.539 10.691 5
-18.302 -15.859 7.372 5
-19.877 -15.002 4.772 5
-19.877 -15.002 4.772 3
-19.877 -15.002 4.772 2
-22.013 -14.633 4.83 5
-22.013 -14.633 4.83 5
-22.875 -13.206 6.089 5
-22.875 -13.206 6.089 3
-22.875 -13.206 6.089 2
-22.578 -11.305 6.874 5
-22.578 -11.305 6.874 5
-21.371 -10.457 5.816 5
-21.371 -10.457 5.816 3
-21.371 -10.457 5.816 2
-19.394 -10.697 2.938 5
-19.394 -10.697 2.938 5
-16.976 -10.975 1.851 5
-16.976 -10.975 1.851 3
-16.976 -10.975 1.851 2
-14.72 -11.434 2.182 5
-14.72 -11.434 2.182 5
-12.714 -12.133 1.43 5
-12.714 -12.133 1.43 3
-12.714 -12.133 1.43 2
-10.708 -12.272 2.211 5
-10.708 -12.272 2.211 5
-9.372 -12.607 6.175 5
-9.372 -12.607 6.175 3
-9.372 -12.607 6.175 2
-8.749 -13.445 10.255 5
-8.768 -14.437 13.056 5
-8.768 -14.437 13.056 5
-8.768 -14.437 13.056 3
-8.768 -15.504 14.962 2
-8.768 -15.504 14.962 5
-8.366 -17.243 15.939 5
-8.366 -17.243 15.939 5
-8.366 -17.243 15.939 3
-7.001 -19.072 15.867 2
-7.001 -19.072 15.867 5
-4.746 -20.647 14.469 5
-4.746 -20.647 14.469 5
-4.746 -20.647 14.469 3
-2.203 -22.007 11.955 2
-2.203 -22.007 11.955 5
0.439 -22.658 12.094 5
0.439 -22.658 12.094 5
0.439 -22.658 12.094 3
2.369 -23.568 14.311 2
2.369 -23.568 14.311 5
4.882 -24.444 15.848 5
4.882 -24.444 15.848 5
4.882 -24.444 15.848 3
7.995 -24.54 17.763 2
7.995 -24.54 17.763 5
12.065 -23.851 18.817 5
12.065 -23.851 18.817 5
12.065 -23.851 18.817 3
16.265 -22.754 18.166 2
16.265 -22.754 18.166 5
21.149 -19.828 16.126 5
21.149 -19.828 16.126 5
21.149 -19.828 16.126 3
25.588 -15.787 10.394 2
29.782 -10.788 7.746 5
29.782 -10.788 7.746 5
30.558 -9.006 10.135 5
30.558 -9.006 10.135 3
30.558 -9.006 10.135 2
29.169 -10.534 19.138 5
29.169 -10.534 19.138 5
27.584 -10.821 30.534 5
27.584 -10.821 30.534 3
27.584 -10.821 30.534 2
25.707 -9.509 37.094 5
25.707 -9.509 37.094 5
24.127 -6.684 34.001 5
24.127 -6.684 34.001 4
24.127 -6.684 34.001 1
23.442 -2.513 26.861 5
23.442 -2.513 26.861 5
24.654 2.614 19.348 5
24.654 2.614 19.348 3
24.654 2.614 19.348 2
25.76 7.886 14.148 5
25.76 7.886 14.148 5
24.429 11.563 12.027 5
24.429 11.563 12.027 3
24.429 11.563 12.027 2
20.622 12.138 12.482 5
20.622 12.138 12.482 5
16.442 10.702 12.86 5
16.442 10.702 12.86 4
13.43 9.61 12.697 1
13.43 9.61 12.697 5
10.921 8.839 12.683 5
10.921 8.839 12.683 5
10.921 8.839 12.683 4
9.01 7.929 11.897 1
9.01 7.929 11.897 5
6.841 6.598 10.94 5
6.841 6.598 10.94 5
6.841 6.598 10.94 4
5.141 5.415 10.279 1
5.141 5.415 10.279 5
4.485 4.908 10.035 5
4.485 4.908 10.035 5
4.485 4.908 10.035 4
4.82 4.869 10.911 1
4.82 4.869 10.911 5
6.3 5.391 11.529 5
6.3 5.391 11.529 5
6.3 5.391 11.529 4
6.865 5.837 12.352 1
6.865 5.837 12.352 5
6.616 5.497 12.434 5
6.616 5.497 12.434 5
6.616 5.497 12.434 4
5.797 5.224 11.974 1
5.797 5.224 11.974 5
4.777 5.013 11.002 6
4.777 5.013 11.002 5
4.777 5.013 11.002 3
3.949 4.927 10.241 1
3.025 4.606 9.829 5
3.025 4.606 9.829 5
2.512 3.983 9.336 5
2.512 3.983 9.336 4
2.512 3.983 9.336 1
1.804 3.107 9.949 5
1.804 3.107 9.949 5
0.918 2.035 10.811 5
0.918 2.035 10.811 4
0.918 2.035 10.811 1
0.089 1.063 11.256 5
0.089 1.063 11.256 5
-0.283 0.794 11.438 5
-0.283 0.794 11.438 4
-0.283 0.794 11.438 1
0.118 1.177 11.481 5
0.118 1.177 11.481 6
0.721 1.604 11.04 5
0.721 1.604 11.04 3
0.721 1.604 11.04 1
1.013 2.011 10.437 5
1.013 2.011 10.437 5
1.258 2.226 9.877 5
1.258 2.226 9.877 4
1.258 2.226 9.877 1
1.224 1.987 9.589 5
1.224 1.987 9.589 5
1.416 1.977 9.087 5
1.416 1.977 9.087 4
1.377 2.264 8.57 1
1.377 2.264 8.57 5
1.1 2.159 8.234 5
1.1 2.159 8.234 5
1.1 2.159 8.234 4
0.817 1.982 8.23 1
0.817 1.982 8.23 5
0.597 1.972 8.613 5
0.597 1.972 8.613 5
0.597 1.972 8.613 4
0.377 2.202 8.996 1
0.377 2.202 8.996 5
0.29 2.566 8.78 6
0.29 2.566 8.78 5
0.29 2.566 8.78 3
0.185 2.992 8.34 1
0.185 2.992 8.34 5
0.223 3.332 8.119 5
0.223 3.332 8.119 5
0.223 3.332 8.119 4
0.247 3.442 8.024 1
0.247 3.442 8.024 5
-0.005 3.318 8.057 5
-0.005 3.318 8.057 5
-0.005 3.318 8.057 4
-0.283 2.987 7.957 1
-0.283 2.987 7.957 5
-0.451 2.6 8.608 6
-0.451 2.6 8.608 5
-0.451 2.6 8.608 3
-0.345 2.284 9.283 1
-0.312 2.159 9.953 5
-0.312 2.159 9.953 6
-0.312 2.102 10.523 5
-0.312 2.102 10.523 3
-0.312 2.102 10.523 2
-0.183 1.92 10.471 4
-0.183 1.92 10.471 6
-0.015 1.948 10.763 5
-0.015 1.948 10.763 3
-0.015 1.948 10.763 1
0.003 1.915 10.614 5
0.003 1.915 10.614 5
-0.12 1.896 10.025 5
-0.12 1.896 10.025 4
-0.12 1.896 10.025 1
-0.207 2.006 9.57 5
-0.207 2.006 9.57 6
-0.111 2.059 9.063 5
-0.111 2.059 9.063 3
-0.111 2.059 9.063 1
0.113 2.217 8.819 5
0.113 2.217 8.819 6
0.664 2.346 8.953 5
0.664 2.346 8.953 3
0.664 2.346 8.953 1
1.229 2.537 9.293 5
1.229 2.537 9.293 6
1.406 2.561 9.719 5
1.406 2.561 9.719 3
1.406 2.561 9.719 1
1.344 2.504 9.867 5
1.042 2.327 10.164 6
1.042 2.327 10.164 5
1.042 2.327 10.164 4
0.769 2.145 10.279 1
0.769 2.145 10.279 5
0.669 2.154 9.929 5
0.669 2.154 9.929 5
0.669 2.154 9.929 3
0.697 2.322 9.776 1
0.697 2.322 9.776 6
0.515 2.226 9.661 5
0.515 2.226 9.661 5
0.515 2.226 9.661 3
0.243 2.106 9.355 2
0.243 2.106 9.355 5
0.276 2.24 8.895 5
0.276 2.24 8.895 5
0.276 2.24 8.895 3
0.602 2.489 8.89 2
0.602 2.489 8.89 5
0.922 2.686 9.293 5
0.922 2.686 9.293 5
0.922 2.686 9.293 3
1.028 2.734 9.479 2
1.028 2.734 9.479 5
0.875 2.719 9.278 5
0.875 2.719 9.278 5
0.875 2.719 9.278 3
0.712 2.758 8.819 2
0.515 2.849 8.617 5
0.515 2.849 8.617 5
0.262 2.738 8.555 5
0.262 2.738 8.555 3
0.262 2.738 8.555 2
0.185 2.561 8.795 5
0.185 2.561 8.795 5
0.286 2.398 9.269 5
0.286 2.398 9.269 3
0.286 2.398 9.269 2
0.492 2.255 9.728 5
0.492 2.255 9.728 5
0.678 2.207 9.953 5
0.678 2.207 9.953 3
0.678 2.207 9.953 2
0.582 2.236 9.929 5
0.582 2.236 9.929 5
0.669 2.269 9.441 5
0.669 2.269 9.441 3
0.669 2.269 9.441 2
0.75 2.403 9.283 5
0.75 2.403 9.283 5
0.913 2.6 9.135 5
0.913 2.6 9.135 3
0.913 2.6 9.135 2
1.167 2.82 8.871 5
1.167 2.82 8.871 5
1.32 2.911 8.962 5
1.32 2.911 8.962 3
1.32 2.911 8.962 2
1.483 2.853 9.163 5
1.497 2.671 9.585 5
1.497 2.671 9.585 5
1.497 2.671 9.585 3
1.44 2.485 9.901 2
1.44 2.485 9.901 5
1.243 2.389 9.829 5
1.243 2.389 9.829 5
1.243 2.389 9.829 3
1.215 2.288 9.771 2
1.215 2.288 9.771 5
1.176 2.288 9.982 5
1.176 2.288 9.982 5
1.176 2.288 9.982 3
1.157 2.197 10.131 2
1.157 2.197 10.131 5
0.894 1.891 7.535 5
0.894 1.891 7.535 5
0.894 1.891 7.535 3
0.563 2.355 9.575 2
0.563 2.355 9.575 5
1.004 2.02 10.322 5
1.004 2.02 10.322 5
1.004 2.02 10.322 3
1.578 2.159 10.542 2
1.578 2.159 10.542 5
2.019 2.758 10.471 5
2.019 2.758 10.471 5
2.019 2.758 10.471 3
2.038 2.849 9.906 2
2.038 2.849 9.906 5
1.713 2.571 9.46 5
1.267 2.753 9.091 5
1.267 2.753 9.091 3
1.267 2.753 9.091 2
1.262 2.624 9.532 5
1.262 2.624 9.532 5
1.277 2.585 9.374 5
1.277 2.585 9.374 3
1.277 2.585 9.374 2
1.143 2.523 9.288 5
1.143 2.523 9.288 5
1.243 2.571 9.273 5
1.243 2.571 9.273 3
1.243 2.571 9.273 2
1.258 2.513 9.704 5
1.258 2.513 9.704 5
1.186 2.442 9.92 5
1.186 2.442 9.92 3
1.186 2.442 9.92 2
1.095 2.499 9.786 5
1.095 2.499 9.786 5
1.076 2.523 9.302 5
1.076 2.523 9.302 3
1.076 2.523 9.302 2
1.057 2.351 9.211 5
1.057 2.351 9.211 5
1.114 2.346 9.431 5
1.114 2.346 9.431 3
1.114 2.346 9.431 2
1.104 2.308 9.671 5
1.037 2.154 9.642 5
1.037 2.154 9.642 5
1.037 2.154 9.642 3
0.879 2.02 9.7 2
0.879 2.02 9.7 5
0.788 1.877 9.657 5
0.788 1.877 9.657 5
0.788 1.877 9.657 3
0.726 1.757 9.69 2
0.726 1.757 9.69 5
0.75 1.666 9.709 5
0.75 1.666 9.709 5
0.75 1.666 9.709 3
0.779 1.695 9.781 2
0.779 1.695 9.781 5
0.908 1.824 9.968 5
0.908 1.824 9.968 5
0.908 1.824 9.968 3
0.97 1.891 10.135 2
0.97 1.891 10.135 5
0.98 1.853 10.289 5
0.98 1.853 10.289 5
0.98 1.853 10.289 3
0.946 1.877 10.48 2
0.946 1.877 10.48 5
0.903 1.948 10.346 5
0.903 1.948 10.346 5
0.903 1.948 10.346 3
0.946 2.149 10.016 2
0.946 2.149 10.016 5
1.061 2.365 9.815 5
1.167 2.442 9.724 5
1.167 2.442 9.724 3
1.167 2.442 9.724 2
1.119 2.375 9.81 5
1.119 2.375 9.81 5
1.047 2.231 10.006 5
1.047 2.231 10.006 3
1.047 2.231 10.006 2
1.018 2.24 10.064 5
1.018 2.24 10.064 5
1.018 2.197 10.078 5
1.018 2.197 10.078 4
1.018 2.197 10.078 1
1.138 2.236 10.116 5
1.138 2.236 10.116 5
1.205 2.269 9.886 5
1.205 2.269 9.886 4
1.205 2.269 9.886 1
1.253 2.355 9.546 5
1.253 2.355 9.546 5
1.21 2.413 9.412 5
1.21 2.413 9.412 4
1.21 2.413 9.412 1
1.028 2.346 9.226 5
1.028 2.346 9.226 6
0.827 2.288 9.039 5
0.827 2.288 9.039 3
0.827 2.288 9.039 1
0.717 2.279 8.828 5
0.717 2.279 8.828 5
0.764 2.317 8.866 5
0.764 2.317 8.866 4
0.654 2.236 8.905 1
0.654 2.236 8.905 5
0.53 2.121 9.087 5
0.53 2.121 9.087 5
0.53 2.121 9.087 4
0.329 2.073 9.096 1
0.329 2.073 9.096 5
0.305 2.025 8.799 5
0.305 2.025 8.799 5
0.305 2.025 8.799 4
0.396 2.054 8.718 1
0.396 2.054 8.718 5
0.525 2.106 8.852 6
0.525 2.106 8.852 5
0.525 2.106 8.852 3
0.444 2.059 9.077 1
0.444 2.059 9.077 5
0.535 2.006 9.111 5
0.535 2.006 9.111 5
0.535 2.006 9.111 4
0.515 2.025 9.269 1
0.515 2.025 9.269 5
0.573 2.02 9.326 5
0.573 2.02 9.326 5
0.573 2.02 9.326 4
0.578 2.111 9.518 1
0.578 2.111 9.518 5
0.812 2.087 9.671 5
0.908 2.078 9.982 5
0.908 2.078 9.982 4
0.908 2.078 9.982 3
0.86 2.035 9.958 3
0.86 2.035 9.958 5
0.841 2.078 9.781 5
0.841 2.078 9.781 4
0.841 2.078 9.781 1
0.841 2.193 9.676 5
0.841 2.193 9.676 6
0.875 2.188 9.733 5
0.875 2.188 9.733 3
0.875 2.188 9.733 1
0.875 2.149 9.958 5
0.875 2.149 9.958 5
0.741 2.126 9.963 5
0.741 2.126 9.963 4
0.741 2.126 9.963 1
0.721 2.217 9.767 5
0.721 2.217 9.767 6
0.774 2.245 9.637 5
0.774 2.245 9.637 3
0.774 2.245 9.637 1
0.803 2.317 9.542 5
0.803 2.317 9.542 5
0.846 2.403 9.566 5
0.846 2.403 9.566 4
0.846 2.403 9.566 2
0.913 2.489 9.489 4
0.956 2.528 9.465 6
0.956 2.528 9.465 5
0.956 2.528 9.465 3
0.827 2.504 9.503 1
0.827 2.504 9.503 5
0.812 2.499 9.393 6
0.812 2.499 9.393 5
0.812 2.499 9.393 3
0.946 2.489 9.498 1
0.946 2.489 9.498 5
1.109 2.485 9.7 5
1.109 2.485 9.7 5
1.109 2.485 9.7 4
1.109 2.375 9.906 1
1.109 2.375 9.906 5
0.922 2.212 10.064 6
0.922 2.212 10.064 5
0.922 2.212 10.064 3
0.712 2.111 9.838 1
0.712 2.111 9.838 5
0.635 2.097 9.728 6
0.635 2.097 9.728 5
0.635 2.097 9.728 3
0.707 2.145 9.542 1
0.707 2.145 9.542 5
0.831 2.24 9.479 6
0.831 2.24 9.479 5
0.831 2.24 9.479 3
0.865 2.264 9.594 1
0.865 2.264 9.594 5
0.851 2.149 9.609 6
0.851 2.149 9.609 5
0.851 2.149 9.609 3
0.788 2.063 9.7 2
0.764 2.082 9.57 5
0.764 2.082 9.57 5
0.688 2.116 9.566 5
0.688 2.116 9.566 3
0.688 2.116 9.566 2
0.626 2.116 9.388 5
0.626 2.116 9.388 5
0.582 2.092 9.226 5
0.582 2.092 9.226 3
0.582 2.092 9.226 2
0.64 2.159 9.182 5
0.64 2.159 9.182 5
0.736 2.183 9.326 5
0.736 2.183 9.326 3
0.736 2.183 9.326 2
0.836 2.193 9.503 5
0.836 2.193 9.503 5
0.86 2.197 9.57 5
0.86 2.197 9.57 3
0.86 2.197 9.57 2
0.918 2.202 9.671 5
0.918 2.202 9.671 5
0.937 2.217 9.566 5
0.937 2.217 9.566 3
0.937 2.217 9.566 2
0.999 2.236 9.589 5
0.999 2.236 9.589 5
1.186 2.355 9.724 5
1.186 2.355 9.724 3
1.219 2.351 9.829 2
1.219 2.351 9.829 5
1.286 2.389 9.767 5
1.286 2.389 9.767 5
1.286 2.389 9.767 3
1.32 2.456 9.618 2
1.32 2.456 9.618 5
1.334 2.47 9.575 5
1.334 2.47 9.575 5
1.334 2.47 9.575 6
1.368 2.442 9.613 4
1.157 2.427 9.575 5
1.157 2.427 9.575 5
1.157 2.427 9.575 3
1.176 2.389 9.451 3
1.176 2.389 9.451 3
1.296 2.461 9.36 6
1.296 2.461 9.36 5
1.296 2.461 9.36 3
1.358 2.58 9.46 1
1.358 2.58 9.46 5
1.238 2.523 9.532 6
1.238 2.523 9.532 5
1.238 2.523 9.532 3
1.023 2.346 9.633 2
1.023 2.346 9.633 5
0.851 2.288 9.556 5
0.851 2.288 9.556 5
0.851 2.288 9.556 3
0.884 2.231 9.546 2
0.884 2.231 9.546 5
0.903 2.226 9.479 5
0.975 2.226 9.431 5
0.975 2.226 9.431 3
0.975 2.226 9.431 2
0.889 2.217 9.513 5
0.889 2.217 9.513 5
0.875 2.173 9.589 5
0.875 2.173 9.589 3
0.875 2.173 9.589 2
0.841 2.082 9.527 5
0.841 2.082 9.527 5
0.793 2.14 9.633 5
0.793 2.14 9.633 3
0.793 2.14 9.633 2
0.803 2.193 9.513 5
0.803 2.193 9.513 5
0.798 2.226 9.412 5
0.798 2.226 9.412 3
0.798 2.226 9.412 2
0.764 2.264 9.417 5
0.764 2.264 9.417 5
0.846 2.221 9.518 5
0.846 2.221 9.518 3
0.846 2.221 9.518 2
0.764 2.212 9.68 5
0.764 2.212 9.68 5
0.774 2.149 9.575 5
0.774 2.149 9.575 3
0.774 2.149 9.575 2
0.932 2.178 9.633 5
0.932 2.178 9.633 5
1.018 2.14 9.685 5
1.018 2.14 9.685 3
1.061 2.078 9.69 2
1.061 2.078 9.69 5
1.052 2.135 9.623 5
1.052 2.135 9.623 5
1.052 2.135 9.623 3
1.219 2.226 9.69 2
1.219 2.226 9.69 5
1.248 2.26 9.805 5
1.248 2.26 9.805 5
1.248 2.26 9.805 3
1.114 2.193 9.805 2
1.114 2.193 9.805 5
1.071 2.202 9.542 5
1.071 2.202 9.542 5
1.071 2.202 9.542 3
1.004 2.226 9.484 2
1.004 2.226 9.484 5
1.124 2.312 9.46 5
1.124 2.312 9.46 5
1.124 2.312 9.46 3
1.195 2.355 9.57 2
1.195 2.355 9.57 5
1.195 2.341 9.58 5
1.195 2.341 9.58 5
1.195 2.341 9.58 3
1.171 2.317 9.647 2
1.171 2.317 9.647 5
1.181 2.293 9.441 5
1.181 2.293 9.441 5
1.181 2.293 9.441 3
1.219 2.336 9.384 2
1.306 2.437 9.398 5
1.306 2.437 9.398 5
1.344 2.398 9.498 5
1.344 2.398 9.498 3
1.344 2.398 9.498 2
1.31 2.346 9.7 5
1.31 2.346 9.7 5
1.325 2.279 9.963 5
1.325 2.279 9.963 3
1.325 2.279 9.963 2
1.339 2.231 9.886 5
1.339 2.231 9.886 5
1.602 2.351 8.857 5
1.602 2.351 8.857 3
1.602 2.351 8.857 2
1.794 3.002 8.44 5
1.794 3.002 8.44 5
1.373 2.619 9.542 5
1.373 2.619 9.542 3
1.373 2.619 9.542 2
1.167 2.13 10.016 5
1.167 2.13 10.016 5
1.593 2.226 10.178 5
1.593 2.226 10.178 3
1.593 2.226 10.178 2
1.938 2.47 9.958 5
1.938 2.47 9.958 5
1.727 2.59 9.872 5
1.727 2.59 9.872 3
1.727 2.59 9.872 2
1.478 2.384 9.891 5
1.406 2.226 9.915 5
1.406 2.226 9.915 5
1.406 2.226 9.915 3
1.334 2.264 10.006 2
1.334 2.264 10.006 5
1.353 2.37 10.054 5
1.353 2.37 10.054 5
1.353 2.37 10.054 3
1.507 2.475 9.92 2
1.507 2.475 9.92 5
1.478 2.576 9.906 5
1.478 2.576 9.906 5
1.478 2.576 9.906 3
1.32 2.542 9.862 2
1.32 2.542 9.862 5
1.148 2.475 9.843 5
1.148 2.475 9.843 5
1.148 2.475 9.843 3
1.071 2.379 9.858 2
1.071 2.379 9.858 5
0.956 2.375 9.91 5
0.956 2.375 9.91 5
0.956 2.375 9.91 3
0.908 2.317 9.853 2
0.908 2.317 9.853 5
0.97 2.212 10.107 5
0.97 2.212 10.107 5
0.97 2.212 10.107 3
0.99 2.082 10.284 2
0.99 2.082 10.284 5
0.875 2.02 10.245 5
0.788 1.939 10.217 5
0.788 1.939 10.217 4
0.788 1.939 10.217 1
0.817 1.991 10.164 5
0.817 1.991 10.164 5
0.889 2.078 9.968 5
0.889 2.078 9.968 3
0.889 2.078 9.968 2
0.889 2.154 9.886 5
0.889 2.154 9.886 5
0.884 2.111 9.589 5
0.884 2.111 9.589 4
0.884 2.111 9.589 1
0.899 2.193 9.455 5
0.899 2.193 9.455 5
1.071 2.264 9.398 5
1.071 2.264 9.398 3
1.071 2.264 9.398 2
1.176 2.355 9.249 5
1.176 2.355 9.249 5
1.1 2.288 9.259 5
1.1 2.288 9.259 4
1.1 2.288 9.259 1
1.1 2.269 9.144 5
1.1 2.269 9.144 5
1.124 2.24 9.216 5
1.124 2.24 9.216 4
1.124 2.24 9.216 1
1.224 2.231 9.259 5
1.253 2.188 9.355 6
1.253 2.188 9.355 5
1.253 2.188 9.355 3
1.258 2.212 9.269 1
1.258 2.212 9.269 5
1.167 2.221 9.163 5
1.167 2.221 9.163 5
1.167 2.221 9.163 4
1.042 2.183 8.929 1
1.042 2.183 8.929 5
0.966 2.169 8.876 5
0.966 2.169 8.876 5
0.966 2.169 8.876 4
0.889 2.236 8.756 1
0.889 2.236 8.756 5
0.922 2.207 8.704 5
0.922 2.207 8.704 5
0.922 2.207 8.704 4
0.899 2.149 8.886 1
0.899 2.149 8.886 5
0.97 2.202 9.039 6
0.97 2.202 9.039 5
0.97 2.202 9.039 3
1.042 2.269 9.091 1
1.042 2.269 9.091 5
1.114 2.279 9.278 5
1.114 2.279 9.278 5
1.114 2.279 9.278 4
1.104 2.188 9.527 1
1.104 2.188 9.527 5
1.028 2.082 9.671 5
1.028 2.082 9.671 5
1.028 2.082 9.671 4
1.071 2.078 9.747 1
1.152 2.173 9.8 5
1.152 2.173 9.8 5
1.171 2.26 9.824 5
1.171 2.26 9.824 4
1.171 2.26 9.824 1
1.124 2.25 9.929 5
1.124 2.25 9.929 5
1.08 2.212 9.929 5
1.08 2.212 9.929 4
1.08 2.212 9.929 1
1.023 2.245 9.963 5
1.023 2.245 9.963 6

# Completed @Thu Mar 30 19:07:38 GMT+02:00 2017
