# Accelerometer Data File
# Started @Thu Mar 30 19:08:14 GMT+02:00 2017
#
#
# sensor Vendor: Invensense
# sensor Name: ICM20610 Acceleration Sensor
# sensor Resolution: 0.0011971008m/sec^2; Max Range: 39.2266; Min Delay: 5000 microseconds
# The sensor's attributes are the result hardware and the Android capabilities.
# It means that the Android may not utilize all features provided by the hardware.
#
# Some devices and Android versions save battery too much so the device may go to sleep.
# It just happens after couple of minutes from turning off the scree and it is easy to find it out.
#
# The following file provides the data from accelerometer in the m/s^2 format.
# The diff value is just a time delta between the samples
#
#
# data format:
# so we have 4 columns with values separated by the " "
# X Y Z time_from_previous_sample(ms)

# sensor speed set to:FASTEST
# units set to: m/sec^2
# gravity NOT filtered out
# Accuracy: HIGH
1.507 1.991 9.546 0
1.507 1.991 9.546 5
1.511 1.91 9.585 5
1.511 1.91 9.585 3
1.511 1.91 9.585 2
1.487 1.9 9.609 5
1.487 1.9 9.609 5
1.487 1.896 9.532 5
1.487 1.896 9.532 3
1.487 1.896 9.532 2
1.54 1.939 9.489 5
1.54 1.939 9.489 5
1.473 1.948 9.542 5
1.473 1.948 9.542 3
1.473 1.948 9.542 2
1.44 1.977 9.642 5
1.44 1.977 9.642 5
1.43 1.996 9.599 5
1.43 1.996 9.599 3
1.43 1.996 9.599 2
1.329 1.929 9.633 5
1.329 1.929 9.633 5
1.267 1.91 9.599 5
1.267 1.91 9.599 3
1.267 1.91 9.599 2
1.243 1.982 9.489 5
1.243 1.982 9.489 5
1.143 1.972 9.431 5
1.143 1.972 9.431 3
1.215 1.929 9.58 2
1.215 1.929 9.58 5
1.215 1.91 9.642 5
1.215 1.91 9.642 5
1.215 1.91 9.642 3
1.262 1.838 9.661 2
1.262 1.838 9.661 5
1.31 1.829 9.901 5
1.31 1.829 9.901 5
1.31 1.829 9.901 3
1.215 1.819 9.886 2
1.215 1.819 9.886 5
1.306 1.881 9.882 5
1.306 1.881 9.882 5
1.306 1.881 9.882 3
1.238 1.656 9.661 2
1.238 1.656 9.661 5
1.478 1.589 9.513 5
1.478 1.589 9.513 5
1.478 1.589 9.513 3
1.397 1.675 9.561 2
1.397 1.675 9.561 5
1.459 1.68 9.637 5
1.459 1.68 9.637 5
1.459 1.68 9.637 3
1.574 1.628 9.661 2
1.574 1.628 9.661 5
1.703 1.699 9.685 5
1.703 1.699 9.685 5
1.703 1.699 9.685 3
1.756 1.699 9.838 2
1.732 1.738 9.906 5
1.732 1.738 9.906 5
1.636 1.805 9.69 5
1.636 1.805 9.69 3
1.636 1.805 9.69 2
1.42 1.805 9.498 5
1.42 1.805 9.498 5
1.2 1.8 9.264 5
1.2 1.8 9.264 3
1.2 1.8 9.264 2
1.152 1.867 9.197 5
1.152 1.867 9.197 5
1.018 1.857 9.087 5
1.018 1.857 9.087 3
1.018 1.857 9.087 2
0.942 1.929 9.245 5
0.942 1.929 9.245 5
0.99 1.944 9.269 5
0.99 1.944 9.269 3
0.99 1.944 9.269 2
0.899 1.872 9.412 5
0.899 1.872 9.412 5
0.922 1.79 9.613 5
0.922 1.79 9.613 3
0.922 1.79 9.613 2
0.784 1.675 9.623 5
0.784 1.675 9.623 5
0.784 1.556 9.695 5
0.784 1.556 9.695 3
0.784 1.556 9.695 2
0.855 1.455 9.848 5
1.018 1.407 9.891 5
1.018 1.407 9.891 5
1.018 1.407 9.891 3
1.128 1.436 9.996 2
1.128 1.436 9.996 5
1.229 1.455 10.102 5
1.229 1.455 10.102 5
1.229 1.455 10.102 3
1.291 1.388 10.078 2
1.291 1.388 10.078 5
1.205 1.489 10.044 5
1.205 1.489 10.044 5
1.205 1.489 10.044 3
1.071 1.522 9.968 2
1.071 1.522 9.968 5
1.124 1.546 9.647 5
1.124 1.546 9.647 5
1.124 1.546 9.647 3
1.076 1.623 9.594 2
1.076 1.623 9.594 5
1.167 1.709 9.522 5
1.167 1.709 9.522 5
1.167 1.709 9.522 3
1.286 1.757 9.599 2
1.286 1.757 9.599 5
1.282 1.781 9.704 5
1.282 1.781 9.704 5
1.282 1.781 9.704 3
1.315 1.747 9.795 2
1.315 1.747 9.795 5
1.373 1.738 9.815 5
1.339 1.747 9.795 5
1.339 1.747 9.795 3
1.339 1.747 9.795 3
1.291 1.69 9.647 4
1.291 1.69 9.647 5
1.267 1.675 9.508 5
1.267 1.675 9.508 3
1.267 1.675 9.508 2
1.272 1.675 9.537 5
1.272 1.675 9.537 5
1.301 1.623 9.633 5
1.301 1.623 9.633 3
1.301 1.623 9.633 2
1.387 1.58 9.546 5
1.387 1.58 9.546 5
1.344 1.541 9.676 5
1.344 1.541 9.676 3
1.344 1.541 9.676 2
1.282 1.474 9.657 5
1.282 1.474 9.657 5
1.205 1.441 9.637 5
1.205 1.441 9.637 3
1.205 1.441 9.637 2
1.167 1.479 9.513 5
1.167 1.479 9.513 5
1.114 1.513 9.527 5
1.114 1.513 9.527 3
1.114 1.513 9.527 2
1.133 1.584 9.58 5
1.114 1.666 9.58 6
1.114 1.666 9.58 5
1.114 1.666 9.58 2
1.028 1.704 9.642 2
1.028 1.704 9.642 5
0.985 1.709 9.551 5
0.985 1.709 9.551 5
0.985 1.709 9.551 3
0.942 1.747 9.475 2
0.942 1.747 9.475 5
0.97 1.757 9.412 5
0.97 1.757 9.412 5
0.97 1.757 9.412 4
1.052 1.671 9.398 1
1.052 1.671 9.398 5
1.128 1.58 9.604 5
1.128 1.58 9.604 5
1.128 1.58 9.604 4
1.176 1.537 9.661 1
1.176 1.537 9.661 5
1.272 1.403 9.834 6
1.272 1.403 9.834 5
1.272 1.403 9.834 3
1.334 1.369 10.121 1
1.334 1.369 10.121 5
1.382 1.302 10.169 5
1.382 1.302 10.169 5
1.382 1.302 10.169 4
1.473 1.374 10.193 1
1.473 1.374 10.193 5
1.487 1.383 10.384 5
1.487 1.383 10.384 5
1.487 1.383 10.384 4
1.526 1.264 10.437 1
1.655 1.312 10.332 6
1.655 1.312 10.332 4
1.674 1.508 10.087 5
1.674 1.508 10.087 4
1.674 1.508 10.087 1
1.631 1.599 9.872 5
1.631 1.599 9.872 5
1.545 1.695 9.498 5
1.545 1.695 9.498 4
1.545 1.695 9.498 1
1.267 1.805 9.024 5
1.267 1.805 9.024 6
1.057 1.891 8.728 5
1.057 1.891 8.728 3
1.057 1.891 8.728 1
0.903 1.934 8.464 5
0.903 1.934 8.464 5
1.042 2.001 8.21 5
1.042 2.001 8.21 4
1.042 2.001 8.21 1
1.109 2.054 8.206 5
1.109 2.054 8.206 5
1.195 2.044 8.129 5
1.195 2.044 8.129 4
1.195 2.044 8.129 1
1.061 2.13 8.301 5
1.061 2.13 8.301 5
1.066 2.082 8.349 5
1.066 2.082 8.349 4
1.066 2.082 8.349 1
1.195 1.939 8.158 5
1.665 2.001 8.421 6
1.665 2.001 8.421 5
1.665 2.001 8.421 3
2.742 2.466 8.886 1
2.742 2.466 8.886 5
4.049 3.16 9.609 6
4.049 3.16 9.609 5
4.049 3.16 9.609 3
5.203 3.524 9.996 1
5.203 3.524 9.996 5
6.118 4.06 11.462 5
6.118 4.06 11.462 5
6.118 4.06 11.462 4
6.487 3.955 12.218 1
6.487 3.955 12.218 5
6.606 3.706 12.467 5
6.606 3.706 12.467 5
6.606 3.706 12.467 4
6.683 3.648 12.549 1
6.683 3.648 12.549 5
6.807 3.667 12.611 6
6.807 3.667 12.611 5
6.807 3.667 12.611 3
7.487 3.821 12.668 1
7.487 3.821 12.668 5
8.297 4.089 12.932 6
8.297 4.089 12.932 5
8.297 4.089 12.932 3
8.871 4.113 13.3 1
8.871 4.113 13.3 5
9.273 3.974 13.822 6
9.733 3.816 13.578 5
9.733 3.816 13.578 3
9.733 3.816 13.578 1
10.164 3.634 13.54 5
10.164 3.634 13.54 6
10.552 3.39 13.473 5
10.552 3.39 13.473 3
10.552 3.39 13.473 1
11.107 3.447 13.43 5
11.107 3.447 13.43 5
11.529 3.519 13.257 5
11.529 3.519 13.257 4
11.529 3.519 13.257 1
12.257 3.701 13.243 5
12.257 3.701 13.243 6
13.583 3.912 13.047 5
13.583 3.912 13.047 3
13.583 3.912 13.047 2
14.431 4.084 13.061 5
14.431 4.084 13.061 5
14.359 3.476 13.535 5
14.359 3.476 13.535 3
14.359 3.476 13.535 2
13.669 2.159 13.842 5
13.669 2.159 13.842 5
12.735 1.063 13.961 5
12.735 1.063 13.961 3
12.735 1.063 13.961 2
11.634 -0.201 13.626 5
11.634 -0.201 13.626 5
11.098 -1.082 13.071 5
11.098 -1.082 13.071 3
10.806 -1.474 12.094 2
10.806 -1.474 12.094 5
10.782 -1.666 11.716 5
10.782 -1.666 11.716 5
10.782 -1.666 11.716 3
10.887 -1.915 12.06 2
10.887 -1.915 12.06 5
10.715 -2.37 12.463 5
10.715 -2.37 12.463 5
10.715 -2.37 12.463 3
10.614 -2.959 12.415 2
10.614 -2.959 12.415 5
10.672 -3.366 12.391 5
10.672 -3.366 12.391 5
10.672 -3.366 12.391 3
10.863 -3.979 12.266 2
10.863 -3.979 12.266 5
10.873 -4.702 11.754 5
10.873 -4.702 11.754 5
10.873 -4.702 11.754 3
10.375 -5.339 12.008 2
10.375 -5.339 12.008 5
9.977 -6.205 11.854 5
9.977 -6.205 11.854 5
9.977 -6.205 11.854 3
9.068 -7.168 11.467 2
9.068 -7.168 11.467 5
7.846 -7.886 11.519 5
7.846 -7.886 11.519 5
7.846 -7.886 11.519 3
6.156 -8.987 11.079 2
5.309 -9.61 9.336 5
5.309 -9.61 9.336 5
3.925 -9.94 8.033 5
3.925 -9.94 8.033 3
3.925 -9.94 8.033 2
2.68 -10.587 7.234 5
2.68 -10.587 7.234 5
1.717 -10.783 6.726 5
1.717 -10.783 6.726 3
1.717 -10.783 6.726 2
1.028 -10.984 7.325 5
1.028 -10.984 7.325 5
-0.733 -11.228 7.937 5
-0.733 -11.228 7.937 3
-0.733 -11.228 7.937 2
-2.084 -11.607 9.46 5
-2.084 -11.607 9.46 5
-3.415 -12.138 10.906 5
-3.415 -12.138 10.906 3
-3.415 -12.138 10.906 2
-4.483 -12.32 11.778 5
-4.483 -12.32 11.778 5
-5.507 -11.985 12.97 5
-5.507 -11.985 12.97 3
-5.507 -11.985 12.97 2
-6.585 -11.755 13.3 5
-6.585 -11.755 13.3 5
-8.471 -11.511 13.248 5
-8.471 -11.511 13.248 3
-8.471 -11.511 13.248 2
-10.186 -11.19 12.218 5
-11.0 -10.146 10.739 5
-11.0 -10.146 10.739 5
-11.0 -10.146 10.739 3
-11.665 -9.27 9.082 2
-11.665 -9.27 9.082 5
-12.02 -8.465 7.416 5
-12.02 -8.465 7.416 5
-12.02 -8.465 7.416 4
-12.417 -7.671 6.558 1
-12.417 -7.671 6.558 5
-12.767 -6.928 6.4 5
-12.767 -6.928 6.4 5
-12.767 -6.928 6.4 3
-13.102 -5.932 6.07 2
-13.102 -5.932 6.07 5
-13.178 -4.74 6.127 5
-13.178 -4.74 6.127 5
-13.178 -4.74 6.127 3
-13.217 -3.466 5.974 2
-13.217 -3.466 5.974 5
-13.164 -2.489 5.859 5
-13.164 -2.489 5.859 5
-13.164 -2.489 5.859 3
-12.69 -1.637 5.591 2
-12.69 -1.637 5.591 5
-12.269 -0.914 5.606 5
-12.269 -0.914 5.606 5
-12.269 -0.914 5.606 3
-11.804 -0.603 5.759 2
-11.804 -0.603 5.759 5
-11.378 -0.756 5.874 5
-10.947 -1.13 5.965 5
-10.947 -1.13 5.965 3
-10.947 -1.13 5.965 2
-10.53 -1.561 5.969 5
-10.53 -1.561 5.969 5
-10.301 -2.188 6.084 5
-10.301 -2.188 6.084 3
-10.301 -2.188 6.084 2
-10.071 -3.27 6.554 5
-10.071 -3.27 6.554 5
-9.472 -4.18 7.559 5
-9.472 -4.18 7.559 3
-9.472 -4.18 7.559 2
-9.008 -4.247 9.005 5
-9.008 -4.247 9.005 5
-8.605 -4.094 10.207 5
-8.605 -4.094 10.207 3
-8.605 -4.094 10.207 2
-8.131 -3.888 10.815 5
-8.131 -3.888 10.815 5
-7.629 -3.591 11.107 5
-7.629 -3.591 11.107 3
-7.629 -3.591 11.107 2
-7.447 -3.538 11.055 5
-7.447 -3.538 11.055 5
-6.925 -3.744 10.408 5
-6.925 -3.744 10.408 3
-6.925 -3.744 10.408 2
-6.163 -3.825 9.192 5
-6.163 -3.825 9.192 5
-5.45 -4.371 8.488 5
-5.45 -4.371 8.488 4
-4.799 -5.008 8.541 1
-4.799 -5.008 8.541 5
-4.071 -5.602 9.149 5
-4.071 -5.602 9.149 5
-4.071 -5.602 9.149 4
-3.582 -6.272 9.891 1
-3.582 -6.272 9.891 5
-3.415 -7.134 10.48 5
-3.415 -7.134 10.48 5
-3.415 -7.134 10.48 4
-2.907 -8.092 10.906 1
-2.907 -8.092 10.906 5
-1.777 -8.757 11.16 5
-1.777 -8.757 11.16 5
-1.777 -8.757 11.16 4
-0.106 -8.959 11.524 1
-0.106 -8.959 11.524 5
2.086 -8.69 12.051 6
2.086 -8.69 12.051 5
2.086 -8.69 12.051 3
4.547 -8.121 11.859 1
4.547 -8.121 11.859 5
6.051 -7.216 11.103 5
6.051 -7.216 11.103 5
6.051 -7.216 11.103 4
6.606 -6.603 10.073 1
6.606 -6.603 10.073 5
6.29 -6.737 8.785 5
6.29 -6.737 8.785 5
6.29 -6.737 8.785 4
5.835 -7.307 7.55 1
5.787 -8.274 7.186 5
5.787 -8.274 7.186 5
6.056 -9.356 8.22 5
6.056 -9.356 8.22 4
6.056 -9.356 8.22 1
7.961 -9.777 8.948 5
7.961 -9.777 8.948 6
11.672 -8.599 8.704 5
11.672 -8.599 8.704 3
11.672 -8.599 8.704 1
13.789 -6.67 9.034 5
13.789 -6.67 9.034 5
14.019 -5.267 9.379 5
14.019 -5.267 9.379 4
14.019 -5.267 9.379 1
12.75 -5.243 10.547 5
12.75 -5.243 10.547 5
10.772 -5.884 12.266 5
10.772 -5.884 12.266 4
10.772 -5.884 12.266 1
8.728 -6.646 13.032 5
8.728 -6.646 13.032 5
7.784 -6.813 13.698 5
7.784 -6.813 13.698 4
7.784 -6.813 13.698 1
9.518 -6.497 13.43 5
9.518 -6.497 13.43 5
13.119 -4.189 12.984 5
13.119 -4.189 12.984 4
13.119 -4.189 12.984 1
16.279 -1.221 13.305 5
16.705 1.091 13.851 6
16.705 1.091 13.851 5
16.705 1.091 13.851 3
15.57 2.025 13.703 1
15.57 2.025 13.703 5
12.951 1.618 13.899 5
12.951 1.618 13.899 5
12.951 1.618 13.899 4
10.485 1.005 14.014 1
10.485 1.005 14.014 5
9.336 1.154 14.565 6
9.336 1.154 14.565 5
9.336 1.154 14.565 3
9.992 2.255 15.23 1
9.992 2.255 15.23 5
11.529 3.816 15.891 5
11.529 3.816 15.891 5
11.529 3.816 15.891 4
13.075 5.463 15.628 1
13.075 5.463 15.628 5
13.617 7.101 15.355 6
13.617 7.101 15.355 5
13.617 7.101 15.355 3
12.98 8.044 15.479 1
12.98 8.044 15.479 5
11.926 7.977 15.752 6
11.926 7.977 15.752 5
11.926 7.977 15.752 3
10.978 7.958 15.968 1
10.978 7.958 15.968 5
9.886 7.776 16.068 5
9.886 7.776 16.068 5
9.886 7.776 16.068 4
8.943 6.995 15.34 1
7.856 6.287 14.785 5
7.856 6.287 14.785 6
7.329 5.861 14.459 5
7.329 5.861 14.459 3
7.329 5.861 14.459 1
7.143 5.568 14.493 5
7.143 5.568 14.493 6
6.846 5.118 14.569 5
6.846 5.118 14.569 3
6.846 5.118 14.569 1
6.19 4.448 14.469 5
6.19 4.448 14.469 6
5.385 3.706 13.842 5
5.385 3.706 13.842 3
5.385 3.706 13.842 1
4.667 3.031 12.97 5
4.667 3.031 12.97 6
3.891 2.576 12.089 5
3.891 2.576 12.089 3
3.891 2.576 12.089 1
3.144 2.207 11.342 5
3.144 2.207 11.342 6
2.507 1.766 10.834 5
2.507 1.766 10.834 3
2.507 1.766 10.834 1
1.985 1.45 10.327 5
1.985 1.45 10.327 6
1.602 1.149 9.709 5
1.602 1.149 9.709 3
1.602 1.149 9.709 1
1.583 1.086 9.379 6
1.689 1.139 9.269 5
1.689 1.139 9.269 5
1.689 1.139 9.269 3
1.684 1.163 9.403 2
1.684 1.163 9.403 5
1.904 0.986 9.537 5
1.904 0.986 9.537 5
1.904 0.986 9.537 3
1.971 0.881 9.953 2
1.971 0.881 9.953 5
1.665 0.785 10.03 5
1.665 0.785 10.03 5
1.665 0.785 10.03 3
1.272 0.536 9.518 2
1.272 0.536 9.518 5
0.774 0.43 8.953 5
0.774 0.43 8.953 5
0.774 0.43 8.953 3
0.434 0.454 8.402 2
0.434 0.454 8.402 5
0.257 0.55 8.091 5
0.257 0.55 8.091 5
0.257 0.55 8.091 3
0.3 0.703 7.933 2
0.3 0.703 7.933 5
0.247 0.876 7.789 5
0.247 0.876 7.789 5
0.247 0.876 7.789 3
0.496 1.077 7.688 2
0.496 1.077 7.688 5
0.539 1.182 8.139 5
0.573 1.154 8.622 5
0.573 1.154 8.622 3
0.573 1.154 8.622 2
0.458 1.048 8.795 5
0.458 1.048 8.795 5
0.18 0.991 8.799 5
0.18 0.991 8.799 3
0.18 0.991 8.799 2
-0.02 1.015 8.737 5
-0.02 1.015 8.737 5
-0.168 1.077 8.665 5
-0.168 1.077 8.665 3
-0.168 1.077 8.665 2
-0.278 1.345 8.56 5
-0.278 1.345 8.56 5
0.089 1.656 8.713 5
0.089 1.656 8.713 3
0.089 1.656 8.713 2
0.185 1.857 8.823 5
0.185 1.857 8.823 5
0.199 1.896 8.555 5
0.199 1.896 8.555 3
0.199 1.896 8.555 2
0.017 1.958 8.1 5
0.017 1.958 8.1 5
-0.068 2.183 7.722 5
-0.068 2.183 7.722 3
-0.068 2.183 7.722 2
-0.173 2.37 7.698 5
-0.173 2.37 7.698 5
-0.14 2.489 7.77 5
-0.14 2.489 7.77 3
-0.226 2.571 7.89 2
-0.226 2.571 7.89 5
-0.154 2.667 8.086 5
-0.154 2.667 8.086 5
-0.154 2.667 8.086 3
-0.077 2.758 8.268 2
-0.077 2.758 8.268 5
0.137 2.887 8.459 5
0.137 2.887 8.459 5
0.137 2.887 8.459 3
0.343 3.026 8.359 2
0.343 3.026 8.359 5
0.429 3.227 8.464 5
0.429 3.227 8.464 5
0.429 3.227 8.464 3
0.482 3.323 8.349 2
0.482 3.323 8.349 5
0.659 3.351 8.474 5
0.659 3.351 8.474 5
0.659 3.351 8.474 3
0.755 3.251 8.771 2
0.755 3.251 8.771 5
1.023 3.189 9.077 5
1.023 3.189 9.077 5
1.023 3.189 9.077 3
1.119 3.131 9.235 2
1.119 3.131 9.235 5
1.238 3.15 9.297 5
1.238 3.15 9.297 5
1.238 3.15 9.297 3
1.358 3.174 9.436 2
1.535 3.222 9.408 5
1.535 3.222 9.408 5
1.708 3.165 9.259 5
1.708 3.165 9.259 3
1.708 3.165 9.259 2
1.823 3.26 9.168 5
1.823 3.26 9.168 5
2.086 3.423 9.245 5
2.086 3.423 9.245 3
2.086 3.423 9.245 2
2.349 3.524 9.317 5
2.349 3.524 9.317 5
2.44 3.519 9.455 5
2.44 3.519 9.455 4
2.44 3.519 9.455 1
2.45 3.452 9.455 5
2.45 3.452 9.455 5
2.369 3.404 9.479 5
2.369 3.404 9.479 3
2.369 3.404 9.479 2
2.316 3.418 9.355 5
2.316 3.418 9.355 5
2.359 3.418 9.154 5
2.359 3.418 9.154 3
2.359 3.418 9.154 2
2.22 3.462 9.144 5
2.22 3.462 9.144 5
2.148 3.5 9.144 5
2.148 3.5 9.144 3
2.148 3.5 9.144 2
2.278 3.524 9.23 5
2.402 3.505 9.144 5
2.402 3.505 9.144 5
2.402 3.505 9.144 3
2.33 3.586 9.029 2
2.33 3.586 9.029 5
2.278 3.586 8.919 5
2.278 3.586 8.919 5
2.278 3.586 8.919 3
2.354 3.576 8.728 2
2.354 3.576 8.728 5
2.369 3.629 8.675 5
2.369 3.629 8.675 5
2.369 3.629 8.675 4
2.426 3.624 8.89 1
2.426 3.624 8.89 5
2.278 3.567 8.953 5
2.278 3.567 8.953 5
2.278 3.567 8.953 4
2.234 3.529 8.919 1
2.234 3.529 8.919 5
2.12 3.5 8.833 5
2.12 3.5 8.833 5
2.12 3.5 8.833 4
1.971 3.505 8.737 1
1.971 3.505 8.737 5
1.962 3.495 8.646 5
1.962 3.495 8.646 5
1.962 3.495 8.646 4
2.211 3.62 8.857 1
2.211 3.62 8.857 5
2.364 3.701 8.986 5
2.488 3.778 9.024 5
2.488 3.778 9.024 4
2.488 3.778 9.024 1
2.551 3.744 8.967 5
2.551 3.744 8.967 6
2.598 3.711 8.914 5
2.598 3.711 8.914 3
2.598 3.711 8.914 1
2.613 3.744 8.986 5
2.613 3.744 8.986 5
2.536 3.792 8.957 5
2.536 3.792 8.957 4
2.536 3.792 8.957 1
2.431 3.754 8.866 5
2.431 3.754 8.866 5
2.316 3.658 8.91 5
2.316 3.658 8.91 4
2.316 3.658 8.91 1
2.239 3.634 8.938 5
2.239 3.634 8.938 5
2.244 3.61 8.814 5
2.244 3.61 8.814 4
2.244 3.61 8.814 1
2.316 3.552 8.977 5
2.316 3.552 8.977 6
2.536 3.49 8.282 5
2.536 3.49 8.282 3
2.536 3.49 8.282 1
2.699 3.974 7.617 5
2.699 3.974 7.617 5
2.522 3.806 7.981 5
2.522 3.806 7.981 4
2.297 3.289 8.335 1
2.297 3.289 8.335 5
2.014 2.863 9.034 5
2.014 2.863 9.034 5
2.014 2.863 9.034 4
2.038 2.796 9.522 1
2.038 2.796 9.522 5
2.22 2.983 9.834 5
2.22 2.983 9.834 5
2.22 2.983 9.834 4
2.756 3.342 9.973 1
2.756 3.342 9.973 5
3.479 3.825 9.427 5
3.479 3.825 9.427 5
3.479 3.825 9.427 4
3.288 3.667 8.905 1
3.288 3.667 8.905 5
3.02 3.605 8.718 6
3.02 3.605 8.718 5
3.02 3.605 8.718 3
2.838 3.495 8.929 1
2.838 3.495 8.929 5
2.704 3.361 9.168 5
2.704 3.361 9.168 5
2.704 3.361 9.168 4
2.661 3.347 9.192 1
2.661 3.347 9.192 5
2.646 3.318 9.302 6
2.646 3.318 9.302 5
2.646 3.318 9.302 3
2.656 3.303 9.412 1
2.56 3.251 9.446 5
2.56 3.251 9.446 5
2.479 3.169 9.307 5
2.479 3.169 9.307 4
2.479 3.169 9.307 1
2.349 3.141 9.235 5
2.349 3.141 9.235 6
2.335 3.227 9.317 5
2.335 3.227 9.317 3
2.335 3.227 9.317 1
2.354 3.246 9.245 5
2.354 3.246 9.245 6
2.354 3.198 9.293 5
2.354 3.198 9.293 3
2.354 3.198 9.293 1
2.306 3.169 9.249 5
2.306 3.169 9.249 5
2.206 3.165 9.168 5
2.206 3.165 9.168 4
2.206 3.165 9.168 1
2.206 3.126 9.101 5
2.206 3.126 9.101 6
2.359 3.093 9.259 5
2.359 3.093 9.259 3
2.359 3.093 9.259 1
2.483 3.088 9.364 5
2.483 3.088 9.364 6
2.402 3.04 9.288 5
2.402 3.04 9.288 3
2.402 3.04 9.288 1
2.225 2.93 9.202 5
2.134 2.863 9.139 6
2.134 2.863 9.139 5
2.134 2.863 9.139 3
2.196 2.868 9.235 1
2.196 2.868 9.235 5
2.211 2.964 9.163 6
2.211 2.964 9.163 5
2.211 2.964 9.163 3
2.105 2.954 9.115 1
2.105 2.954 9.115 6
2.067 2.887 9.072 5
2.067 2.887 9.072 5
2.067 2.887 9.072 3
2.201 2.911 9.173 2
2.201 2.911 9.173 5
2.187 3.069 9.077 5
2.187 3.069 9.077 5
2.187 3.069 9.077 3
2.292 3.088 8.924 2
2.292 3.088 8.924 5
2.426 3.045 8.943 5
2.426 3.045 8.943 5
2.426 3.045 8.943 3
2.34 3.035 9.149 2
2.34 3.035 9.149 5
2.201 3.035 9.182 5
2.201 3.035 9.182 5
2.201 3.035 9.182 3
2.024 3.007 9.001 2
2.024 3.007 9.001 5
1.976 3.007 8.823 5
1.995 3.126 8.761 5
1.995 3.126 8.761 3
1.995 3.126 8.761 2
2.014 3.174 8.723 5
2.014 3.174 8.723 5
1.995 3.184 8.675 5
1.995 3.184 8.675 3
1.995 3.184 8.675 2
1.933 3.088 8.828 5
1.933 3.088 8.828 5
2.009 3.093 8.977 5
2.009 3.093 8.977 3
2.009 3.093 8.977 2
2.273 3.102 9.264 5
2.273 3.102 9.264 5
2.416 3.098 9.7 5
2.416 3.098 9.7 3
2.416 3.098 9.7 2
2.551 3.05 9.791 5
2.551 3.05 9.791 5
2.536 3.021 9.891 5
2.536 3.021 9.891 3
2.536 3.021 9.891 2
2.373 2.978 9.566 5
2.373 2.978 9.566 5
2.201 3.026 9.465 5
2.201 3.026 9.465 3
2.201 3.026 9.465 2
2.177 2.987 9.211 5
2.177 2.987 9.211 5
2.148 2.983 8.977 5
2.148 2.983 8.977 3
2.153 3.031 8.929 2
2.153 3.031 8.929 5
2.206 3.083 9.077 5
2.206 3.083 9.077 5
2.206 3.083 9.077 3
2.244 3.064 9.202 2
2.244 3.064 9.202 5
2.292 3.04 9.345 5
2.292 3.04 9.345 5
2.292 3.04 9.345 3
2.316 3.026 9.364 2
2.316 3.026 9.364 5
2.239 3.035 9.288 5
2.239 3.035 9.288 5
2.239 3.035 9.288 3
2.148 3.059 9.096 2
2.148 3.059 9.096 5
2.038 3.059 9.015 5
2.038 3.059 9.015 5
2.038 3.059 9.015 3
2.038 3.026 8.752 2
2.038 3.026 8.752 5
1.966 3.093 8.632 5
1.966 3.093 8.632 5
1.966 3.093 8.632 3
1.918 3.078 8.723 2
1.918 3.078 8.723 5
1.99 3.035 8.857 5
1.99 3.035 8.857 5
1.99 3.035 8.857 3
2.096 2.973 9.115 2
2.096 2.973 9.115 5
2.297 2.964 9.585 5
2.282 2.959 9.623 5
2.282 2.959 9.623 3
2.282 2.959 9.623 2
2.211 2.93 9.613 5
2.211 2.93 9.613 5
2.191 2.949 9.561 5
2.191 2.949 9.561 3
2.191 2.949 9.561 2
2.23 2.968 9.441 5
2.23 2.968 9.441 5
2.211 3.064 9.345 5
2.211 3.064 9.345 3
2.211 3.064 9.345 2
2.12 3.059 9.226 5
2.12 3.059 9.226 5
2.048 3.011 9.163 5
2.048 3.011 9.163 3
2.048 3.011 9.163 2
1.976 3.026 9.125 5
1.976 3.026 9.125 5
1.942 2.997 9.163 5
1.942 2.997 9.163 3
1.942 2.997 9.163 2
1.971 2.964 9.206 5
1.971 2.964 9.206 5
2.086 2.973 9.264 5
2.086 2.973 9.264 3
2.086 2.973 9.264 2
2.163 3.002 9.34 5
2.163 3.002 9.34 5
2.239 2.987 9.24 5
2.239 2.987 9.24 3
2.278 2.964 9.379 2
2.278 2.964 9.379 5
2.23 2.959 9.427 5
2.23 2.959 9.427 5
2.23 2.959 9.427 3
2.211 2.968 9.345 2
2.211 2.968 9.345 5
2.182 2.968 9.235 5
2.182 2.968 9.235 5
2.182 2.968 9.235 3
2.1 2.954 9.192 2
2.1 2.954 9.192 5
2.096 2.949 9.206 5
2.096 2.949 9.206 5
2.096 2.949 9.206 4
2.005 2.968 9.226 1
2.005 2.968 9.226 5
1.99 2.94 9.12 5
1.99 2.94 9.12 5
1.99 2.94 9.12 4
1.957 2.911 9.044 1
1.957 2.911 9.044 5
1.995 2.935 9.13 5
1.995 2.935 9.13 5
1.995 2.935 9.13 4
1.981 2.949 9.13 1
1.981 2.949 9.13 5
2.062 2.978 9.144 6
2.062 2.978 9.144 5
2.062 2.978 9.144 3
2.072 2.973 9.12 1
2.076 2.997 9.154 5
2.076 2.997 9.154 5
2.067 3.055 9.173 5
2.067 3.055 9.173 4
2.067 3.055 9.173 1
2.076 2.964 9.34 5
2.076 2.964 9.34 5
2.081 2.887 9.436 5
2.081 2.887 9.436 4
2.081 2.887 9.436 1
2.072 2.844 9.475 5
2.072 2.844 9.475 5
2.076 2.815 9.422 5
2.076 2.815 9.422 4
2.076 2.815 9.422 1
2.081 2.834 9.249 5
2.081 2.834 9.249 5
2.081 2.92 9.283 5
2.081 2.92 9.283 4
2.081 2.92 9.283 1
2.062 2.906 9.293 5
2.062 2.906 9.293 6
1.813 2.882 9.355 5
1.813 2.882 9.355 3
1.813 2.882 9.355 1
1.818 2.882 9.226 5
1.818 2.882 9.226 5
1.866 2.906 9.106 5
1.866 2.906 9.106 4
1.866 2.906 9.106 1
1.99 2.983 9.187 5
2.187 3.078 9.23 5
2.187 3.078 9.23 5
2.187 3.078 9.23 4
2.239 3.078 9.23 1
2.239 3.078 9.23 5
2.211 3.078 9.149 5
2.211 3.078 9.149 5
2.211 3.078 9.149 4
2.148 3.069 9.135 1
2.148 3.069 9.135 5
2.225 3.035 9.044 6
2.225 3.035 9.044 5
2.225 3.035 9.044 3
2.273 3.141 9.058 1
2.273 3.141 9.058 5
2.254 3.131 9.149 5
2.254 3.131 9.149 5
2.254 3.131 9.149 4
2.206 3.107 9.182 1
2.206 3.107 9.182 5
2.191 3.007 9.336 5
2.191 3.007 9.336 5
2.191 3.007 9.336 4
2.158 3.011 9.297 1
2.158 3.011 9.297 5
2.158 3.007 9.187 5
2.158 3.007 9.187 5
2.158 3.007 9.187 4
2.187 3.031 9.039 1
2.187 3.031 9.039 5
2.325 3.083 9.111 5
2.302 3.026 9.154 5
2.302 3.026 9.154 4
2.302 3.026 9.154 1
2.196 2.992 9.034 5
2.196 2.992 9.034 6
2.134 2.944 8.981 5
2.134 2.944 8.981 3
2.134 2.944 8.981 1
2.144 2.959 9.159 5
2.144 2.959 9.159 5
2.172 2.93 9.206 5
2.172 2.93 9.206 4
2.172 2.93 9.206 1
2.187 2.853 8.953 5
2.187 2.853 8.953 6
2.215 2.738 8.876 5
2.215 2.738 8.876 3
2.215 2.738 8.876 1
2.086 2.676 8.842 5
2.086 2.676 8.842 5
2.096 2.705 8.876 5
2.096 2.705 8.876 4
2.096 2.705 8.876 1
2.254 2.738 9.01 5
2.254 2.738 9.01 6
2.278 2.791 9.221 5
2.278 2.791 9.221 3
2.278 2.791 9.221 1
2.316 2.858 9.259 5
2.316 2.858 9.259 6
2.278 2.901 9.159 5
2.278 2.901 9.159 3
2.153 2.978 9.068 1
2.153 2.978 9.068 5
2.1 3.007 8.871 5
2.1 3.007 8.871 5
2.1 3.007 8.871 4
2.234 2.968 8.292 1
2.234 2.968 8.292 5
2.124 3.265 8.311 6
2.124 3.265 8.311 5
2.124 3.265 8.311 3
2.139 3.246 8.723 1
2.139 3.246 8.723 5
2.139 3.035 9.068 6
2.139 3.035 9.068 5
2.139 3.035 9.068 3
2.211 2.978 9.503 2
2.211 2.978 9.503 4
2.196 2.925 9.867 6
2.196 2.925 9.867 5
2.196 2.925 9.867 3
2.316 2.887 10.083 1
2.316 2.887 10.083 6
2.555 2.978 10.174 5
2.555 2.978 10.174 5
2.555 2.978 10.174 3
2.871 3.074 9.695 2
2.871 3.074 9.695 5
2.632 3.189 9.46 5
2.632 3.189 9.46 5
2.632 3.189 9.46 3
2.594 3.141 9.532 2
2.68 2.964 9.968 5
2.68 2.964 9.968 5
2.632 2.954 10.183 5
2.632 2.954 10.183 3
2.632 2.954 10.183 2
2.555 2.959 10.174 5
2.555 2.959 10.174 5
2.234 2.466 10.241 5
2.234 2.466 10.241 3
2.234 2.466 10.241 2
2.129 2.782 10.011 5
2.129 2.782 10.011 5
2.105 2.786 9.671 5
2.105 2.786 9.671 3
2.105 2.786 9.671 2
2.115 2.887 9.446 5
2.115 2.887 9.446 5
2.191 2.973 9.192 5
2.191 2.973 9.192 3
2.191 2.973 9.192 2
2.148 3.069 9.13 5
2.148 3.069 9.13 5
2.048 3.05 9.096 5
2.048 3.05 9.096 3
2.048 3.05 9.096 2
1.899 2.916 9.178 5
1.899 2.916 9.178 5
1.861 2.877 9.197 5
1.861 2.877 9.197 3
1.861 2.877 9.197 2
1.775 2.801 9.321 5
1.799 2.762 9.264 5
1.799 2.762 9.264 5
1.799 2.762 9.264 3
1.804 2.777 9.23 2
1.804 2.777 9.23 5
1.918 2.758 9.23 5
1.918 2.758 9.23 5
1.918 2.758 9.23 3
2.024 2.738 9.293 2
2.024 2.738 9.293 5
2.096 2.676 9.513 5
2.096 2.676 9.513 5
2.096 2.676 9.513 3
2.144 2.662 9.518 2
2.144 2.662 9.518 5
1.957 2.657 9.412 5
1.957 2.657 9.412 5
1.957 2.657 9.412 3
2.005 2.719 9.216 2
2.005 2.719 9.216 5
1.933 2.758 9.13 5
1.933 2.758 9.13 5
1.933 2.758 9.13 3
1.981 2.868 9.091 2
1.981 2.868 9.091 5
1.89 2.892 8.981 5
1.89 2.892 8.981 5
1.89 2.892 8.981 3
1.861 2.868 9.01 2
1.861 2.868 9.01 5
1.88 2.825 9.077 5
1.861 2.801 9.211 5
1.861 2.801 9.211 3
1.861 2.801 9.211 2
1.861 2.777 9.441 5
1.861 2.777 9.441 5
1.775 2.782 9.628 5
1.775 2.782 9.628 3
1.775 2.782 9.628 2
1.679 2.715 9.498 5
1.679 2.715 9.498 5
1.708 2.676 9.288 5
1.708 2.676 9.288 3
1.708 2.676 9.288 2
1.689 2.576 9.144 5
1.689 2.576 9.144 5
1.717 2.633 9.139 5
1.717 2.633 9.139 3
1.717 2.633 9.139 2

# Completed @Thu Mar 30 19:08:18 GMT+02:00 2017
