# Accelerometer Data File
# Started @Sun Mar 26 22:20:13 GMT+02:00 2017
#
#
# sensor Vendor: Invensense
# sensor Name: ICM20610 Acceleration Sensor
# sensor Resolution: 0.0011971008m/sec^2; Max Range: 39.2266; Min Delay: 5000 microseconds
# The sensor's attributes are the result hardware and the Android capabilities.
# It means that the Android may not utilize all features provided by the hardware.
#
# Some devices and Android versions save battery too much so the device may go to sleep.
# It just happens after couple of minutes from turning off the scree and it is easy to find it out.
#
# The following file provides the data from accelerometer in the m/s^2 format.
# The diff value is just a time delta between the samples
#
#
# data format:
# so we have 4 columns with values separated by the " "
# X Y Z time_from_previous_sample(ms)

# sensor speed set to:FASTEST
# units set to: m/sec^2
# gravity NOT filtered out
# Accuracy: HIGH
1.167 6.239 7.392 0
1.167 6.239 7.392 4
1.124 6.229 7.334 5
1.124 6.229 7.334 5
1.124 6.229 7.334 4
1.138 6.253 7.325 1
1.138 6.253 7.325 5
1.157 6.215 7.363 5
1.157 6.215 7.363 5
1.157 6.215 7.363 3
1.104 6.22 7.377 2
1.104 6.22 7.377 5
1.205 6.253 7.444 5
1.21 6.244 7.535 5
1.21 6.244 7.535 3
1.21 6.244 7.535 2
1.181 6.234 7.497 5
1.181 6.234 7.497 5
1.119 6.234 7.416 5
1.119 6.234 7.416 4
1.119 6.234 7.416 1
1.076 6.258 7.291 5
1.076 6.258 7.291 5
1.1 6.248 7.248 5
1.1 6.248 7.248 3
1.1 6.248 7.248 2
1.128 6.234 7.483 5
1.128 6.234 7.483 5
1.09 6.196 7.406 5
1.09 6.196 7.406 3
1.09 6.196 7.406 2
1.018 6.162 7.435 5
1.018 6.162 7.435 5
0.942 6.191 7.296 5
0.942 6.191 7.296 4
0.899 6.162 7.301 6
0.899 6.162 7.301 5
0.908 6.148 7.291 5
0.908 6.148 7.291 3
0.908 6.148 7.291 2
0.942 6.1 7.43 5
0.942 6.1 7.43 5
1.042 6.114 7.521 5
1.042 6.114 7.521 4
1.071 6.129 7.607 1
1.071 6.129 7.607 5
1.028 6.11 7.665 5
1.028 6.11 7.665 5
1.028 6.11 7.665 4
0.98 6.133 7.66 1
0.98 6.133 7.66 5
0.927 6.157 7.54 5
0.927 6.157 7.54 5
0.927 6.157 7.54 3
0.827 6.181 7.468 2
0.827 6.181 7.468 5
0.855 6.239 7.516 5
0.855 6.239 7.516 5
0.855 6.239 7.516 3
0.884 6.148 7.66 2
0.884 6.148 7.66 5
0.899 6.148 7.846 5
0.899 6.148 7.846 5
0.899 6.148 7.846 4
0.726 6.038 8.009 1
0.726 6.038 8.009 5
0.808 6.1 8.153 5
0.808 6.1 8.153 5
0.808 6.1 8.153 3
0.817 6.119 8.244 2
0.817 6.119 8.244 5
0.918 6.253 8.143 5
0.918 6.253 8.143 5
0.918 6.253 8.143 4
0.956 6.315 8.158 1
0.956 6.315 8.158 5
1.085 6.502 8.095 5
1.2 6.464 8.277 5
1.2 6.464 8.277 4
1.248 6.392 8.483 6
1.248 6.392 8.483 5
1.205 6.478 8.459 5
1.205 6.478 8.459 4
1.205 6.478 8.459 1
1.186 6.502 8.488 5
1.186 6.502 8.488 5
1.334 6.593 8.287 5
1.334 6.593 8.287 4
1.334 6.593 8.287 1
1.234 6.545 8.239 5
1.234 6.545 8.239 5
1.2 6.464 8.273 5
1.2 6.464 8.273 4
1.2 6.464 8.273 1
1.205 6.402 8.258 5
1.205 6.402 8.258 5
1.143 6.306 8.206 5
1.143 6.306 8.206 4
1.143 6.306 8.206 1
1.143 6.277 8.129 5
1.143 6.277 8.129 5
1.167 6.33 7.976 5
1.167 6.33 7.976 4
1.167 6.33 7.976 1
1.138 6.296 7.832 5
1.138 6.296 7.832 5
1.167 6.229 7.803 5
1.167 6.229 7.803 4
1.071 6.167 7.693 1
1.071 6.167 7.693 5
0.875 6.071 7.564 5
0.875 6.071 7.564 5
0.875 6.071 7.564 4
0.75 5.971 7.468 1
0.75 5.971 7.468 5
0.707 5.947 7.387 5
0.707 5.947 7.387 5
0.707 5.947 7.387 4
0.63 5.88 7.392 1
0.63 5.88 7.392 5
0.669 5.884 7.377 5
0.669 5.884 7.377 5
0.669 5.884 7.377 4
0.64 5.846 7.353 2
0.64 5.846 7.353 4
0.65 5.851 7.377 5
0.65 5.851 7.377 5
0.65 5.851 7.377 4
0.611 5.837 7.42 1
0.611 5.837 7.42 5
0.53 5.755 7.473 5
0.53 5.755 7.473 5
0.53 5.755 7.473 4
0.482 5.707 7.478 1
0.482 5.707 7.478 5
0.578 5.659 7.607 5
0.578 5.659 7.607 5
0.578 5.659 7.607 4
0.578 5.707 7.631 2
0.578 5.707 7.631 4
0.525 5.688 7.545 5
0.367 5.664 7.416 5
0.367 5.664 7.416 4
0.367 5.664 7.416 1
0.243 5.578 7.516 5
0.243 5.578 7.516 5
0.147 5.616 7.554 5
0.147 5.616 7.554 4
0.147 5.616 7.554 1
0.262 5.597 7.597 5
0.262 5.597 7.597 5
0.271 5.626 7.736 5
0.271 5.626 7.736 4
0.271 5.626 7.736 1
0.243 5.631 7.631 5
0.243 5.631 7.631 5
0.377 5.698 7.602 5
0.377 5.698 7.602 4
0.377 5.698 7.602 2
0.463 5.698 7.722 5
0.463 5.698 7.722 4
0.487 5.736 7.736 5
0.487 5.736 7.736 4
0.487 5.736 7.736 1
0.468 5.707 7.823 5
0.468 5.707 7.823 5
0.391 5.688 7.818 5
0.391 5.688 7.818 5
0.391 5.688 7.818 1
0.319 5.683 7.856 4
0.319 5.683 7.856 5
0.295 5.683 7.76 5
0.295 5.683 7.76 4
0.333 5.707 7.837 1
0.333 5.707 7.837 5
0.348 5.798 7.827 5
0.348 5.798 7.827 5
0.348 5.798 7.827 4
0.305 5.832 7.775 2
0.305 5.832 7.775 5
0.238 5.846 7.636 5
0.238 5.846 7.636 5
0.238 5.846 7.636 3
0.243 5.904 7.492 2
0.243 5.904 7.492 5
0.396 5.942 7.55 5
0.396 5.942 7.55 5
0.396 5.942 7.55 3
0.544 5.956 7.717 2
0.544 5.956 7.717 5
0.741 5.98 7.89 5
0.741 5.98 7.89 5
0.741 5.98 7.89 3
0.98 6.019 8.086 2
0.98 6.019 8.086 5
0.927 6.086 7.937 5
0.927 6.086 7.937 5
0.927 6.086 7.937 3
0.841 6.09 7.789 2
0.841 6.09 7.789 5
0.788 6.143 7.607 5
0.788 6.143 7.607 5
0.788 6.143 7.607 3
0.726 6.153 7.564 2
0.726 6.153 7.564 5
0.645 6.114 7.492 5
0.597 6.114 7.502 5
0.597 6.114 7.502 3
0.597 6.114 7.502 2
0.645 6.076 7.55 5
0.645 6.076 7.55 5
0.664 6.124 7.459 5
0.664 6.124 7.459 4
0.664 6.124 7.459 1
0.755 6.133 7.43 5
0.755 6.133 7.43 5
0.822 6.143 7.497 5
0.822 6.143 7.497 3
0.822 6.143 7.497 2
0.966 6.157 7.617 5
0.966 6.157 7.617 5
0.966 6.11 7.736 5
0.966 6.11 7.736 4
0.966 6.11 7.736 1
1.009 6.095 7.679 5
1.009 6.095 7.679 5
0.937 6.11 7.65 5
0.937 6.11 7.65 4
0.937 6.11 7.65 1
0.946 6.167 7.468 5
0.946 6.167 7.468 5
0.851 6.224 7.296 5
0.851 6.224 7.296 3
0.851 6.224 7.296 2
0.827 6.181 7.205 5
0.827 6.181 7.205 5
0.937 6.224 7.32 5
0.937 6.224 7.32 3
0.985 6.177 7.368 2
0.985 6.177 7.368 5
1.176 6.248 7.377 5
1.176 6.248 7.377 5
1.176 6.248 7.377 4
1.181 6.306 7.162 1
1.181 6.306 7.162 5
1.052 6.234 7.21 5
1.052 6.234 7.21 5
1.052 6.234 7.21 3
0.937 6.172 7.195 2
0.937 6.172 7.195 5
0.769 6.066 7.229 5
0.769 6.066 7.229 5
0.769 6.066 7.229 3
0.654 5.971 7.138 2
0.654 5.971 7.138 5
0.559 5.884 7.368 5
0.559 5.884 7.368 5
0.559 5.884 7.368 4
0.41 5.712 7.08 1
0.41 5.712 7.08 5
0.381 5.928 7.128 5
0.381 5.928 7.128 5
0.381 5.928 7.128 3
0.348 5.717 7.372 2
0.348 5.717 7.372 5
0.434 5.688 7.511 5
0.42 5.726 7.31 5
0.42 5.726 7.31 4
0.42 5.726 7.31 1
0.42 5.726 7.31 5
0.362 5.75 7.382 5
0.42 5.731 7.334 5
0.42 5.731 7.334 4
0.42 5.731 7.334 1
0.314 5.765 7.344 5
0.314 5.765 7.344 5
0.319 5.722 7.454 5
0.319 5.722 7.454 3
0.319 5.722 7.454 2
0.381 5.679 7.507 5
0.381 5.679 7.507 5
0.405 5.707 7.626 5
0.405 5.707 7.626 3
0.405 5.707 7.626 2
0.492 5.683 7.736 5
0.492 5.683 7.736 5
0.482 5.568 7.87 5
0.482 5.568 7.87 4
0.482 5.568 7.87 1
0.64 5.932 7.827 5
0.64 5.932 7.827 5
0.606 5.784 7.909 5
0.606 5.784 7.909 3
0.606 5.784 7.909 2
0.587 5.755 7.914 5
0.587 5.755 7.914 5
0.434 5.607 8.081 5
0.434 5.607 8.081 3
0.434 5.607 8.081 2
0.578 5.645 8.081 5
0.578 5.645 8.081 5
0.554 5.664 8.163 5
0.554 5.664 8.163 4
0.63 5.669 8.167 1
0.63 5.669 8.167 5
0.717 5.918 7.937 5
0.717 5.918 7.937 5
0.717 5.918 7.937 3
0.42 5.884 7.909 2
0.42 5.884 7.909 5
1.545 5.612 6.683 5
1.545 5.612 6.683 5
1.545 5.612 6.683 4
0.472 5.813 8.584 1
0.472 5.813 8.584 5
0.678 5.65 7.516 5
0.678 5.65 7.516 5
0.678 5.65 7.516 4
0.621 5.789 7.803 1
0.621 5.789 7.803 5
0.405 5.621 7.463 5
0.405 5.621 7.463 5
0.405 5.621 7.463 3
0.386 5.391 7.511 2
0.386 5.391 7.511 5
0.319 5.506 7.286 5
0.319 5.506 7.286 5
0.319 5.506 7.286 4
0.252 5.305 7.229 1
0.252 5.305 7.229 5
0.065 5.09 7.219 5
0.065 5.09 7.219 5
0.065 5.09 7.219 4
-0.144 5.037 7.349 1
-0.101 4.836 7.133 5
-0.101 4.836 7.133 5
-0.202 4.707 6.98 5
-0.202 4.707 6.98 3
-0.202 4.707 6.98 2
-0.369 4.496 6.985 5
-0.369 4.496 6.985 5
-0.412 4.338 6.836 5
-0.412 4.338 6.836 4
-0.412 4.338 6.836 1
-0.566 4.18 6.874 5
-0.566 4.18 6.874 5
-0.393 3.988 6.98 5
-0.393 3.988 6.98 4
-0.393 3.988 6.98 1
-0.235 3.711 6.75 5
-0.235 3.711 6.75 5
-0.001 3.303 6.903 5
-0.001 3.303 6.903 4
-0.001 3.303 6.903 1
0.669 3.05 6.692 5
0.669 3.05 6.692 5
1.349 2.81 6.889 5
1.349 2.81 6.889 4
1.349 2.81 6.889 1
3.58 2.6 8.043 5
3.58 2.6 8.043 5
5.807 2.537 10.107 5
5.807 2.537 10.107 4
5.807 2.537 10.107 1
8.177 2.643 12.802 5
8.177 2.643 12.802 5
10.801 3.347 15.474 5
10.801 3.347 15.474 4
11.984 3.337 17.213 1
11.984 3.337 17.213 5
13.406 3.615 18.515 5
13.406 3.615 18.515 5
13.406 3.615 18.515 4
15.139 4.137 19.765 1
15.139 4.137 19.765 5
17.414 4.721 20.813 5
17.414 4.721 20.813 5
17.414 4.721 20.813 4
19.205 5.348 21.053 1
19.205 5.348 21.053 5
19.703 5.157 19.99 5
19.703 5.157 19.99 5
19.703 5.157 19.99 4
19.444 4.86 17.725 1
19.444 4.86 17.725 5
19.243 4.759 15.829 5
19.243 4.759 15.829 5
19.243 4.759 15.829 4
19.233 4.122 15.221 1
19.233 4.122 15.221 5
18.256 2.624 14.79 5
18.256 2.624 14.79 5
18.256 2.624 14.79 4
17.869 2.106 13.99 1
17.869 2.106 13.99 5
16.954 1.149 11.299 5
16.954 1.149 11.299 5
16.954 1.149 11.299 4
14.531 -0.186 10.255 1
12.376 -1.24 7.866 5
12.376 -1.24 7.866 5
9.609 -1.69 5.05 5
9.609 -1.69 5.05 4
9.609 -1.69 5.05 1
5.658 -2.896 3.58 5
5.658 -2.896 3.58 5
1.765 -4.132 2.536 5
1.765 -4.132 2.536 4
1.765 -4.132 2.536 1
-0.757 -4.529 1.957 5
-0.757 -4.529 1.957 5
-2.333 -4.788 2.34 5
-2.333 -4.788 2.34 4
-2.333 -4.788 2.34 1
-4.756 -5.841 3.479 5
-4.756 -5.841 3.479 5
-7.107 -6.449 3.479 5
-7.107 -6.449 3.479 4
-7.107 -6.449 3.479 1
-9.338 -6.718 2.9 5
-9.338 -6.718 2.9 5
-12.015 -7.12 2.613 5
-12.015 -7.12 2.613 4
-12.015 -7.12 2.613 1
-14.155 -7.603 2.062 5
-14.155 -7.603 2.062 5
-15.582 -7.187 1.186 5
-15.582 -7.187 1.186 4
-15.582 -7.187 1.186 1
-16.664 -6.224 0.468 5
-16.664 -6.224 0.468 5
-17.747 -5.851 0.348 5
-17.747 -5.851 0.348 4
-18.182 -4.845 0.568 1
-18.182 -4.845 0.568 6
-17.751 -3.888 1.009 4
-17.751 -3.888 1.009 5
-17.751 -3.888 1.009 4
-17.521 -3.308 2.187 2
-17.521 -3.308 2.187 4
-17.033 -2.825 3.135 5
-17.033 -2.825 3.135 5
-17.033 -2.825 3.135 4
-15.798 -2.015 4.27 2
-15.798 -2.015 4.27 5
-14.466 -1.23 5.591 5
-14.466 -1.23 5.591 5
-14.466 -1.23 5.591 3
-13.135 -0.488 6.372 2
-13.135 -0.488 6.372 5
-12.053 0.344 6.86 5
-12.053 0.344 6.86 5
-12.053 0.344 6.86 3
-11.052 0.938 7.114 2
-11.052 0.938 7.114 5
-10.032 1.532 7.258 5
-10.032 1.532 7.258 5
-10.032 1.532 7.258 3
-8.974 2.202 7.334 2
-8.974 2.202 7.334 5
-8.117 2.829 7.516 5
-8.117 2.829 7.516 5
-8.117 2.829 7.516 3
-7.011 3.351 7.554 2
-6.556 3.888 7.487 5
-6.556 3.888 7.487 5
-6.068 4.424 7.325 5
-6.068 4.424 7.325 3
-6.068 4.424 7.325 2
-5.565 4.912 7.176 5
-5.565 4.912 7.176 5
-4.76 5.406 6.985 5
-4.76 5.406 6.985 3
-4.76 5.406 6.985 2
-4.669 5.621 6.922 5
-4.669 5.621 6.922 5
-3.247 5.923 7.741 5
-3.247 5.923 7.741 3
-3.247 5.923 7.741 2
-2.246 5.861 7.593 5
-2.246 5.861 7.593 5
-2.151 6.44 8.44 5
-2.151 6.44 8.44 4
-2.151 6.44 8.44 1
-1.729 6.402 8.249 5
-1.729 6.402 8.249 5
-1.854 6.224 8.019 5
-1.854 6.224 8.019 3
-1.854 6.224 8.019 2
-2.266 6.282 7.626 5
-2.266 6.282 7.626 5
-2.548 6.32 6.98 5
-2.548 6.32 6.98 4
-2.548 6.32 6.98 1
-2.816 6.44 6.831 5
-2.816 6.44 6.831 5
-2.189 6.416 6.961 5
-2.189 6.416 6.961 3
-1.983 6.402 7.444 2
-1.983 6.402 7.444 5
-1.471 6.335 7.655 5
-1.471 6.335 7.655 5
-1.471 6.335 7.655 3
-1.571 6.177 7.358 2
-1.571 6.177 7.358 5
-1.485 6.196 7.454 5
-1.485 6.196 7.454 5
-1.485 6.196 7.454 3
-1.37 6.229 7.564 2
-1.37 6.229 7.564 5
-1.217 6.21 7.54 5
-1.217 6.21 7.54 5
-1.217 6.21 7.54 4
-0.992 6.502 7.823 1
-0.992 6.502 7.823 5
-0.101 6.799 8.526 5
-0.101 6.799 8.526 5
-0.101 6.799 8.526 3
0.29 6.77 8.459 2
0.29 6.77 8.459 5
0.377 6.9 8.416 5
0.377 6.9 8.416 5
0.377 6.9 8.416 4
0.386 7.053 7.803 2
0.386 7.053 7.803 4
0.276 7.22 7.478 5
0.276 7.22 7.478 5
0.276 7.22 7.478 4
0.29 7.484 7.028 6
0.29 7.484 7.028 5
0.319 7.527 6.98 5
0.319 7.527 6.98 3
0.319 7.527 6.98 2
0.487 7.517 7.104 5
0.487 7.517 7.104 5
0.678 7.642 7.277 5
0.678 7.642 7.277 4
0.678 7.642 7.277 1
0.717 7.675 7.43 5
0.717 7.675 7.43 5
0.535 7.517 7.674 5
0.535 7.517 7.674 4
0.535 7.517 7.674 1
0.338 7.431 7.645 5
0.338 7.431 7.645 5
0.233 7.359 7.411 5
0.233 7.359 7.411 3
0.233 7.359 7.411 2
0.228 7.489 7.243 5
0.228 7.489 7.243 5
0.362 7.541 7.301 5
0.362 7.541 7.301 3
0.362 7.541 7.301 2
0.233 7.474 7.301 5
0.233 7.474 7.301 5
0.152 7.412 7.291 5
0.152 7.412 7.291 4
0.152 7.412 7.291 1
-0.087 7.316 7.128 5
-0.087 7.316 7.128 5
-0.264 7.254 6.894 5
-0.264 7.254 6.894 3
-0.317 7.292 6.736 2
-0.317 7.292 6.736 5
-0.307 7.268 6.506 5
-0.307 7.268 6.506 5
-0.307 7.268 6.506 3
-0.436 7.24 6.53 2
-0.436 7.24 6.53 5
-0.374 7.168 6.597 5
-0.374 7.168 6.597 5
-0.374 7.168 6.597 4
-0.211 7.177 6.755 1
-0.211 7.177 6.755 5
-0.12 7.177 6.793 5
-0.12 7.177 6.793 5
-0.12 7.177 6.793 4
-0.216 7.058 6.951 1
-0.216 7.058 6.951 5
-0.456 6.971 6.941 5
-0.456 6.971 6.941 5
-0.456 6.971 6.941 4
-0.642 6.9 6.874 1
-0.642 6.9 6.874 5
-0.661 6.852 6.807 5
-0.661 6.852 6.807 5
-0.661 6.852 6.807 4
-0.623 6.904 6.716 1
-0.623 6.904 6.716 5
-0.547 6.928 6.688 5
-0.547 6.928 6.688 5
-0.547 6.928 6.688 4
-0.551 6.876 6.697 1
-0.451 6.89 6.731 5
-0.451 6.89 6.731 5
-0.508 6.938 6.783 5
-0.508 6.938 6.783 4
-0.508 6.938 6.783 1
-0.571 6.924 6.673 5
-0.571 6.924 6.673 5
-0.566 6.919 6.721 5
-0.566 6.919 6.721 4
-0.566 6.919 6.721 3
-0.575 6.904 6.764 3
-0.575 6.904 6.764 5
-0.594 6.871 6.683 5
-0.594 6.871 6.683 4
-0.594 6.871 6.683 1
-0.671 6.885 6.716 5
-0.671 6.885 6.716 5
-0.623 6.866 6.74 5
-0.623 6.866 6.74 4
-0.623 6.866 6.74 1
-0.489 6.9 6.769 5
-0.489 6.9 6.769 5
-0.494 6.933 6.697 5
-0.494 6.933 6.697 4
-0.494 6.933 6.697 1
-0.618 6.919 6.702 5
-0.618 6.919 6.702 5
-0.743 6.809 6.678 5
-0.743 6.809 6.678 4
-0.743 6.809 6.678 1
-0.791 6.732 6.726 5
-0.791 6.732 6.726 5
-0.642 6.799 6.908 5
-0.642 6.799 6.908 4
-0.695 6.785 6.884 1
-0.695 6.785 6.884 5
-0.666 6.789 6.865 5
-0.666 6.789 6.865 5
-0.666 6.789 6.865 4
-0.681 6.785 6.87 1
-0.681 6.785 6.87 5
-0.638 6.727 7.066 5
-0.638 6.727 7.066 5
-0.638 6.727 7.066 4
-0.685 6.722 6.985 1
-0.685 6.722 6.985 5
-0.561 6.766 7.018 5
-0.561 6.766 7.018 5
-0.561 6.766 7.018 4
-0.513 6.761 7.09 1
-0.513 6.761 7.09 5
-0.566 6.799 6.965 5
-0.566 6.799 6.965 5
-0.566 6.799 6.965 4
-0.599 6.813 6.898 1
-0.599 6.813 6.898 5
-0.599 6.856 6.922 5
-0.599 6.856 6.922 5
-0.599 6.856 6.922 4
-0.532 6.856 6.927 1
-0.532 6.856 6.927 5
-0.59 6.866 6.985 5
-0.59 6.866 6.985 5
-0.59 6.866 6.985 4
-0.695 6.742 7.056 1
-0.791 6.718 7.056 5
-0.791 6.718 7.056 5
-0.681 6.78 7.076 5
-0.681 6.78 7.076 5
-0.518 6.852 7.1 5
-0.518 6.852 7.1 5
-0.47 6.9 7.119 5
-0.47 6.9 7.119 4
-0.47 6.9 7.119 1
-0.523 6.981 7.08 5
-0.523 6.981 7.08 5
-0.604 6.924 7.08 5
-0.604 6.924 7.08 4
-0.604 6.924 7.08 2
-0.642 6.909 7.109 4
-0.642 6.909 7.109 5
-0.729 6.885 7.219 5
-0.729 6.885 7.219 4
-0.729 6.885 7.219 1
-0.762 6.785 7.325 5
-0.762 6.785 7.325 5
-0.815 6.766 7.406 5
-0.815 6.766 7.406 4
-0.815 6.766 7.406 1
-0.882 6.756 7.425 5
-0.882 6.756 7.425 5
-0.82 6.88 7.195 5
-0.82 6.88 7.195 4
-0.82 6.88 7.195 1
-0.719 6.938 6.985 5
-0.719 6.938 6.985 5
-0.628 7.01 6.927 5
-0.628 7.01 6.927 4
-0.628 6.943 6.908 2
-0.628 6.943 6.908 4
-0.614 6.938 7.037 5
-0.614 6.938 7.037 5
-0.614 6.938 7.037 4
-0.714 6.928 7.004 1
-0.714 6.928 7.004 6
-0.891 6.789 6.932 4
-0.891 6.789 6.932 5
-0.891 6.789 6.932 4
-1.097 6.708 6.841 2
-1.097 6.708 6.841 4
-1.049 6.732 6.851 6
-1.049 6.732 6.851 5
-1.049 6.732 6.851 4
-0.958 6.737 6.726 6
-0.527 7.23 5.639 5
-0.527 7.23 5.639 5
-0.527 7.23 5.639 3
-0.283 7.369 6.089 2
-0.283 7.369 6.089 5
-0.211 7.058 6.113 5
-0.211 7.058 6.113 5
-0.211 7.058 6.113 3
-0.46 6.799 6.817 2
-0.46 6.799 6.817 5
-0.436 6.612 7.071 5
-0.436 6.612 7.071 5
-0.436 6.612 7.071 4
-0.47 6.526 7.214 1
-0.489 6.469 7.301 5
-0.489 6.469 7.301 5
-0.355 6.512 7.588 5
-0.355 6.512 7.588 3
-0.355 6.512 7.588 2
-0.288 6.622 7.708 5
-0.288 6.622 7.708 5
-0.412 6.569 7.626 5
-0.412 6.569 7.626 3
-0.412 6.569 7.626 2
-0.609 6.713 7.162 5
-0.609 6.713 7.162 5
-0.738 6.646 6.855 5
-0.738 6.646 6.855 4
-0.738 6.646 6.855 1
-0.594 6.947 6.506 5
-0.594 6.947 6.506 5
-0.681 6.804 6.659 5
-0.681 6.804 6.659 3
-0.681 6.804 6.659 2
-0.46 6.981 6.678 5
-0.46 6.981 6.678 5
-0.432 6.876 6.879 5
-0.432 6.876 6.879 3
-0.432 6.876 6.879 2
-0.427 6.919 6.956 5
-0.427 6.919 6.956 5
-0.542 6.885 6.918 5
-0.542 6.885 6.918 4
-0.542 6.885 6.918 1
-0.642 6.823 7.042 5
-0.642 6.823 7.042 5
-0.709 6.737 7.109 5
-0.709 6.737 7.109 3
-0.781 6.766 7.195 2
-0.781 6.766 7.195 5
-0.882 6.746 7.224 5
-0.882 6.746 7.224 5
-0.882 6.746 7.224 4
-0.968 6.751 7.229 1
-0.968 6.751 7.229 5
-0.973 6.766 7.248 5
-0.973 6.766 7.248 5
-0.973 6.766 7.248 4
-0.91 6.909 7.19 1
-0.91 6.909 7.19 5
-0.772 7.0 7.004 5
-0.772 7.0 7.004 5
-0.772 7.0 7.004 3
-0.657 7.067 7.018 2
-0.657 7.067 7.018 5
-0.628 7.086 6.98 5
-0.628 7.086 6.98 5
-0.628 7.086 6.98 3
-0.609 7.053 6.975 2
-0.609 7.053 6.975 5
-0.618 7.067 6.994 5
-0.618 7.067 6.994 5
-0.618 7.067 6.994 4
-0.575 7.019 6.985 1
-0.575 7.019 6.985 5
-0.518 7.024 7.076 5
-0.518 7.024 7.076 5
-0.518 7.024 7.076 3
-0.599 7.043 6.97 2
-0.604 7.067 6.798 5
-0.604 7.067 6.798 5
-0.547 7.038 6.736 5
-0.547 7.038 6.736 3
-0.547 7.038 6.736 2
-0.547 7.038 6.74 5
-0.547 7.038 6.74 5
-0.58 6.981 6.855 5
-0.58 6.981 6.855 4
-0.547 6.957 7.013 6
-0.547 6.957 7.013 5
-0.523 6.924 7.085 5
-0.523 6.924 7.085 3
-0.523 6.924 7.085 2
-0.47 6.938 7.032 5
-0.47 6.938 7.032 5
-0.46 6.952 7.018 5
-0.46 6.952 7.018 4
-0.46 6.952 7.018 1
-0.489 6.952 6.841 5
-0.489 6.952 6.841 5
-0.518 6.928 6.913 5
-0.518 6.928 6.913 4
-0.518 6.928 6.913 1
-0.518 6.919 6.87 5
-0.518 6.919 6.87 5
-0.532 6.952 6.851 5
-0.532 6.952 6.851 3
-0.532 6.952 6.851 2
-0.561 6.914 6.817 5
-0.585 6.9 6.946 5
-0.585 6.9 6.946 5
-0.585 6.9 6.946 3
-0.594 6.895 6.937 2
-0.594 6.895 6.937 5
-0.575 6.919 6.918 5
-0.575 6.919 6.918 5
-0.575 6.919 6.918 4
-0.58 6.914 6.817 1
-0.58 6.914 6.817 5
-0.614 6.89 6.779 5
-0.614 6.89 6.779 5
-0.614 6.89 6.779 3
-0.527 6.909 6.74 2
-0.527 6.909 6.74 5
-0.494 6.928 6.798 5
-0.494 6.928 6.798 5
-0.494 6.928 6.798 3
-0.48 6.909 6.86 2
-0.48 6.909 6.86 5
-0.537 6.856 6.87 5
-0.537 6.856 6.87 5
-0.537 6.856 6.87 4
-0.642 6.813 6.764 6
-0.638 6.789 6.707 5
-0.638 6.789 6.707 5
-0.638 6.789 6.707 3
-0.508 6.799 6.827 2
-0.508 6.799 6.827 5
-0.503 6.833 6.831 5
-0.441 6.885 6.726 5
-0.441 6.885 6.726 4
-0.441 6.885 6.726 1
-0.427 6.924 6.678 5
-0.427 6.924 6.678 5
-0.451 6.924 6.721 5
-0.451 6.924 6.721 4
-0.451 6.924 6.721 1
-0.503 6.871 6.803 5
-0.503 6.871 6.803 5
-0.551 6.866 6.855 5
-0.551 6.866 6.855 4
-0.551 6.866 6.855 1
-0.532 6.818 6.918 5
-0.532 6.818 6.918 5
-0.489 6.823 6.846 5
-0.489 6.823 6.846 4
-0.489 6.823 6.846 1
-0.561 6.852 6.874 5
-0.561 6.852 6.874 5
-0.609 6.871 6.841 5
-0.609 6.871 6.841 4
-0.609 6.871 6.841 1
-0.623 6.842 6.851 5
-0.623 6.842 6.851 5
-0.561 6.885 6.894 5
-0.561 6.885 6.894 4
-0.561 6.885 6.894 1
-0.46 6.89 7.023 5
-0.46 6.89 7.023 5
-0.432 6.919 7.018 5
-0.432 6.919 7.018 4
-0.432 6.919 7.018 1
-0.379 6.971 7.056 5
-0.441 6.962 7.028 5
-0.441 6.962 7.028 5
-0.441 6.962 7.028 5
-0.503 6.904 7.018 5
-0.532 6.962 7.028 5
-0.532 6.962 7.028 5
-0.532 6.962 7.028 4
-0.513 6.976 6.985 1
-0.513 6.976 6.985 5
-0.523 6.971 7.013 5
-0.523 6.971 7.013 5
-0.523 6.971 7.013 4
-0.456 7.029 7.013 1
-0.456 7.029 7.013 5
-0.484 6.952 6.956 5
-0.484 6.952 6.956 5
-0.484 6.952 6.956 4
-0.518 6.986 6.965 1
-0.518 6.986 6.965 5
-0.59 6.928 6.961 5
-0.59 6.928 6.961 5
-0.59 6.928 6.961 4
-0.618 6.895 7.023 1
-0.618 6.895 7.023 5
-0.618 6.9 7.023 5
-0.618 6.9 7.023 5
-0.618 6.9 7.023 4
-0.556 6.924 6.965 1
-0.556 6.924 6.965 5
-0.508 6.962 7.004 5
-0.508 6.962 7.004 5
-0.508 6.962 7.004 4
-0.599 6.952 6.807 1
-0.705 6.962 6.86 5
-0.705 6.962 6.86 5
-0.743 6.861 6.874 5
-0.743 6.861 6.874 4
-0.743 6.861 6.874 1
-0.858 6.818 6.922 5
-0.858 6.818 6.922 5
-0.781 6.847 6.965 5
-0.781 6.847 6.965 4
-0.781 6.847 6.965 1
-0.681 6.88 6.927 5
-0.681 6.88 6.927 5
-0.551 6.991 6.913 5
-0.551 6.991 6.913 5
-0.551 6.991 6.913 1
-0.432 7.072 6.822 4
-0.432 7.072 6.822 6
-0.436 7.072 6.86 5
-0.436 7.072 6.86 3
-0.436 7.072 6.86 1
-0.475 6.962 6.846 6
-0.475 6.962 6.846 4
-0.556 6.885 6.956 5
-0.556 6.885 6.956 4
-0.556 6.885 6.956 1
-0.657 6.828 7.085 5
-0.657 6.828 7.085 5
-0.681 6.799 7.119 5
-0.681 6.799 7.119 4
-0.681 6.799 7.119 1
-0.733 6.804 7.061 5
-0.724 6.856 6.879 5
-0.724 6.856 6.879 5
-0.724 6.856 6.879 4
-0.642 6.837 6.879 1
-0.642 6.837 6.879 5
-0.599 6.933 6.908 6
-0.599 6.933 6.908 5
-0.599 6.933 6.908 3
-0.59 6.88 6.903 1
-0.59 6.88 6.903 5
-0.58 6.924 6.918 5
-0.58 6.924 6.918 5
-0.58 6.924 6.918 4
-0.503 6.957 6.913 2
-0.503 6.957 6.913 5
-0.446 6.957 6.918 4
-0.446 6.957 6.918 5
-0.446 6.957 6.918 4
-0.489 6.952 6.941 1
-0.489 6.952 6.941 5
-0.551 6.866 6.908 6
-0.551 6.866 6.908 5
-0.551 6.866 6.908 3
-0.614 6.828 6.956 2
-0.614 6.828 6.956 5
-0.69 6.852 6.841 5
-0.69 6.852 6.841 5
-0.69 6.852 6.841 4
-0.705 6.818 6.846 6
-0.719 6.794 6.807 5
-0.719 6.794 6.807 5
-0.719 6.794 6.807 3
-0.724 6.799 6.817 2
-0.709 6.775 6.865 5
-0.709 6.775 6.865 5
-0.638 6.775 6.951 5
-0.638 6.775 6.951 4
-0.638 6.775 6.951 1
-0.609 6.77 6.975 5
-0.609 6.77 6.975 5
-0.556 6.813 7.004 5
-0.556 6.813 7.004 4
-0.556 6.813 7.004 1
-0.48 6.847 6.87 5
-0.48 6.847 6.87 5
-0.494 6.861 6.822 5
-0.494 6.861 6.822 3
-0.494 6.861 6.822 2
-0.59 6.842 6.769 5
-0.59 6.842 6.769 5
-0.623 6.866 6.783 5
-0.623 6.866 6.783 3
-0.623 6.866 6.783 2
-0.599 6.885 6.855 5
-0.599 6.885 6.855 5
-0.628 6.88 6.951 5
-0.628 6.88 6.951 4
-0.628 6.88 6.951 1
-0.661 6.866 6.97 5
-0.661 6.866 6.97 5
-0.638 6.895 6.989 5
-0.638 6.895 6.989 3
-0.638 6.895 6.989 2
-0.561 6.914 6.937 5
-0.527 6.943 7.09 5
-0.527 6.943 7.09 5
-0.527 6.943 7.09 3
-0.484 6.928 7.085 2
-0.484 6.928 7.085 5
-0.513 6.924 7.147 5
-0.513 6.924 7.147 5
-0.513 6.924 7.147 4
-0.571 6.885 7.162 6
-0.695 6.804 7.095 5
-0.695 6.804 7.095 5
-0.695 6.804 7.095 3
-0.695 6.828 7.1 2
-0.695 6.828 7.1 5
-0.69 6.828 6.908 5
-0.69 6.828 6.908 5
-0.69 6.828 6.908 4
-0.633 6.933 6.874 1
-0.633 6.933 6.874 5
-0.556 6.957 6.841 5
-0.556 6.957 6.841 5
-0.556 6.957 6.841 4
-0.374 7.096 6.027 1
-0.374 7.096 6.027 5
-0.154 7.407 6.3 5
-0.154 7.407 6.3 5
-0.154 7.407 6.3 3
0.056 7.067 6.769 2
0.056 7.067 6.769 5
-0.068 7.048 7.028 5
-0.254 6.861 7.119 5
-0.254 6.861 7.119 3
-0.254 6.861 7.119 2
-0.393 6.722 7.095 5
-0.393 6.722 7.095 5
-0.48 6.675 7.195 5
-0.48 6.675 7.195 4
-0.48 6.675 7.195 1
-0.508 6.641 7.31 5
-0.508 6.641 7.31 5
-0.36 6.694 7.593 5
-0.36 6.694 7.593 3
-0.36 6.694 7.593 2
-0.211 6.88 7.784 5
-0.211 6.88 7.784 5
-0.355 6.919 7.377 5
-0.355 6.919 7.377 3
-0.355 6.919 7.377 2
-0.412 7.105 6.721 5
-0.412 7.105 6.721 5
-0.389 7.096 6.649 5
-0.389 7.096 6.649 4
-0.389 7.096 6.649 1
-0.451 6.909 6.688 5
-0.451 6.909 6.688 5
-0.46 6.842 6.999 5
-0.46 6.842 6.999 3
-0.46 6.842 6.999 2
-0.499 6.727 7.234 5
-0.499 6.727 7.234 5
-0.58 6.684 7.248 5
-0.58 6.684 7.248 4
-0.743 6.742 7.095 1
-0.743 6.742 7.095 5
-0.705 6.579 7.205 5
-0.705 6.579 7.205 5
-0.705 6.579 7.205 4
-0.7 6.78 7.21 1
-0.7 6.78 7.21 5
-0.661 6.809 7.109 5
-0.661 6.809 7.109 5
-0.661 6.809 7.109 3
-0.59 6.938 7.157 2
-0.59 6.938 7.157 5
-0.594 6.986 7.056 5
-0.594 6.986 7.056 5
-0.594 6.986 7.056 3
-0.609 6.976 7.123 2
-0.609 6.976 7.123 5
-0.671 6.981 7.056 5
-0.671 6.981 7.056 5
-0.671 6.981 7.056 4
-0.733 6.938 6.999 1
-0.733 6.938 6.999 5
-0.705 6.947 6.922 5
-0.705 6.947 6.922 5
-0.705 6.947 6.922 3
-0.772 6.971 6.855 2
-0.772 6.971 6.855 5
-0.752 6.943 6.884 5
-0.752 6.943 6.884 5
-0.752 6.943 6.884 4
-0.623 6.981 6.956 1
-0.623 6.981 6.956 5
-0.508 6.943 7.123 5
-0.403 6.947 7.19 5
-0.403 6.947 7.19 4
-0.451 6.938 7.052 6
-0.451 6.938 7.052 5
-0.489 6.904 6.918 5
-0.489 6.904 6.918 4
-0.489 6.904 6.918 1
-0.532 6.88 6.851 5
-0.532 6.88 6.851 5
-0.451 6.9 6.865 5
-0.451 6.9 6.865 4
-0.451 6.9 6.865 1
-0.389 6.904 6.918 5
-0.389 6.904 6.918 5
-0.408 6.861 6.961 5
-0.408 6.861 6.961 4
-0.422 6.847 6.951 6
-0.422 6.847 6.951 5
-0.422 6.876 6.879 5
-0.422 6.876 6.879 4
-0.422 6.876 6.879 1
-0.365 6.9 6.932 5
-0.365 6.9 6.932 5
-0.307 6.89 6.985 5
-0.307 6.89 6.985 4
-0.307 6.89 6.985 1
-0.355 6.895 6.965 5
-0.355 6.895 6.965 5
-0.389 6.88 6.913 5
-0.389 6.88 6.913 4
-0.389 6.88 6.913 1
-0.345 6.89 6.946 5
-0.379 6.89 6.903 5
-0.379 6.89 6.903 5
-0.379 6.89 6.903 4
-0.432 6.895 6.841 1
-0.432 6.895 6.841 5
-0.379 6.919 6.798 5
-0.379 6.919 6.798 5
-0.379 6.919 6.798 4
-0.412 6.885 6.932 1
-0.412 6.885 6.932 5
-0.432 6.813 6.922 5
-0.432 6.813 6.922 5
-0.432 6.813 6.922 5
-0.446 6.842 6.927 5
-0.46 6.895 6.822 5
-0.46 6.895 6.822 5
-0.46 6.895 6.822 4
-0.446 6.9 6.874 1
-0.446 6.9 6.874 5
-0.46 6.885 6.874 5
-0.46 6.885 6.874 5
-0.46 6.885 6.874 4
-0.336 6.957 6.941 1
-0.336 6.957 6.941 5
-0.254 7.01 6.951 5
-0.254 7.01 6.951 5
-0.254 7.01 6.951 4
-0.192 6.852 7.305 2
-0.192 6.852 7.305 4
-0.221 6.957 6.98 5
-0.355 6.952 6.86 5
-0.355 6.952 6.86 4
-0.355 6.952 6.86 1
-0.465 6.928 6.855 5
-0.465 6.928 6.855 5
-0.465 6.871 6.851 5
-0.465 6.871 6.851 4
-0.465 6.871 6.851 1
-0.484 6.924 6.918 5
-0.484 6.924 6.918 6
-0.389 6.89 7.037 5
-0.389 6.89 7.037 3
-0.389 6.89 7.037 1
-0.355 6.938 6.941 5
-0.355 6.938 6.941 5
-0.389 6.904 6.922 5
-0.389 6.904 6.922 4
-0.389 6.904 6.922 1
-0.503 6.914 7.018 5
-0.503 6.914 7.018 5
-0.532 6.885 7.009 5
-0.532 6.885 7.009 4
-0.532 6.885 7.009 1
-0.547 6.88 7.004 5
-0.547 6.88 7.004 5

# Completed @Sun Mar 26 22:20:18 GMT+02:00 2017
