# Accelerometer Data File
# Started @Sun Mar 26 22:20:51 GMT+02:00 2017
#
#
# sensor Vendor: Invensense
# sensor Name: ICM20610 Acceleration Sensor
# sensor Resolution: 0.0011971008m/sec^2; Max Range: 39.2266; Min Delay: 5000 microseconds
# The sensor's attributes are the result hardware and the Android capabilities.
# It means that the Android may not utilize all features provided by the hardware.
#
# Some devices and Android versions save battery too much so the device may go to sleep.
# It just happens after couple of minutes from turning off the scree and it is easy to find it out.
#
# The following file provides the data from accelerometer in the m/s^2 format.
# The diff value is just a time delta between the samples
#
#
# data format:
# so we have 4 columns with values separated by the " "
# X Y Z time_from_previous_sample(ms)

# sensor speed set to:FASTEST
# units set to: m/sec^2
# gravity NOT filtered out
# Accuracy: HIGH
0.161 6.722 8.095 0
0.161 6.722 8.095 5
0.161 6.722 8.095 3
0.08 6.737 8.095 2
0.08 6.737 8.095 5
0.113 6.78 7.976 5
0.113 6.78 7.976 5
0.113 6.78 7.976 3
0.108 6.88 7.808 2
0.108 6.88 7.808 5
0.046 6.823 7.818 5
0.046 6.823 7.818 5
0.046 6.823 7.818 3
0.017 6.789 7.894 2
0.017 6.789 7.894 5
0.046 6.737 8.048 5
0.046 6.737 8.048 5
0.046 6.737 8.048 3
0.128 6.751 7.918 2
0.128 6.751 7.918 5
0.166 6.813 7.914 5
0.166 6.813 7.914 5
0.166 6.813 7.914 3
0.314 6.895 7.703 2
0.252 6.924 7.526 5
0.252 6.924 7.526 5
0.305 6.852 7.617 5
0.305 6.852 7.617 4
0.305 6.852 7.617 1
0.257 6.856 7.564 5
0.257 6.856 7.564 5
0.209 6.794 7.66 5
0.209 6.794 7.66 3
0.209 6.794 7.66 2
0.156 6.813 7.574 5
0.156 6.813 7.574 5
0.238 6.756 7.564 5
0.238 6.756 7.564 3
0.238 6.756 7.564 2
0.257 6.761 7.511 5
0.257 6.761 7.511 5
0.257 6.766 7.234 5
0.257 6.766 7.234 4
0.219 6.761 7.195 6
0.219 6.761 7.195 5
0.214 6.751 7.023 5
0.214 6.751 7.023 3
0.214 6.751 7.023 2
0.257 6.78 6.965 5
0.257 6.78 6.965 5
0.295 6.727 6.989 5
0.295 6.727 6.989 4
0.295 6.727 6.989 1
0.855 6.588 7.08 5
1.004 6.55 7.703 5
1.004 6.55 7.703 5
1.004 6.55 7.703 4
-0.116 7.388 6.544 1
-0.116 7.388 6.544 5
-0.729 7.182 7.588 5
-0.729 7.182 7.588 5
-0.729 7.182 7.588 3
-0.025 6.727 6.563 2
-0.025 6.727 6.563 5
0.42 6.766 6.664 5
0.42 6.766 6.664 5
0.42 6.766 6.664 3
0.415 6.904 7.143 2
0.415 6.904 7.143 5
0.377 6.823 6.98 5
0.377 6.823 6.98 5
0.377 6.823 6.98 4
0.362 6.78 7.085 1
0.362 6.78 7.085 5
0.252 6.722 7.219 5
0.252 6.722 7.219 5
0.252 6.722 7.219 3
0.104 6.607 7.157 2
0.104 6.607 7.157 5
-0.087 6.545 7.291 5
-0.087 6.545 7.291 5
-0.087 6.545 7.291 3
-0.226 6.598 7.19 2
-0.226 6.598 7.19 5
-0.116 6.665 6.941 5
-0.197 6.804 7.416 5
-0.197 6.804 7.416 4
0.152 6.818 7.205 6
0.152 6.818 7.205 5
0.19 6.919 7.334 5
0.19 6.919 7.334 3
0.19 6.919 7.334 2
0.147 6.943 7.056 5
0.147 6.943 7.056 5
0.032 7.005 7.1 5
0.032 7.005 7.1 4
0.032 7.005 7.1 1
0.128 7.115 6.76 5
0.128 7.115 6.76 5
0.171 7.082 6.932 5
0.171 7.082 6.932 4
0.171 7.082 6.932 1
0.319 6.986 6.788 5
0.319 6.986 6.788 5
0.214 7.086 6.903 5
0.214 7.086 6.903 3
0.214 7.086 6.903 2
0.209 6.938 6.769 5
0.209 6.938 6.769 5
0.199 6.856 6.841 5
0.199 6.856 6.841 3
0.199 6.856 6.841 2
0.027 6.794 6.918 5
0.027 6.794 6.918 5
-0.096 6.54 6.75 5
-0.096 6.54 6.75 4
-0.096 6.54 6.75 1
-0.278 6.469 7.1 5
-0.278 6.469 7.1 5
-0.298 6.291 7.1 5
-0.298 6.291 7.1 3
-0.231 6.363 7.095 2
-0.231 6.363 7.095 5
-0.125 6.416 7.09 5
-0.125 6.416 7.09 5
-0.125 6.416 7.09 3
-0.015 6.493 6.769 2
-0.015 6.493 6.769 5
0.051 6.579 6.673 5
0.051 6.579 6.673 5
0.051 6.579 6.673 4
0.003 6.627 6.539 1
0.003 6.627 6.539 5
0.104 6.636 6.558 5
0.104 6.636 6.558 5
0.104 6.636 6.558 3
0.08 6.641 6.578 2
0.08 6.641 6.578 5
0.113 6.689 6.573 5
0.113 6.689 6.573 5
0.113 6.689 6.573 4
0.08 6.646 6.52 1
0.08 6.646 6.52 5
-0.034 6.718 6.774 5
-0.034 6.718 6.774 5
-0.034 6.718 6.774 4
0.027 6.631 6.439 1
0.027 6.631 6.439 5
-0.015 6.799 6.563 5
-0.015 6.799 6.563 5
-0.015 6.799 6.563 3
-0.005 6.861 6.381 2
0.061 6.813 6.515 5
0.061 6.813 6.515 5
0.022 6.813 6.74 5
0.022 6.813 6.74 3
0.022 6.813 6.74 2
0.008 6.856 6.678 5
0.008 6.856 6.678 5
0.147 6.837 6.673 5
0.147 6.837 6.673 4
0.147 6.837 6.673 1
0.142 6.895 6.894 5
0.142 6.895 6.894 5
0.046 6.89 6.87 5
0.046 6.89 6.87 4
0.046 6.89 6.87 1
-0.073 6.856 6.783 5
-0.073 6.856 6.783 5
-0.13 6.861 6.783 5
-0.13 6.861 6.783 4
-0.13 6.861 6.783 1
-0.125 6.89 6.807 5
-0.125 6.89 6.807 5
-0.087 6.919 6.697 5
-0.087 6.919 6.697 4
-0.087 6.919 6.697 1
-0.092 6.943 6.716 5
-0.092 6.943 6.716 5
-0.087 6.967 6.678 5
-0.087 6.967 6.678 4
-0.087 6.967 6.678 1
-0.168 6.914 6.755 5
-0.168 6.914 6.755 5
-0.216 6.842 6.836 5
-0.216 6.842 6.836 4
-0.192 6.919 6.889 1
-0.192 6.919 6.889 5
-0.183 6.852 6.755 5
-0.183 6.852 6.755 5
-0.183 6.852 6.755 4
-0.092 6.933 6.918 1
-0.092 6.933 6.918 5
-0.029 6.947 6.851 5
-0.029 6.947 6.851 5
-0.029 6.947 6.851 4
0.017 6.967 6.827 1
0.017 6.967 6.827 5
0.084 6.962 6.951 5
0.084 6.962 6.951 5
0.084 6.962 6.951 4
0.147 6.986 6.865 1
0.147 6.986 6.865 5
0.104 7.038 6.851 5
0.104 7.038 6.851 5
0.104 7.038 6.851 4
0.089 7.029 6.831 1
0.089 7.029 6.831 5
0.094 6.991 6.937 5
0.094 6.991 6.937 5
0.094 6.991 6.937 4
0.113 7.005 6.913 1
0.113 7.005 6.913 5
0.084 6.976 6.937 5
0.084 6.976 6.937 5
0.084 6.976 6.937 4
0.065 6.914 7.004 1
0.065 6.914 7.004 5
0.051 6.866 6.994 5
0.137 6.947 6.98 5
0.137 6.947 6.98 5
0.137 6.947 6.98 1
0.29 6.943 6.903 4
0.29 6.943 6.903 5
0.233 7.0 6.913 5
0.233 7.0 6.913 4
0.233 7.0 6.913 1
0.233 7.0 6.913 5
0.233 7.0 6.913 5
0.238 6.919 6.913 5
0.238 6.919 6.913 4
0.238 6.919 6.913 1
0.204 6.924 7.009 5
0.204 6.924 7.009 5
0.142 6.895 6.932 5
0.142 6.895 6.932 4
0.142 6.895 6.932 1
0.137 6.88 6.918 5
0.137 6.88 6.918 5
-0.01 6.847 6.783 5
-0.01 6.847 6.783 4
-0.01 6.847 6.783 1
0.003 6.842 6.764 5
0.003 6.842 6.764 5
0.065 6.842 6.769 5
0.065 6.842 6.769 4
0.065 6.842 6.769 1
0.132 6.876 6.827 5
0.132 6.876 6.827 5
0.209 6.885 6.946 5
0.209 6.885 6.946 4
0.195 6.895 7.08 2
0.195 6.895 7.08 4
0.142 6.833 7.104 5
0.142 6.833 7.104 5
0.142 6.833 7.104 4
0.118 6.856 7.023 1
0.118 6.856 7.023 5
0.108 6.852 7.047 5
0.108 6.852 7.047 5
0.108 6.852 7.047 4
0.108 6.837 7.028 1
0.108 6.837 7.028 5
0.099 6.833 6.946 6
0.099 6.833 6.946 5
0.099 6.833 6.946 4
0.075 6.88 6.951 1
0.075 6.88 6.951 5
0.013 6.833 6.989 5
0.013 6.833 6.989 5
0.013 6.833 6.989 3
0.013 6.785 6.922 2
0.013 6.785 6.922 5
0.061 6.785 7.004 5
0.061 6.785 7.004 5
0.061 6.785 7.004 3
0.056 6.737 7.032 2
0.056 6.737 7.032 5
0.013 6.756 7.076 5
0.013 6.756 7.076 5
0.013 6.756 7.076 3
-0.01 6.732 7.109 2
-0.01 6.732 7.109 5
0.032 6.718 7.095 5
-0.001 6.737 7.234 5
-0.001 6.737 7.234 3
-0.001 6.737 7.234 2
-0.034 6.742 7.2 5
-0.034 6.742 7.2 5
0.003 6.732 7.114 5
0.003 6.732 7.114 3
0.003 6.732 7.114 2
-0.005 6.742 7.061 5
-0.005 6.742 7.061 5
-0.005 6.751 7.009 5
-0.005 6.751 7.009 4
-0.005 6.751 7.009 1
-0.015 6.78 7.056 5
-0.015 6.78 7.056 5
-0.02 6.785 7.104 5
-0.02 6.785 7.104 3
-0.02 6.785 7.104 2
0.008 6.78 7.114 5
0.008 6.78 7.114 5
-0.02 6.646 7.138 5
-0.02 6.646 7.138 3
-0.02 6.646 7.138 2
0.027 6.914 6.946 5
0.027 6.914 6.946 5
0.104 6.785 7.372 5
0.104 6.785 7.372 4
0.214 6.852 7.507 6
0.214 6.852 7.507 5
0.214 6.708 7.344 5
0.214 6.708 7.344 3
0.214 6.708 7.344 2
0.008 6.799 7.435 5
-0.025 6.727 7.171 5
-0.025 6.727 7.171 5
-0.025 6.727 7.171 4
-0.092 6.727 7.219 1
-0.092 6.727 7.219 5
-0.12 6.718 7.224 5
-0.12 6.718 7.224 5
-0.12 6.718 7.224 4
-0.01 6.737 7.238 1
-0.01 6.737 7.238 5
0.061 6.766 7.291 5
0.061 6.766 7.291 5
0.061 6.766 7.291 3
0.099 6.794 7.214 2
0.099 6.794 7.214 5
0.214 6.856 7.243 5
0.214 6.856 7.243 5
0.214 6.856 7.243 3
0.008 6.789 7.238 2
0.008 6.789 7.238 5
0.386 6.646 7.157 5
0.386 6.646 7.157 5
0.386 6.646 7.157 4
-0.053 6.761 7.454 1
-0.053 6.761 7.454 5
-0.001 6.67 7.028 5
-0.001 6.67 7.028 5
-0.001 6.67 7.028 3
-0.073 6.622 7.315 2
-0.073 6.622 7.315 5
-0.125 6.483 7.262 5
-0.125 6.483 7.262 5
-0.125 6.483 7.262 3
-0.164 6.66 7.109 2
-0.096 6.612 7.147 5
-0.096 6.612 7.147 5
-0.02 6.569 7.435 5
-0.02 6.569 7.435 4
0.056 6.584 7.641 6
0.056 6.584 7.641 5
0.199 6.469 7.583 5
0.199 6.469 7.583 3
0.199 6.469 7.583 2
0.008 6.727 7.612 5
0.008 6.727 7.612 5
0.41 6.588 7.483 5
0.41 6.588 7.483 4
0.41 6.588 7.483 1
0.118 6.698 7.665 5
0.118 6.698 7.665 5
0.204 6.679 7.435 5
0.204 6.679 7.435 4
0.204 6.679 7.435 1
0.089 6.67 7.463 5
0.089 6.67 7.463 5
0.07 6.622 7.526 5
0.07 6.622 7.526 3
0.07 6.622 7.526 2
0.061 6.679 7.42 5
0.061 6.679 7.42 5
0.075 6.603 7.473 5
0.075 6.603 7.473 3
0.075 6.603 7.473 2
0.061 6.627 7.492 5
0.07 6.651 7.411 5
0.07 6.651 7.411 5
0.07 6.651 7.411 4
0.056 6.612 7.439 1
0.056 6.612 7.439 5
0.07 6.646 7.262 5
0.07 6.646 7.262 5
0.07 6.646 7.262 3
0.07 6.555 7.305 2
0.07 6.555 7.305 5
-0.005 6.584 7.262 5
-0.005 6.584 7.262 5
-0.005 6.584 7.262 3
0.084 6.579 7.229 2
0.084 6.579 7.229 5
0.199 6.631 7.09 5
0.199 6.631 7.09 5
0.199 6.631 7.09 4
0.252 6.636 7.176 1
0.252 6.636 7.176 5
0.314 6.588 7.315 5
0.314 6.588 7.315 5
0.314 6.588 7.315 3
0.324 6.569 7.358 2
0.324 6.569 7.358 5
0.367 6.689 7.123 5
0.367 6.689 7.123 5
0.367 6.689 7.123 4
0.324 6.603 7.119 1
0.324 6.603 7.119 5
0.377 6.698 7.042 5
0.377 6.698 7.042 5
0.377 6.698 7.042 4
0.377 6.574 6.836 1
0.324 6.507 7.277 5
0.324 6.507 7.277 5
0.453 6.382 7.138 5
0.453 6.382 7.138 4
0.453 6.382 7.138 1
0.386 6.373 7.291 5
0.386 6.373 7.291 5
0.386 6.311 7.43 5
0.386 6.311 7.43 4
0.386 6.311 7.43 1
0.448 6.445 7.076 5
0.448 6.445 7.076 5
0.472 6.435 7.09 5
0.472 6.435 7.09 4
0.472 6.435 7.09 1
0.554 6.636 7.013 6
0.554 6.636 7.013 4
0.52 6.426 7.076 5
0.52 6.426 7.076 4
0.52 6.426 7.076 1
0.266 6.483 7.152 5
0.266 6.483 7.152 5
0.075 6.287 6.999 5
0.075 6.287 6.999 4
0.075 6.287 6.999 1
-0.082 6.124 6.965 5
-0.082 6.124 6.965 5
-0.226 6.023 6.956 5
-0.226 6.023 6.956 4
-0.226 6.023 6.956 1
-0.389 5.808 7.037 5
-0.484 5.75 7.281 5
-0.484 5.75 7.281 5
-0.484 5.75 7.281 4
-0.36 5.64 7.612 1
-0.36 5.64 7.612 5
-0.389 5.621 7.981 5
-0.389 5.621 7.981 5
-0.389 5.621 7.981 4
-0.278 5.645 8.043 1
-0.278 5.645 8.043 5
-0.379 5.774 8.014 5
-0.379 5.774 8.014 5
-0.379 5.774 8.014 4
-0.355 5.908 7.746 1
-0.355 5.908 7.746 5
-0.269 5.999 7.722 5
-0.269 5.999 7.722 5
-0.269 5.999 7.722 4
-0.298 5.971 7.799 1
-0.298 5.971 7.799 5
-0.283 6.009 7.746 5
-0.283 6.009 7.746 5
-0.283 6.009 7.746 4
-0.231 6.1 7.588 1
-0.231 6.1 7.588 5
-0.264 6.153 7.521 5
-0.264 6.153 7.521 5
-0.264 6.153 7.521 4
-0.211 6.153 7.736 2
-0.211 6.153 7.736 4
-0.068 6.205 8.067 5
-0.068 6.205 8.067 5
-0.068 6.205 8.067 4
0.065 6.239 8.273 1
0.175 6.287 8.33 5
0.175 6.287 8.33 5
0.3 6.382 8.148 5
0.3 6.382 8.148 4
0.3 6.382 8.148 1
0.305 6.44 8.038 5
0.305 6.44 8.038 5
0.305 6.43 7.985 5
0.305 6.43 7.985 5
0.305 6.43 7.985 1
0.223 6.392 7.756 4
0.223 6.392 7.756 5
0.132 6.387 7.712 5
0.132 6.387 7.712 4
0.132 6.387 7.712 1
0.017 6.306 7.818 5
0.017 6.306 7.818 5
0.075 6.354 7.866 5
0.075 6.354 7.866 4
0.075 6.354 7.866 1
0.233 6.402 7.756 5
0.233 6.402 7.756 5
0.381 6.426 7.851 5
0.381 6.426 7.851 4
0.381 6.426 7.851 1
0.482 6.449 7.914 5
0.482 6.449 7.914 5
0.53 6.445 7.961 5
0.53 6.445 7.961 4
0.53 6.445 7.961 1
0.597 6.387 7.803 5
0.597 6.387 7.803 5
0.53 6.406 7.631 5
0.53 6.406 7.631 4
0.468 6.464 7.516 1
0.468 6.464 7.516 5
0.401 6.387 7.597 5
0.401 6.387 7.597 5
0.401 6.387 7.597 4
0.31 6.296 7.698 1
0.31 6.296 7.698 5
0.223 6.248 7.655 6
0.223 6.248 7.655 5
0.223 6.248 7.655 3
0.195 6.2 7.803 2
0.195 6.2 7.803 5
0.247 6.196 7.942 5
0.247 6.196 7.942 5
0.247 6.196 7.942 3
0.324 6.205 7.904 2
0.324 6.205 7.904 5
0.343 6.315 7.837 5
0.343 6.315 7.837 5
0.343 6.315 7.837 4
0.429 6.449 7.612 1
0.429 6.449 7.612 5
0.525 6.655 7.296 5
0.525 6.655 7.296 5
0.525 6.655 7.296 3
0.554 6.713 7.195 2
0.554 6.713 7.195 5
0.381 6.766 7.253 5
0.286 6.598 7.143 5
0.286 6.598 7.143 3
0.286 6.598 7.143 2
0.128 6.526 7.349 5
0.128 6.526 7.349 5
0.027 6.526 7.253 5
0.027 6.526 7.253 4
0.027 6.526 7.253 1
0.089 6.517 7.181 5
0.089 6.517 7.181 5
0.032 6.445 7.301 5
0.032 6.445 7.301 3
0.032 6.445 7.301 2
0.046 6.387 7.262 5
0.046 6.387 7.262 5
0.065 6.306 7.32 5
0.065 6.306 7.32 3
0.065 6.306 7.32 2
0.075 6.229 7.545 5
0.075 6.229 7.545 5
0.223 6.301 7.66 5
0.223 6.301 7.66 4
0.223 6.301 7.66 1
0.286 6.335 7.593 5
0.286 6.335 7.593 5
0.424 6.339 7.621 5
0.424 6.339 7.621 3
0.424 6.339 7.621 2
0.539 6.339 7.708 5
0.539 6.339 7.708 5
0.764 6.493 7.66 5
0.764 6.493 7.66 3
0.764 6.493 7.66 2
0.879 6.493 7.545 5
0.879 6.493 7.545 5
0.779 6.406 7.703 5
0.779 6.406 7.703 4
0.621 6.301 7.54 6
0.496 6.196 7.688 5
0.496 6.196 7.688 5
0.496 6.196 7.688 3
0.429 6.32 7.425 2
0.429 6.32 7.425 5
0.501 6.272 7.353 5
0.501 6.272 7.353 5
0.501 6.272 7.353 4
0.568 6.253 7.353 1
0.568 6.253 7.353 5
0.592 6.229 7.277 5
0.592 6.229 7.277 5
0.592 6.229 7.277 4
0.602 6.253 7.473 1
0.602 6.253 7.473 5
0.616 6.157 7.559 5
0.616 6.157 7.559 5
0.616 6.157 7.559 3
0.53 6.177 7.612 2
0.53 6.177 7.612 5
0.463 6.157 7.588 5
0.463 6.157 7.588 5
0.463 6.157 7.588 3
-0.092 6.32 7.617 2
-0.092 6.32 7.617 5
1.162 6.023 7.147 5
1.162 6.023 7.147 5
1.162 6.023 7.147 4
0.319 6.215 7.028 1
0.319 6.215 7.028 5
0.42 6.244 7.143 5
0.578 6.229 7.286 5
0.578 6.229 7.286 3
0.578 6.229 7.286 2
0.645 6.239 7.669 5
0.645 6.239 7.669 5
0.559 6.263 7.818 5
0.559 6.263 7.818 3
0.559 6.263 7.818 2
0.492 6.2 7.775 5
0.492 6.2 7.775 5
0.367 6.22 7.655 5
0.367 6.22 7.655 4
0.367 6.22 7.655 1
0.286 6.167 7.55 5
0.286 6.167 7.55 5
0.286 6.153 7.626 5
0.286 6.153 7.626 3
0.286 6.153 7.626 2
0.266 6.124 7.612 5
0.266 6.124 7.612 5
0.295 6.095 7.679 5
0.295 6.095 7.679 4
0.295 6.095 7.679 1
-0.379 6.368 8.249 5
-0.379 6.368 8.249 5
0.707 5.99 6.884 5
0.707 5.99 6.884 4
0.707 5.99 6.884 1
0.18 6.224 7.42 5
0.18 6.224 7.42 5
0.161 6.177 7.54 5
0.161 6.177 7.54 3
0.233 6.133 7.607 2
0.233 6.133 7.607 5
0.228 6.047 8.028 5
0.228 6.047 8.028 5
0.228 6.047 8.028 3
0.19 5.975 8.134 2
0.19 5.975 8.134 5
0.156 5.947 7.966 5
0.156 5.947 7.966 5
0.156 5.947 7.966 4
0.104 5.971 7.741 1
0.104 5.971 7.741 5
0.017 5.956 7.612 5
0.017 5.956 7.612 5
0.017 5.956 7.612 3
0.037 5.884 7.688 2
0.037 5.884 7.688 5
0.152 5.87 7.909 5
0.152 5.87 7.909 5
0.152 5.87 7.909 3
0.219 5.851 7.918 2
0.219 5.851 7.918 5
0.295 5.76 8.005 5
0.295 5.76 8.005 5
0.295 5.76 8.005 4
0.271 5.856 8.091 1
0.271 5.856 8.091 5
0.329 5.918 8.091 5
0.329 5.918 8.091 5
0.329 5.918 8.091 4
0.468 5.88 8.052 1
0.468 5.88 8.052 5
0.654 6.191 7.669 5
0.731 6.301 7.545 5
0.731 6.301 7.545 4
0.731 6.301 7.545 1
0.721 6.244 7.545 5
0.721 6.244 7.545 5
0.597 6.301 7.219 5
0.597 6.301 7.219 4
0.597 6.301 7.219 1
0.41 6.1 7.473 5
0.41 6.1 7.473 5
0.372 6.119 7.459 5
0.372 6.119 7.459 4
0.372 6.119 7.459 1
0.367 6.033 7.626 5
0.367 6.033 7.626 5
0.482 6.086 7.617 5
0.482 6.086 7.617 4
0.482 6.086 7.617 1
0.702 6.081 7.808 5
0.702 6.081 7.808 5
0.712 6.071 8.009 5
0.712 6.071 8.009 4
0.712 6.071 8.009 1
0.788 6.09 7.909 5
0.788 6.09 7.909 5
0.812 6.167 7.957 5
0.812 6.167 7.957 4
0.812 6.167 7.957 1
0.712 6.277 7.459 5
0.712 6.277 7.459 5
0.511 6.263 7.09 5
0.511 6.263 7.09 4
0.511 6.263 7.09 1
0.324 6.459 6.999 5
0.3 6.268 6.879 5
0.3 6.268 6.879 5
0.3 6.268 6.879 5
0.214 6.263 7.138 5
0.266 6.301 7.095 5
0.266 6.301 7.095 5
0.266 6.301 7.095 4
0.367 6.277 7.315 1
0.367 6.277 7.315 5
0.477 6.268 7.372 5
0.477 6.268 7.372 5
0.477 6.268 7.372 4
0.597 6.421 7.224 1
0.597 6.421 7.224 5
0.712 6.536 7.238 5
0.712 6.536 7.238 5
0.712 6.536 7.238 4
0.946 6.555 7.382 1
0.946 6.555 7.382 5
1.162 6.603 7.152 5
1.162 6.603 7.152 5
1.162 6.603 7.152 4
1.277 6.675 7.195 1
1.277 6.675 7.195 5
1.358 6.684 7.037 5
1.358 6.684 7.037 5
1.358 6.684 7.037 4
1.382 6.598 6.879 1
1.382 6.598 6.879 5
1.363 6.584 6.879 5
1.483 6.521 6.803 5
1.483 6.521 6.803 4
1.483 6.521 6.803 1
1.598 6.497 6.807 5
1.598 6.497 6.807 5
1.646 6.454 6.946 5
1.646 6.454 6.946 4
1.646 6.454 6.946 1
1.837 6.358 7.028 5
1.837 6.358 7.028 5
1.985 6.306 7.095 5
1.985 6.306 7.095 4
1.985 6.306 7.095 1
2.297 6.373 7.023 5
2.297 6.373 7.023 5
2.871 6.421 7.205 5
2.871 6.421 7.205 5
3.159 6.526 7.372 5
3.159 6.526 7.372 5
3.35 6.402 7.569 5
3.35 6.402 7.569 4
3.35 6.402 7.569 1
3.59 6.402 7.688 5
3.59 6.402 7.688 5
3.8 6.339 7.985 5
3.8 6.339 7.985 4
3.8 6.339 7.985 2
4.164 6.311 8.297 4
4.164 6.311 8.297 5
4.475 6.493 8.799 5
4.475 6.493 8.799 4
4.475 6.493 8.799 1
4.892 6.679 8.804 5
5.615 6.909 9.503 5
5.615 6.909 9.503 5
5.615 6.909 9.503 4
6.467 7.23 10.126 2
6.467 7.23 10.126 4
7.258 7.302 10.887 5
7.258 7.302 10.887 5
7.258 7.302 10.887 4
8.598 7.704 11.203 1
8.598 7.704 11.203 5
10.025 7.795 12.458 5
10.025 7.795 12.458 5
10.025 7.795 12.458 4
11.62 8.03 13.152 2
11.62 8.03 13.152 5
13.123 8.901 15.091 5
13.123 8.901 15.091 5
13.123 8.901 15.091 3
14.761 9.126 15.484 2
14.761 9.126 15.484 5
15.747 8.935 15.34 5
15.747 8.935 15.34 5
15.747 8.935 15.34 3
16.921 9.366 15.632 2
16.921 9.366 15.632 5
17.438 8.925 15.901 5
17.438 8.925 15.901 5
17.438 8.925 15.901 4
16.834 8.149 15.594 1
16.834 8.149 15.594 5
16.614 7.541 15.115 5
16.672 6.991 14.986 5
16.672 6.991 14.986 3
16.672 6.991 14.986 2
17.165 6.387 15.714 5
17.165 6.387 15.714 5
17.098 5.176 16.427 5
17.098 5.176 16.427 3
17.098 5.176 16.427 2
16.303 3.624 16.542 5
16.303 3.624 16.542 5
14.794 1.8 15.819 5
14.794 1.8 15.819 3
14.794 1.8 15.819 2
14.143 0.727 14.857 5
14.143 0.727 14.857 5
14.071 -0.229 14.828 5
14.071 -0.229 14.828 3
14.071 -0.229 14.828 2
12.702 -2.37 15.01 5
12.702 -2.37 15.01 5
10.729 -4.625 13.976 5
10.729 -4.625 13.976 3
10.729 -4.625 13.976 2
8.56 -6.023 14.229 5
8.56 -6.023 14.229 5
7.99 -8.911 13.291 5
7.99 -8.911 13.291 3
7.99 -8.911 13.291 2
4.442 -11.247 11.759 5
4.442 -11.247 11.759 5
0.262 -13.024 10.15 5
0.262 -13.024 10.15 3
0.262 -13.024 10.15 2
-1.763 -13.618 8.555 5
-3.309 -14.039 6.415 5
-3.309 -14.039 6.415 5
-3.309 -14.039 6.415 3
-5.148 -13.814 7.353 2
-5.148 -13.814 7.353 5
-6.211 -13.646 6.242 5
-6.211 -13.646 6.242 5
-6.211 -13.646 6.242 4
-7.169 -13.359 6.343 1
-7.169 -13.359 6.343 5
-8.414 -13.383 7.564 5
-8.414 -13.383 7.564 5
-8.414 -13.383 7.564 3
-8.835 -13.297 7.846 2
-8.835 -13.297 7.846 5
-8.936 -13.048 8.263 5
-8.936 -13.048 8.263 5
-8.936 -13.048 8.263 4
-8.998 -13.01 7.933 1
-8.998 -13.01 7.933 5
-9.003 -12.55 7.325 5
-9.003 -12.55 7.325 5
-9.003 -12.55 7.325 4
-9.582 -12.339 6.764 1
-9.582 -12.339 6.764 5
-10.808 -12.224 6.511 5
-10.808 -12.224 6.511 5
-10.808 -12.224 6.511 3
-11.718 -11.865 6.218 2
-11.718 -11.865 6.218 5
-12.369 -11.295 5.797 5
-12.369 -11.295 5.797 5
-12.369 -11.295 5.797 3
-12.69 -10.802 4.777 2
-13.097 -9.988 4.509 5
-13.097 -9.988 4.509 5
-13.164 -9.356 3.791 5
-13.164 -9.356 3.791 4
-13.164 -9.356 3.791 1
-12.996 -8.628 3.35 5
-12.996 -8.628 3.35 5
-12.929 -8.092 3.733 5
-12.929 -8.092 3.733 3
-12.929 -8.092 3.733 2
-13.068 -7.838 3.393 5
-13.068 -7.838 3.393 5
-13.451 -7.441 3.02 5
-13.451 -7.441 3.02 3
-13.451 -7.441 3.02 2
-13.806 -7.192 2.081 5
-13.806 -7.192 2.081 5
-14.332 -6.991 1.124 5
-14.332 -6.991 1.124 4
-14.332 -6.991 1.124 1
-14.955 -6.684 1.052 5
-14.955 -6.684 1.052 5
-15.3 -6.502 0.386 5
-15.3 -6.502 0.386 3
-15.3 -6.502 0.386 2
-15.453 -6.119 0.104 5
-15.453 -6.119 0.104 5
-15.247 -5.784 0.448 5
-15.247 -5.784 0.448 4
-15.247 -5.784 0.448 1
-15.079 -5.683 1.473 5
-14.811 -5.578 2.153 5
-14.811 -5.578 2.153 5
-14.811 -5.578 2.153 4
-14.543 -5.377 2.67 1
-14.543 -5.377 2.67 5
-13.906 -5.018 2.958 5
-13.906 -5.018 2.958 5
-13.906 -5.018 2.958 3
-12.829 -4.462 3.269 2
-12.829 -4.462 3.269 5
-11.737 -3.955 3.628 5
-11.737 -3.955 3.628 5
-11.737 -3.955 3.628 3
-10.779 -3.342 3.968 2
-10.779 -3.342 3.968 5
-9.616 -2.676 3.973 5
-9.616 -2.676 3.973 5
-9.616 -2.676 3.973 4
-8.428 -1.987 4.389 1
-8.428 -1.987 4.389 5
-7.624 -1.738 4.705 5
-7.624 -1.738 4.705 5
-7.624 -1.738 4.705 4
-7.217 -1.546 5.06 1
-7.217 -1.546 5.06 5
-6.944 -1.671 4.969 5
-6.944 -1.671 4.969 5
-6.944 -1.671 4.969 4
-7.054 -1.661 5.227 1
-7.054 -1.661 5.227 5
-7.25 -1.642 5.543 5
-6.47 -1.307 6.247 5
-6.47 -1.307 6.247 4
-4.99 -0.972 7.53 7
-4.99 -0.972 7.53 4
-2.615 -0.191 9.398 5
-2.615 -0.191 9.398 4
-2.615 -0.191 9.398 1
0.803 1.47 11.433 5
0.803 1.47 11.433 5
2.919 2.628 12.889 5
2.919 2.628 12.889 4
2.919 2.628 12.889 1
3.594 3.438 13.492 5
3.594 3.438 13.492 5
3.633 4.29 12.697 5
3.633 4.29 12.697 4
3.633 4.29 12.697 1
3.604 5.013 11.921 5
3.604 5.013 11.921 5
3.307 5.334 11.696 5
3.307 5.334 11.696 4
3.307 5.334 11.696 1
3.977 6.244 11.768 5
3.977 6.244 11.768 5
5.902 7.493 13.664 5
5.902 7.493 13.664 4
5.902 7.493 13.664 1
7.176 8.336 14.756 5
7.176 8.336 14.756 5
7.114 8.959 14.794 5
7.114 8.959 14.794 4
7.114 8.959 14.794 1
6.625 9.404 13.401 5
6.046 9.619 11.807 5
6.046 9.619 11.807 5
6.046 9.619 11.807 4
5.515 9.643 10.538 1
5.515 9.643 10.538 5
5.601 9.969 9.795 5
5.601 9.969 9.795 5
5.601 9.969 9.795 4
5.543 9.988 8.881 1
5.543 9.988 8.881 5
4.825 9.816 8.263 5
4.825 9.816 8.263 5
4.825 9.816 8.263 4
4.112 9.485 7.756 2
4.112 9.485 7.756 4
3.47 9.155 7.554 5
3.47 9.155 7.554 5
3.47 9.155 7.554 4
2.771 8.877 7.296 1
2.771 8.877 7.296 5
2.139 8.58 7.133 5
2.139 8.58 7.133 5
2.139 8.58 7.133 4
1.847 8.274 7.741 1
1.847 8.274 7.741 5
1.732 7.934 8.177 5
1.732 7.934 8.177 5
1.732 7.934 8.177 4
1.708 7.8 8.182 1
1.708 7.8 8.182 5
1.612 7.709 7.87 5
1.612 7.709 7.87 5
1.612 7.709 7.87 4
1.483 7.651 7.353 1
1.219 7.479 7.133 5
1.219 7.479 7.133 5
0.726 7.35 6.745 5
0.726 7.35 6.745 4
0.726 7.35 6.745 1
0.396 7.12 6.582 5
0.396 7.12 6.582 5
0.223 6.991 6.688 5
0.223 6.991 6.688 4
0.223 6.991 6.688 1
0.094 6.828 7.143 5
0.094 6.828 7.143 5
-0.116 6.646 7.435 5
-0.116 6.646 7.435 4
-0.116 6.646 7.435 1
-0.12 6.454 7.779 5
-0.12 6.454 7.779 5
0.065 6.598 7.861 5
0.065 6.598 7.861 4
0.065 6.598 7.861 1
0.415 6.818 7.794 5
0.415 6.818 7.794 5
0.597 6.971 7.612 5
0.597 6.971 7.612 5
0.597 6.971 7.612 1
0.597 7.091 7.31 4
0.597 7.091 7.31 5
0.401 7.11 7.162 5
0.401 7.11 7.162 4
0.401 7.11 7.162 1
0.147 7.048 6.841 5
-0.14 6.924 6.597 5
-0.14 6.924 6.597 5
-0.14 6.924 6.597 4
-0.412 6.9 6.309 1
-0.412 6.9 6.309 5
-0.408 6.943 6.214 5
-0.408 6.943 6.214 5
-0.408 6.943 6.214 4
-0.264 7.034 6.257 1
-0.264 7.034 6.257 5
-0.096 7.082 6.458 5
-0.096 7.082 6.458 5
-0.096 7.082 6.458 4
0.094 7.115 6.645 1
0.094 7.115 6.645 5
0.152 7.196 6.793 6
0.152 7.196 6.793 5
0.152 7.196 6.793 3
0.128 7.168 6.702 2
0.128 7.168 6.702 5
0.089 7.254 6.381 5
0.089 7.254 6.381 5
0.089 7.254 6.381 4
0.037 7.359 6.108 1
0.037 7.359 6.108 5
-0.125 7.326 5.816 5
-0.125 7.326 5.816 5
-0.125 7.326 5.816 3
-0.317 7.393 5.639 2
-0.317 7.393 5.639 5
-0.46 7.398 5.519 5
-0.46 7.398 5.519 5
-0.46 7.398 5.519 3
-0.542 7.388 5.419 2
-0.561 7.383 5.548 5
-0.561 7.383 5.548 5
-0.46 7.402 5.74 5
-0.46 7.402 5.74 4
-0.226 7.34 6.338 6
-0.226 7.34 6.338 5
-0.116 7.311 6.731 5
-0.116 7.311 6.731 3
-0.116 7.311 6.731 2
0.037 7.278 6.836 5
0.037 7.278 6.836 5
0.166 7.374 7.028 5
0.166 7.374 7.028 4
0.204 7.445 6.731 6
0.204 7.445 6.731 5
0.07 7.465 6.616 5
0.07 7.465 6.616 4
0.07 7.465 6.616 1
-0.173 7.359 6.573 5
-0.173 7.359 6.573 5
-0.436 7.24 6.482 5
-0.436 7.24 6.482 3
-0.436 7.24 6.482 2
-0.547 7.149 6.448 5
-0.547 7.149 6.448 5
-0.499 7.177 6.515 5
-0.499 7.177 6.515 3
-0.499 7.177 6.515 2
-0.302 7.278 6.563 5
-0.034 7.316 6.683 5
-0.034 7.316 6.683 5
-0.034 7.316 6.683 4
0.123 7.422 6.697 1
0.123 7.422 6.697 5
0.142 7.359 6.75 5
0.142 7.359 6.75 5
0.142 7.359 6.75 3
-0.01 7.254 6.985 2
-0.01 7.254 6.985 5
-0.02 7.211 6.865 5
-0.02 7.211 6.865 5
-0.02 7.211 6.865 3
0.013 7.196 7.123 2
0.013 7.196 7.123 5
0.391 7.45 6.812 5
0.391 7.45 6.812 5
0.391 7.45 6.812 4
0.788 7.704 6.669 6
0.535 7.536 6.525 5
0.535 7.536 6.525 5
0.535 7.536 6.525 3
0.128 7.422 6.271 2
0.128 7.422 6.271 5
-0.01 7.335 6.309 5
-0.01 7.335 6.309 5
-0.01 7.335 6.309 4
0.022 7.283 6.764 1
0.022 7.283 6.764 5
-0.111 7.235 6.961 5
-0.111 7.235 6.961 5
-0.111 7.235 6.961 4
-0.499 6.89 6.989 6
-0.499 6.89 6.989 5
-0.719 6.823 6.884 5
-0.719 6.823 6.884 3
-0.719 6.823 6.884 2
-0.671 6.818 6.716 5
-0.671 6.818 6.716 5
-0.527 6.938 6.76 5
-0.527 6.938 6.76 3
-0.527 6.938 6.76 2
-0.532 6.952 6.496 5
-0.532 6.952 6.496 5
-0.676 6.876 6.496 5
-0.676 6.876 6.496 4
-0.676 6.876 6.496 1
-0.724 6.866 6.487 5
-0.724 6.866 6.487 5
-0.547 6.976 6.396 5
-0.547 6.976 6.396 3
-0.547 6.976 6.396 2
-0.36 7.105 6.396 5
-0.36 7.105 6.396 5
-0.13 7.125 6.635 5
-0.13 7.125 6.635 3
-0.13 7.125 6.635 2
0.008 7.235 6.702 5
0.008 7.235 6.702 5
0.089 7.273 6.827 5
0.089 7.273 6.827 4
0.027 7.206 6.803 6
0.027 7.206 6.803 5
-0.053 7.22 6.683 5
-0.053 7.22 6.683 3
-0.005 7.273 6.549 2
-0.005 7.273 6.549 5
0.132 7.398 6.367 5
0.132 7.398 6.367 5
0.132 7.398 6.367 4
0.262 7.469 6.4 1
0.262 7.469 6.4 5
0.3 7.508 6.405 5
0.3 7.508 6.405 5
0.3 7.508 6.405 4
0.391 7.541 6.491 1
0.391 7.541 6.491 5
0.424 7.536 6.52 5
0.424 7.536 6.52 5
0.424 7.536 6.52 4
0.405 7.484 6.659 1
0.405 7.484 6.659 5
0.329 7.398 6.783 5
0.329 7.398 6.783 5
0.329 7.398 6.783 4
0.166 7.335 6.645 1
0.166 7.335 6.645 5
-0.034 7.287 6.602 5
-0.034 7.287 6.602 5
-0.034 7.287 6.602 4
-0.183 7.196 6.597 1
-0.183 7.196 6.597 5
-0.187 7.244 6.558 5
-0.187 7.244 6.558 5
-0.187 7.244 6.558 4
-0.063 7.287 6.587 1
0.046 7.383 6.616 5
0.046 7.383 6.616 6
0.089 7.378 6.712 5
0.089 7.378 6.712 3
0.089 7.378 6.712 1
0.061 7.388 6.726 5
0.061 7.388 6.726 5
-0.005 7.34 6.673 5
-0.005 7.34 6.673 4
-0.096 7.345 6.669 6
-0.096 7.345 6.669 5
-0.192 7.278 6.726 5
-0.192 7.278 6.726 4
-0.192 7.278 6.726 1
-0.235 7.264 6.688 5
-0.235 7.264 6.688 5
-0.307 7.23 6.53 5
-0.307 7.23 6.53 4
-0.307 7.23 6.53 1
-0.36 7.144 6.482 5
-0.36 7.144 6.482 5
-0.369 7.139 6.477 5
-0.369 7.139 6.477 4
-0.369 7.139 6.477 1
-0.345 7.187 6.3 5
-0.345 7.187 6.3 5
-0.317 7.196 6.295 5
-0.317 7.196 6.295 4
-0.317 7.196 6.295 1
-0.288 7.187 6.319 5
-0.288 7.187 6.319 5
-0.259 7.192 6.305 5
-0.259 7.192 6.305 4
-0.235 7.206 6.381 1
-0.235 7.206 6.381 5
-0.125 7.244 6.554 5
-0.125 7.244 6.554 5
-0.125 7.244 6.554 4
-0.101 7.307 6.487 1
-0.101 7.307 6.487 5
-0.111 7.283 6.645 5
-0.111 7.283 6.645 5
-0.111 7.283 6.645 4
-0.154 7.273 6.692 1
-0.154 7.273 6.692 5
-0.183 7.244 6.616 5
-0.183 7.244 6.616 5
-0.183 7.244 6.616 4
-0.159 7.268 6.573 1
-0.159 7.268 6.573 5
-0.149 7.316 6.563 5
-0.149 7.316 6.563 5
-0.149 7.316 6.563 5
-0.154 7.359 6.592 1
-0.154 7.359 6.592 4
-0.087 7.359 6.578 5
-0.087 7.359 6.578 5
-0.087 7.359 6.578 4
-0.039 7.345 6.616 1
-0.039 7.345 6.616 5
-0.068 7.364 6.731 5
-0.087 7.359 6.779 5
-0.087 7.359 6.779 4
-0.087 7.359 6.779 1
-0.082 7.354 6.889 5
-0.082 7.354 6.889 5
-0.073 7.331 6.75 5
-0.073 7.331 6.75 4
-0.044 7.345 5.955 6
-0.044 7.345 5.955 5
0.247 8.068 4.696 5
0.247 8.068 4.696 4
0.247 8.068 4.696 1
0.343 7.412 6.568 5
0.343 7.412 6.568 5
0.362 7.465 6.003 5
0.362 7.465 6.003 4
0.362 7.465 6.003 2
0.104 7.273 7.114 4
0.104 7.273 7.114 5
0.037 7.091 7.09 5
0.037 7.091 7.09 4
0.037 7.091 7.09 2
-0.096 7.144 7.128 4
-0.096 7.144 7.128 5
-0.192 7.134 6.889 5
-0.192 7.134 6.889 4
-0.192 7.134 6.889 1
-0.24 7.153 7.08 5
-0.24 7.153 7.08 5
-0.073 7.244 7.492 5
-0.073 7.244 7.492 4
-0.073 7.244 7.492 1
0.056 7.383 7.55 5
0.056 7.383 7.55 5
0.017 7.383 7.258 5
0.017 7.383 7.258 5
-0.096 7.503 6.443 5
-0.125 7.56 5.807 5
-0.125 7.56 5.807 5
-0.125 7.56 5.807 4
-0.135 7.546 5.735 1
-0.135 7.546 5.735 5
-0.149 7.455 6.013 5
-0.149 7.455 6.013 5
-0.149 7.455 6.013 4
-0.183 7.369 6.257 2
-0.183 7.369 6.257 5
-0.312 7.249 6.539 4
-0.312 7.249 6.539 5
-0.312 7.249 6.539 5
-0.326 7.082 6.602 1
-0.326 7.082 6.602 5
-0.456 7.077 6.683 5
-0.456 7.077 6.683 5
-0.456 7.077 6.683 3
-0.537 6.995 6.707 2
-0.537 6.995 6.707 5
-0.599 7.067 6.683 5
-0.599 7.067 6.683 5
-0.599 7.067 6.683 3
-0.623 7.11 6.487 2
-0.623 7.11 6.487 5
-0.657 7.225 6.391 5
-0.657 7.225 6.391 5
-0.657 7.225 6.391 4
-0.614 7.244 6.309 1
-0.58 7.34 6.252 5
-0.58 7.34 6.252 5
-0.494 7.388 6.161 5
-0.494 7.388 6.161 3
-0.494 7.388 6.161 2
-0.398 7.412 6.175 5
-0.398 7.412 6.175 5
-0.355 7.445 6.166 5
-0.355 7.445 6.166 3
-0.355 7.445 6.166 2
-0.278 7.398 6.266 5
-0.278 7.398 6.266 5
-0.24 7.455 6.285 5
-0.24 7.455 6.285 4
-0.259 7.335 6.29 6
-0.259 7.335 6.29 5
-0.278 7.345 6.319 5
-0.278 7.345 6.319 3
-0.278 7.345 6.319 2
-0.317 7.302 6.348 5
-0.317 7.302 6.348 5
-0.293 7.254 6.338 5
-0.293 7.254 6.338 4
-0.293 7.254 6.338 1
-0.293 7.287 6.309 5
-0.293 7.287 6.309 5
-0.331 7.23 6.285 5
-0.331 7.23 6.285 4
-0.331 7.23 6.285 1
-0.317 7.201 6.415 5
-0.317 7.201 6.415 5
-0.25 7.216 6.434 5
-0.25 7.216 6.434 3
-0.245 7.307 6.487 2
-0.245 7.307 6.487 5
-0.221 7.225 6.52 5
-0.221 7.225 6.52 5
-0.221 7.225 6.52 3
-0.216 7.259 6.64 2
-0.216 7.259 6.64 5
-0.197 7.268 6.76 5
-0.197 7.268 6.76 5
-0.197 7.268 6.76 4
-0.192 7.254 6.702 1
-0.192 7.254 6.702 5
-0.259 7.283 6.534 5
-0.259 7.283 6.534 5
-0.259 7.283 6.534 3
-0.374 7.249 6.463 2
-0.374 7.249 6.463 5
-0.398 7.196 6.511 5
-0.398 7.196 6.511 5
-0.398 7.196 6.511 3
-0.489 7.168 6.501 2
-0.489 7.168 6.501 5
-0.494 7.158 6.573 5
-0.494 7.158 6.573 5
-0.494 7.158 6.573 4
-0.513 7.163 6.467 6
-0.47 7.22 6.472 5
-0.47 7.22 6.472 5
-0.47 7.22 6.472 3
-0.408 7.259 6.487 2
-0.331 7.374 6.396 5
-0.331 7.374 6.396 5
-0.269 7.359 6.482 5
-0.269 7.359 6.482 4
-0.269 7.359 6.482 1
-0.274 7.383 6.458 5
-0.274 7.383 6.458 5
-0.245 7.345 6.448 5
-0.245 7.345 6.448 4
-0.245 7.345 6.448 1
-0.245 7.345 6.41 5
-0.245 7.345 6.41 5
-0.331 7.297 6.487 5
-0.331 7.297 6.487 3
-0.331 7.297 6.487 2
-0.36 7.24 6.611 5
-0.36 7.24 6.611 5
-0.427 7.173 6.544 5
-0.427 7.173 6.544 3
-0.427 7.173 6.544 2
-0.441 7.206 6.52 5
-0.441 7.206 6.52 5
-0.336 7.23 6.487 5
-0.336 7.23 6.487 4
-0.336 7.23 6.487 1
-0.317 7.297 6.496 5
-0.317 7.297 6.496 5
-0.226 7.383 6.482 5
-0.226 7.383 6.482 3
-0.226 7.383 6.482 2
-0.197 7.388 6.53 5
-0.197 7.388 6.53 5
-0.207 7.378 6.563 5
-0.207 7.378 6.563 3
-0.173 7.335 6.822 2
-0.173 7.335 6.822 5
-0.173 7.35 6.707 5
-0.173 7.35 6.707 5
-0.173 7.35 6.707 4
-0.307 7.283 6.611 1
-0.307 7.283 6.611 5
-0.365 7.268 6.578 5
-0.365 7.268 6.578 5
-0.365 7.268 6.578 3
-0.384 7.22 6.53 2
-0.384 7.22 6.53 5
-0.398 7.23 6.544 5
-0.398 7.23 6.544 5
-0.398 7.23 6.544 4
-0.326 7.278 6.573 1
-0.326 7.278 6.573 5
-0.288 7.326 6.53 5
-0.288 7.326 6.53 5
-0.288 7.326 6.53 4
-0.25 7.335 6.491 1
-0.25 7.335 6.491 5
-0.307 7.307 6.582 5
-0.307 7.307 6.582 5
-0.307 7.307 6.582 4
-0.298 7.287 6.602 1
-0.298 7.287 6.602 5
-0.254 7.307 6.477 5
-0.254 7.307 6.477 5
-0.254 7.307 6.477 4
-0.274 7.278 6.539 1
-0.274 7.216 6.573 5
-0.274 7.216 6.573 5
-0.298 7.206 6.611 5
-0.298 7.206 6.611 4
-0.298 7.206 6.611 1
-0.336 7.24 6.592 5
-0.336 7.24 6.592 5
-0.412 7.187 6.477 5
-0.412 7.187 6.477 4
-0.412 7.187 6.477 1
-0.436 7.149 6.53 5
-0.436 7.149 6.53 5
-0.417 7.187 6.491 5
-0.417 7.187 6.491 4
-0.417 7.187 6.491 1
-0.336 7.22 6.606 5
-0.336 7.22 6.606 5
-0.269 7.254 6.587 5
-0.269 7.254 6.587 4
-0.207 7.292 6.592 6
-0.207 7.292 6.592 5
-0.13 7.383 6.53 5
-0.13 7.383 6.53 4
-0.13 7.383 6.53 1
-0.111 7.354 6.578 5
-0.111 7.354 6.578 5
-0.192 7.316 6.544 5
-0.192 7.316 6.544 4
-0.192 7.316 6.544 1
-0.254 7.235 6.563 5
-0.254 7.235 6.563 5
-0.331 7.235 6.568 5
-0.331 7.235 6.568 4
-0.345 7.187 6.659 1
-0.345 7.187 6.659 5
-0.322 7.206 6.702 5
-0.322 7.206 6.702 5
-0.322 7.206 6.702 4
-0.312 7.206 6.76 1
-0.312 7.206 6.76 5
-0.307 7.244 6.673 5
-0.307 7.244 6.673 5
-0.307 7.244 6.673 4
-0.259 7.206 6.635 1
-0.259 7.206 6.635 5
-0.302 7.254 6.558 5
-0.302 7.254 6.558 5
-0.302 7.254 6.558 4
-0.278 7.264 6.511 2
-0.278 7.264 6.511 4
-0.278 7.24 6.563 5
-0.278 7.24 6.563 5
-0.278 7.24 6.563 4
-0.288 7.316 6.42 1
-0.288 7.316 6.42 5
-0.245 7.273 6.434 5
-0.245 7.273 6.434 5
-0.245 7.273 6.434 4
-0.254 7.283 6.463 1
-0.254 7.283 6.463 5
-0.274 7.292 6.429 5
-0.274 7.292 6.429 5
-0.274 7.292 6.429 5
-0.326 7.244 6.482 5
-0.393 7.182 6.649 5
-0.403 7.149 6.688 5
-0.403 7.149 6.688 4
-0.403 7.149 6.688 2
-0.336 7.216 6.664 4
-0.336 7.216 6.664 5
-0.288 7.254 6.568 5
-0.288 7.254 6.568 4
-0.288 7.254 6.568 1
-0.269 7.273 6.458 5
-0.269 7.273 6.458 5
-0.283 7.259 6.52 5
-0.283 7.259 6.52 4
-0.283 7.259 6.52 1
-0.25 7.259 6.487 5
-0.25 7.259 6.487 5
-0.254 7.254 6.506 5
-0.254 7.254 6.506 4
-0.254 7.254 6.506 1
-0.216 7.23 6.582 5
-0.216 7.23 6.582 5
-0.183 7.268 6.625 5
-0.183 7.268 6.625 4
-0.183 7.268 6.625 1
-0.168 7.292 6.616 5
-0.168 7.292 6.616 5
-0.087 7.297 6.525 5
-0.087 7.297 6.525 4
-0.087 7.297 6.525 1
-0.116 7.335 6.511 5
-0.116 7.335 6.511 5
-0.154 7.268 6.515 5
-0.154 7.268 6.515 4
-0.259 7.268 6.649 1
-0.259 7.268 6.649 5
-0.259 7.216 6.755 5
-0.259 7.216 6.755 5
-0.259 7.216 6.755 4
-0.269 7.244 6.587 1
-0.269 7.244 6.587 5
-0.317 7.244 6.573 5
-0.317 7.244 6.573 5
-0.317 7.244 6.573 5
-0.345 7.201 6.515 5
-0.302 7.259 6.554 5
-0.302 7.259 6.554 5
-0.302 7.259 6.554 4
-0.278 7.249 6.573 1
-0.278 7.249 6.573 5
-0.302 7.201 6.558 6
-0.302 7.201 6.558 5
-0.302 7.201 6.558 3
-0.307 7.225 6.53 2
-0.307 7.225 6.53 5
-0.307 7.22 6.573 5
-0.307 7.22 6.573 5
-0.307 7.22 6.573 4
-0.307 7.24 6.592 6
-0.235 7.268 6.616 5
-0.235 7.268 6.616 5
-0.235 7.268 6.616 3
-0.216 7.273 6.491 2
-0.216 7.273 6.491 5
-0.173 7.307 6.4 5
-0.13 7.383 6.309 5
-0.13 7.383 6.309 3
-0.13 7.383 6.309 2
-0.173 7.364 6.357 5
-0.173 7.364 6.357 5
-0.221 7.316 6.424 5
-0.221 7.316 6.424 4
-0.221 7.316 6.424 1
-0.207 7.316 6.477 5
-0.207 7.316 6.477 5
-0.187 7.34 6.592 5
-0.187 7.34 6.592 3
-0.187 7.34 6.592 2
-0.106 7.364 6.458 5
-0.106 7.364 6.458 5
-0.092 7.354 6.683 5
-0.092 7.354 6.683 3
-0.092 7.354 6.683 2
-0.087 7.335 6.697 5
-0.087 7.335 6.697 5
-0.154 7.326 6.558 5
-0.154 7.326 6.558 4
-0.226 7.326 6.52 6
-0.226 7.326 6.52 5
-0.278 7.287 5.682 5
-0.278 7.287 5.682 3
-0.278 7.287 5.682 2
0.041 7.929 5.007 5
0.041 7.929 5.007 5
0.123 7.216 6.262 5
0.123 7.216 6.262 4
0.19 7.354 6.477 1
0.19 7.354 6.477 5
-0.106 7.072 7.214 5
-0.106 7.072 7.214 5
-0.106 7.072 7.214 4
-0.211 7.019 7.176 1
-0.211 7.019 7.176 5
-0.202 7.029 7.305 5
-0.202 7.029 7.305 5
-0.202 7.029 7.305 3
-0.183 7.062 7.387 2
-0.183 7.062 7.387 5
-0.116 7.235 7.176 5
-0.116 7.235 7.176 5
-0.116 7.235 7.176 3
-0.101 7.321 7.052 2
-0.101 7.321 7.052 5
-0.154 7.364 6.597 5
-0.154 7.364 6.597 5
-0.154 7.364 6.597 4
-0.135 7.508 6.046 1
-0.135 7.508 6.046 5
-0.211 7.742 5.538 5
-0.211 7.742 5.538 5
-0.211 7.742 5.538 3
-0.144 7.321 6.376 2
-0.144 7.321 6.376 5
-0.101 7.388 6.228 5
-0.101 7.388 6.228 5
-0.101 7.388 6.228 3
-0.269 7.201 6.525 2
-0.269 7.201 6.525 5
-0.312 7.082 6.635 5
-0.427 7.115 6.63 5
-0.427 7.115 6.63 4
-0.427 7.115 6.63 2
-0.432 7.058 6.649 4
-0.432 7.058 6.649 5
-0.489 7.072 6.793 5
-0.489 7.072 6.793 3
-0.489 7.072 6.793 2
-0.532 7.163 6.76 5
-0.532 7.163 6.76 5
-0.513 7.287 6.764 5
-0.513 7.287 6.764 4
-0.513 7.287 6.764 1
-0.46 7.417 6.41 5
-0.46 7.417 6.41 5
-0.422 7.57 6.338 5
-0.422 7.57 6.338 4
-0.365 7.517 6.386 6
-0.365 7.517 6.386 5
-0.369 7.565 6.472 5
-0.369 7.565 6.472 3
-0.369 7.565 6.472 2
-0.278 7.445 6.4 5
-0.278 7.445 6.4 5
-0.436 7.46 6.477 5
-0.436 7.46 6.477 3
-0.436 7.46 6.477 2
-0.436 7.426 6.501 5
-0.436 7.426 6.501 5
-0.422 7.383 6.568 5
-0.422 7.383 6.568 4
-0.47 7.302 6.453 1
-0.47 7.302 6.453 5
-0.494 7.302 6.463 5
-0.494 7.302 6.463 5
-0.494 7.302 6.463 3
-0.46 7.24 6.506 2
-0.46 7.24 6.506 5
-0.393 7.297 6.587 5
-0.393 7.297 6.587 5
-0.393 7.297 6.587 3
-0.393 7.268 6.544 2
-0.393 7.268 6.544 5
-0.417 7.211 6.525 5
-0.417 7.211 6.525 5
-0.417 7.211 6.525 4
-0.436 7.22 6.635 6
-0.369 7.259 6.53 5
-0.369 7.259 6.53 5
-0.369 7.259 6.53 4
-0.326 7.316 6.525 1
-0.326 7.316 6.525 5
-0.24 7.354 6.611 5
-0.24 7.354 6.611 5
-0.24 7.354 6.611 4
-0.178 7.364 6.592 1
-0.178 7.364 6.592 5
-0.14 7.388 6.673 5
-0.14 7.388 6.673 5
-0.14 7.388 6.673 4
-0.226 7.331 6.563 1
-0.226 7.331 6.563 5
-0.326 7.335 6.573 5
-0.384 7.292 6.467 5
-0.384 7.292 6.467 4
-0.384 7.292 6.467 1
-0.412 7.249 6.477 5
-0.412 7.249 6.477 5
-0.379 7.264 6.448 5
-0.379 7.264 6.448 4
-0.379 7.264 6.448 1
-0.398 7.326 6.477 5
-0.398 7.326 6.477 5
-0.436 7.292 6.434 5
-0.436 7.292 6.434 4
-0.436 7.292 6.434 1
-0.412 7.307 6.472 5
-0.412 7.307 6.472 5
-0.412 7.264 6.511 5
-0.412 7.264 6.511 4
-0.412 7.264 6.511 1
-0.422 7.273 6.525 5
-0.422 7.273 6.525 5
-0.417 7.249 6.578 5
-0.417 7.249 6.578 4
-0.417 7.249 6.578 1
-0.398 7.278 6.458 5
-0.398 7.278 6.458 5
-0.393 7.316 6.563 5
-0.393 7.316 6.563 5
-0.341 7.321 6.659 5
-0.341 7.321 6.659 5
-0.302 7.283 6.664 5
-0.302 7.283 6.664 4
-0.326 7.331 6.525 1
-0.326 7.331 6.525 5
-0.341 7.35 6.357 5
-0.341 7.35 6.357 5
-0.341 7.35 6.357 4
-0.355 7.34 6.424 1
-0.355 7.34 6.424 5
-0.345 7.374 6.463 5

# Completed @Sun Mar 26 22:20:58 GMT+02:00 2017
