# Accelerometer Data File
# Started @Fri Mar 31 10:01:41 GMT+02:00 2017
#
#
# sensor Vendor: Invensense
# sensor Name: ICM20610 Acceleration Sensor
# sensor Resolution: 0.0011971008m/sec^2; Max Range: 39.2266; Min Delay: 5000 microseconds
# The sensor's attributes are the result hardware and the Android capabilities.
# It means that the Android may not utilize all features provided by the hardware.
#
# Some devices and Android versions save battery too much so the device may go to sleep.
# It just happens after couple of minutes from turning off the scree and it is easy to find it out.
#
# The following file provides the data from accelerometer in the m/s^2 format.
# The diff value is just a time delta between the samples
#
#
# data format:
# so we have 4 columns with values separated by the " "
# X Y Z time_from_previous_sample(ms)

# sensor speed set to:FASTEST
# units set to: m/sec^2
# gravity NOT filtered out
# Accuracy: HIGH
-0.149 7.168 6.669 0
-0.149 7.168 6.669 1
-0.173 7.062 6.922 5
-0.173 7.062 6.922 5
-0.187 7.048 6.98 5
-0.187 7.048 6.98 3
-0.187 7.048 6.98 2
-0.14 7.11 7.013 5
-0.14 7.11 7.013 5
-0.154 7.182 6.812 5
-0.154 7.182 6.812 3
-0.154 7.182 6.812 2
-0.264 7.192 6.74 5
-0.264 7.192 6.74 5
-0.254 7.24 6.549 5
-0.254 7.24 6.549 3
-0.254 7.24 6.549 2
-0.264 7.264 6.506 5
-0.264 7.264 6.506 5
-0.302 7.244 6.578 5
-0.302 7.244 6.578 3
-0.326 7.287 6.64 2
-0.326 7.287 6.64 5
-0.245 7.297 6.573 5
-0.245 7.297 6.573 5
-0.245 7.297 6.573 3
-0.087 7.302 6.855 2
-0.087 7.302 6.855 5
0.022 7.335 6.807 5
0.022 7.335 6.807 5
0.022 7.335 6.807 4
-0.01 7.307 6.965 1
-0.01 7.307 6.965 5
-0.015 7.249 6.908 5
-0.015 7.249 6.908 5
-0.015 7.249 6.908 3
-0.044 7.292 6.874 2
-0.044 7.292 6.874 5
0.017 7.211 6.745 5
0.017 7.211 6.745 5
0.017 7.211 6.745 3
0.18 7.287 6.582 2
0.18 7.287 6.582 5
0.247 7.493 6.472 5
0.247 7.493 6.472 5
0.247 7.493 6.472 4
0.161 7.374 6.257 1
0.161 7.374 6.257 5
-0.12 7.35 6.29 5
-0.12 7.35 6.29 5
-0.12 7.35 6.29 3
-0.187 7.201 6.314 2
-0.226 7.005 6.482 5
-0.226 7.005 6.482 5
-0.164 7.01 6.889 5
-0.164 7.01 6.889 3
-0.164 7.01 6.889 2
0.061 6.794 7.08 5
0.061 6.794 7.08 5
0.252 6.789 7.43 5
0.252 6.789 7.43 3
0.252 6.789 7.43 2
0.329 6.775 7.435 5
0.329 6.775 7.435 5
0.271 6.909 7.416 5
0.271 6.909 7.416 3
0.271 6.909 7.416 2
0.147 6.842 7.483 5
0.147 6.842 7.483 5
0.31 6.933 7.267 5
0.31 6.933 7.267 3
0.31 6.933 7.267 2
0.329 6.986 7.459 5
0.329 6.986 7.459 5
0.314 6.852 7.703 5
0.314 6.852 7.703 4
0.314 6.852 7.703 1
0.233 6.928 7.588 5
0.233 6.928 7.588 5
0.228 6.957 7.454 5
0.228 6.957 7.454 3
0.195 7.034 7.205 2
0.195 7.034 7.205 5
0.108 7.024 7.109 5
0.108 7.024 7.109 5
0.108 7.024 7.109 3
0.089 7.038 6.975 2
0.089 7.038 6.975 5
0.056 7.034 6.932 5
0.056 7.034 6.932 5
0.056 7.034 6.932 4
0.065 7.01 6.908 1
0.065 7.01 6.908 5
0.017 7.005 6.965 5
0.017 7.005 6.965 5
0.017 7.005 6.965 3
-0.058 6.909 7.08 2
-0.058 6.909 7.08 5
-0.149 6.852 7.042 5
-0.149 6.852 7.042 5
-0.149 6.852 7.042 4
-0.207 6.861 6.989 1
-0.207 6.861 6.989 5
-0.192 6.928 6.807 5
-0.192 6.928 6.807 5
-0.192 6.928 6.807 4
-0.207 6.928 6.721 1
-0.207 6.928 6.721 5
-0.187 6.914 6.683 5
-0.187 6.914 6.683 5
-0.187 6.914 6.683 4
0.084 6.967 6.769 1
0.152 6.991 6.941 5
0.152 6.991 6.941 5
0.07 6.876 7.042 5
0.07 6.876 7.042 4
0.07 6.876 7.042 1
0.022 6.833 7.013 6
0.022 6.833 7.013 4
-0.053 6.837 6.965 5
-0.053 6.837 6.965 4
-0.053 6.837 6.965 1
-0.183 6.751 6.961 5
-0.183 6.751 6.961 5
-0.216 6.737 6.989 5
-0.216 6.737 6.989 4
-0.216 6.737 6.989 1
-0.154 6.766 7.042 5
-0.154 6.766 7.042 5
-0.082 6.847 6.98 5
-0.082 6.847 6.98 4
-0.082 6.847 6.98 1
-0.01 6.9 6.894 6
-0.01 6.9 6.894 4
0.017 6.943 6.807 5
0.017 6.943 6.807 4
0.017 6.943 6.807 1
-0.077 6.943 6.841 5
-0.077 6.943 6.841 5
-0.063 6.976 6.851 5
-0.063 6.976 6.851 4
-0.063 6.976 6.851 1
0.003 7.01 6.918 5
-0.077 6.991 6.951 5
-0.077 6.991 6.951 5
-0.077 6.991 6.951 4
-0.044 7.01 7.08 1
-0.044 7.01 7.08 6
0.037 7.019 7.052 4
0.037 7.019 7.052 5
0.037 7.019 7.052 4
0.003 6.995 7.243 1
0.003 6.995 7.243 5
-0.025 6.943 7.262 5
-0.025 6.943 7.262 5
-0.025 6.943 7.262 4
-0.082 6.933 7.167 1
-0.082 6.933 7.167 5
-0.029 6.962 7.258 5
-0.029 6.962 7.258 5
-0.029 6.962 7.258 4
-0.049 7.0 7.272 1
-0.049 7.0 7.272 6
-0.068 6.995 7.138 5
-0.068 6.995 7.138 5
-0.068 6.995 7.138 3
0.075 7.077 7.009 1
0.075 7.077 7.009 5
0.108 7.115 6.927 5
0.108 7.115 6.927 5
0.108 7.115 6.927 4
0.08 7.077 6.898 1
0.051 7.058 6.836 5
0.051 7.058 6.836 5
0.022 7.038 6.975 5
0.022 7.038 6.975 4
0.022 7.038 6.975 1
-0.034 6.957 7.013 6
-0.034 6.957 7.013 5
-0.044 6.952 7.114 5
-0.044 6.952 7.114 3
-0.044 6.952 7.114 1
-0.092 6.957 7.071 5
-0.092 6.957 7.071 5
-0.058 6.943 7.047 5
-0.058 6.943 7.047 4
-0.058 6.943 7.047 1
-0.068 6.991 6.874 5
-0.068 6.991 6.874 5
0.075 7.019 6.87 5
0.075 7.019 6.87 4
0.075 7.019 6.87 1
0.199 7.062 6.87 6
0.199 7.062 6.87 5
0.147 7.067 6.932 5
0.147 7.067 6.932 3
0.147 7.067 6.932 1
0.147 7.015 6.965 5
0.147 7.015 6.965 5
0.075 6.976 6.956 5
0.075 6.976 6.956 4
0.075 6.976 6.956 1
0.075 6.957 7.037 6
0.061 6.919 7.004 5
0.061 6.919 7.004 5
0.061 6.919 7.004 3
0.056 6.919 7.052 2
0.056 6.919 7.052 5
0.132 6.919 6.956 5
0.132 6.919 6.956 5
0.132 6.919 6.956 3
0.003 6.833 7.056 2
0.003 6.833 7.056 5
0.003 6.813 7.066 5
0.003 6.813 7.066 5
0.003 6.813 7.066 3
0.013 6.823 7.032 2
0.013 6.823 7.032 5
-0.02 6.789 6.999 5
-0.02 6.789 6.999 5
-0.02 6.789 6.999 3
0.041 6.809 7.09 2
0.041 6.809 7.09 5
0.032 6.794 7.095 5
0.032 6.794 7.095 5
0.032 6.794 7.095 3
0.08 6.856 7.08 2
0.08 6.856 7.08 5
0.07 6.804 7.119 5
0.07 6.804 7.119 5
0.07 6.804 7.119 3
0.017 6.794 7.09 2
0.017 6.794 7.09 5
-0.029 6.751 7.162 5
-0.044 6.761 7.076 5
-0.044 6.761 7.076 3
-0.044 6.761 7.076 2
-0.173 6.684 7.19 5
-0.173 6.684 7.19 5
-0.154 6.679 7.128 5
-0.154 6.679 7.128 3
-0.154 6.679 7.128 2
-0.154 6.665 7.128 5
-0.154 6.665 7.128 5
-0.101 6.732 7.181 5
-0.101 6.732 7.181 3
-0.101 6.732 7.181 2
-0.068 6.761 7.047 5
-0.068 6.761 7.047 5
-0.044 6.833 6.913 5
-0.044 6.833 6.913 3
-0.044 6.833 6.913 2
-0.111 6.852 6.836 5
-0.111 6.852 6.836 5
-0.053 6.88 6.846 5
-0.053 6.88 6.846 4
-0.053 6.88 6.846 1
-0.096 6.885 6.788 5
-0.096 6.885 6.788 5
-0.01 6.909 6.937 5
-0.01 6.909 6.937 3
-0.01 6.909 6.937 2
0.084 6.943 7.018 5
0.099 6.938 6.989 5
0.099 6.938 6.989 5
0.099 6.938 6.989 3
0.061 6.938 7.013 2
0.061 6.938 7.013 5
0.089 6.952 6.937 5
0.089 6.952 6.937 5
0.089 6.952 6.937 4
0.171 6.976 7.123 1
0.171 6.976 7.123 5
0.233 6.976 7.181 5
0.233 6.976 7.181 5
0.233 6.976 7.181 4
0.223 6.991 7.061 1
0.223 6.991 7.061 5
0.223 6.995 6.961 6
0.223 6.995 6.961 5
0.223 6.995 6.961 2
0.156 7.034 7.023 2
0.156 7.034 7.023 5
0.075 6.947 7.042 5
0.075 6.947 7.042 5
0.075 6.947 7.042 3
0.003 6.952 6.985 2
0.003 6.952 6.985 5
0.046 6.986 6.961 5
0.046 6.986 6.961 5
0.046 6.986 6.961 3
0.104 6.938 7.009 2
0.104 6.938 7.009 5
0.037 6.909 7.047 5
0.056 6.957 6.965 5
0.056 6.957 6.965 3
0.056 6.957 6.965 2
-0.02 6.947 6.846 5
-0.02 6.947 6.846 5
0.061 6.976 6.736 5
0.061 6.976 6.736 4
0.061 6.976 6.736 1
0.185 7.058 6.903 5
0.185 7.058 6.903 5
0.171 6.947 7.013 5
0.171 6.947 7.013 3
0.171 6.947 7.013 2
0.041 6.962 6.913 5
0.041 6.962 6.913 5
-0.049 6.947 6.769 5
-0.049 6.947 6.769 3
-0.049 6.947 6.769 2
-0.034 6.957 6.745 5
-0.034 6.957 6.745 5
0.08 6.928 6.918 5
0.08 6.928 6.918 4
0.08 6.928 6.918 1
0.214 6.88 7.133 5
0.214 6.88 7.133 5
0.223 6.866 7.286 5
0.223 6.866 7.286 3
0.223 6.866 7.286 2
0.08 6.852 7.344 5
-0.001 6.828 7.128 5
-0.001 6.828 7.128 5
-0.001 6.828 7.128 3
-0.02 6.842 7.167 2
-0.02 6.842 7.167 5
-0.087 6.813 7.157 5
-0.087 6.813 7.157 5
-0.087 6.813 7.157 3
-0.029 6.856 7.171 2
-0.029 6.856 7.171 5
0.003 6.876 7.047 5
0.003 6.876 7.047 5
0.003 6.876 7.047 3
0.056 6.933 7.114 2
0.056 6.933 7.114 5
0.18 6.995 6.97 5
0.18 6.995 6.97 5
0.18 6.995 6.97 3
0.137 6.981 7.061 2
0.137 6.981 7.061 5
0.075 6.933 7.109 5
0.075 6.933 7.109 5
0.075 6.933 7.109 4
-0.039 6.885 7.186 1
-0.039 6.885 7.186 5
0.037 6.847 7.133 5
0.037 6.847 7.133 5
0.037 6.847 7.133 3
0.08 6.885 7.109 2
0.08 6.885 7.109 5
-0.092 6.876 7.176 5
-0.144 6.751 7.176 5
-0.144 6.751 7.176 3
-0.144 6.751 7.176 2
-0.082 6.799 7.123 5
-0.082 6.799 7.123 5
-0.058 6.837 7.056 5
-0.058 6.837 7.056 4
-0.058 6.837 7.056 1
-0.053 6.837 7.037 5
-0.053 6.837 7.037 5
-0.087 6.809 7.056 5
-0.087 6.809 7.056 4
-0.087 6.809 7.056 1
0.037 6.866 7.023 5
0.037 6.866 7.023 5
0.118 6.9 7.143 5
0.118 6.9 7.143 4
0.118 6.9 7.143 1
0.041 6.89 7.109 5
0.041 6.89 7.109 5
0.017 6.895 7.018 5
0.017 6.895 7.018 4
0.017 6.895 7.018 1
0.032 6.904 6.932 5
0.032 6.904 6.932 5
-0.025 6.914 6.975 5
-0.025 6.914 6.975 4
-0.025 6.914 6.975 1
-0.068 6.871 6.908 5
-0.068 6.871 6.908 5
-0.025 6.909 7.004 5
-0.025 6.909 7.004 4
0.032 6.919 7.009 1
0.032 6.919 7.009 6
0.022 6.895 6.975 4
0.022 6.895 6.975 5
0.022 6.895 6.975 4
0.013 6.876 6.903 1
0.013 6.876 6.903 5
0.003 6.952 6.918 5
0.003 6.952 6.918 5
0.003 6.952 6.918 4
-0.005 6.957 6.975 1
-0.005 6.957 6.975 5
0.032 6.928 6.922 5
0.032 6.928 6.922 5
0.032 6.928 6.922 4
0.137 7.024 6.894 1
0.137 7.024 6.894 6
0.084 7.01 6.884 4
0.084 7.01 6.884 5
0.084 7.01 6.884 4
0.008 6.928 6.927 1
0.008 6.928 6.927 5
-0.125 6.9 6.889 5
-0.125 6.9 6.889 5
-0.125 6.9 6.889 4
-0.202 6.746 6.851 1
-0.202 6.746 6.851 5
-0.173 6.756 7.009 5
-0.106 6.751 7.085 5
-0.106 6.751 7.085 4
-0.106 6.751 7.085 1
0.022 6.785 7.095 6
0.022 6.785 7.095 5
0.128 6.837 7.09 5
0.128 6.837 7.09 3
0.128 6.837 7.09 1
0.209 6.914 7.009 5
0.209 6.914 7.009 5
0.065 6.89 6.803 5
0.065 6.89 6.803 4
0.065 6.89 6.803 1
-0.14 6.842 6.769 5
-0.14 6.842 6.769 5
-0.187 6.809 6.774 5
-0.187 6.809 6.774 4
-0.187 6.809 6.774 1
-0.221 6.732 6.961 6
-0.221 6.732 6.961 5
-0.159 6.718 7.32 5
-0.159 6.718 7.32 3
-0.159 6.718 7.32 1
-0.073 6.694 7.478 5
-0.073 6.694 7.478 5
-0.073 6.684 7.559 5
-0.073 6.684 7.559 4
-0.073 6.684 7.559 1
-0.111 6.651 7.454 5
-0.111 6.651 7.454 5
-0.197 6.694 7.349 5
-0.197 6.694 7.349 4
-0.254 6.746 7.176 1
-0.254 6.746 7.176 6
-0.216 6.813 7.08 5
-0.216 6.813 7.08 5
-0.216 6.813 7.08 3
-0.101 6.88 7.143 2
-0.101 6.88 7.143 4
-0.077 6.847 7.085 5
-0.077 6.847 7.085 5
-0.077 6.847 7.085 4
-0.001 6.823 7.286 1
-0.001 6.823 7.286 5
0.022 6.813 7.353 6
0.022 6.813 7.353 5
0.022 6.813 7.353 3
-0.063 6.742 7.32 1
-0.063 6.742 7.32 6
-0.087 6.77 7.272 5
-0.087 6.77 7.272 5
-0.087 6.77 7.272 3
-0.087 6.789 7.152 1
-0.087 6.789 7.152 5
-0.015 6.871 7.018 6
-0.015 6.871 7.018 5
-0.015 6.871 7.018 3
-0.01 6.89 6.889 2
-0.01 6.89 6.889 5
-0.034 6.88 6.855 5
-0.034 6.88 6.855 5
-0.034 6.88 6.855 3
-0.025 6.904 6.846 2
-0.001 6.914 6.836 5
-0.001 6.914 6.836 5
0.061 6.895 6.865 5
0.061 6.895 6.865 3
0.061 6.895 6.865 2
0.099 7.0 6.779 5
0.099 7.0 6.779 5
0.128 6.962 6.879 5
0.128 6.962 6.879 3
0.128 6.962 6.879 2
0.084 6.943 6.879 5
0.084 6.943 6.879 5
0.041 7.005 6.745 5
0.041 7.005 6.745 3
0.041 7.005 6.745 2
-0.01 6.957 6.798 5
-0.01 6.957 6.798 5
-0.073 6.88 6.803 5
-0.073 6.88 6.803 3
-0.073 6.88 6.803 2
-0.106 6.9 6.75 5
-0.106 6.9 6.75 5
-0.068 6.914 6.52 5
-0.068 6.914 6.52 3
-0.068 6.914 6.52 2
-0.068 6.933 6.549 5
-0.068 6.933 6.549 5
0.032 6.842 6.692 5
0.032 6.842 6.692 3
-0.001 6.756 6.956 2
-0.001 6.756 6.956 5
0.032 6.799 6.918 5
0.032 6.799 6.918 5
0.032 6.799 6.918 3
0.094 6.871 6.745 2
0.094 6.871 6.745 5
0.041 6.876 6.764 5
0.041 6.876 6.764 5
0.041 6.876 6.764 3
-0.01 6.856 6.506 2
-0.01 6.856 6.506 5
-0.025 6.928 6.338 5
-0.025 6.928 6.338 5
-0.025 6.928 6.338 3
0.128 7.005 6.262 2
0.128 7.005 6.262 5
0.286 7.125 6.218 5
0.286 7.125 6.218 5
0.286 7.125 6.218 4
0.573 7.177 6.357 1
0.573 7.177 6.357 5
0.798 7.445 5.96 5
0.798 7.445 5.96 5
0.798 7.445 5.96 3
1.349 7.709 6.204 2
1.349 7.709 6.204 5
2.153 7.963 6.343 5
2.153 7.963 6.343 5
2.153 7.963 6.343 3
3.015 8.092 6.64 2
4.298 8.456 6.64 5
4.298 8.456 6.64 5
5.452 8.465 7.32 5
5.452 8.465 7.32 4
5.452 8.465 7.32 1
6.621 8.322 7.961 5
6.621 8.322 7.961 5
7.856 8.307 8.622 5
7.856 8.307 8.622 3
7.856 8.307 8.622 2
8.819 8.116 9.465 5
8.819 8.116 9.465 5
9.537 7.987 10.236 5
9.537 7.987 10.236 3
9.537 7.987 10.236 2
10.011 7.915 10.901 5
10.011 7.915 10.901 5
9.838 6.976 11.524 5
9.838 6.976 11.524 3
9.838 6.976 11.524 2
9.987 6.584 12.079 5
9.987 6.584 12.079 5
10.815 6.224 12.348 5
10.815 6.224 12.348 3
10.815 6.224 12.348 2
10.322 5.343 14.201 5
10.322 5.343 14.201 5
9.182 3.682 16.087 5
9.182 3.682 16.087 3
8.57 2.442 16.916 2
8.57 2.442 16.916 5
8.105 2.14 16.265 5
8.105 2.14 16.265 5
8.105 2.14 16.265 4
6.319 1.666 15.484 1
6.319 1.666 15.484 5
3.719 0.656 14.086 5
3.719 0.656 14.086 5
3.719 0.656 14.086 3
1.44 0.574 12.276 2
1.44 0.574 12.276 5
-0.762 0.488 9.738 5
-0.762 0.488 9.738 5
-0.762 0.488 9.738 3
-3.908 -0.105 9.35 2
-3.908 -0.105 9.35 5
-5.977 -0.895 9.925 5
-5.977 -0.895 9.925 5
-5.977 -0.895 9.925 4
-7.471 -1.474 10.087 1
-7.471 -1.474 10.087 5
-9.64 -2.006 9.69 5
-9.64 -2.006 9.69 5
-9.64 -2.006 9.69 3
-10.545 -1.948 8.536 2
-10.545 -1.948 8.536 5
-9.994 -1.163 7.234 5
-9.994 -1.163 7.234 5
-9.994 -1.163 7.234 3
-9.664 -0.445 7.344 2
-9.894 -0.378 7.186 5
-9.894 -0.378 7.186 5
-10.234 0.019 6.534 5
-10.234 0.019 6.534 3
-10.234 0.019 6.534 2
-9.64 0.809 6.343 5
-9.64 0.809 6.343 5
-8.802 1.431 7.004 5
-8.802 1.431 7.004 3
-8.802 1.431 7.004 2
-8.989 1.618 7.085 5
-8.989 1.618 7.085 5
-9.539 1.604 7.181 5
-9.539 1.604 7.181 3
-9.539 1.604 7.181 2
-9.846 1.833 6.836 5
-9.846 1.833 6.836 5
-9.276 2.226 6.846 5
-9.276 2.226 6.846 4
-9.276 2.226 6.846 1
-8.443 2.662 7.55 5
-8.443 2.662 7.55 5
-7.911 2.829 8.005 5
-7.911 2.829 8.005 3
-7.911 2.829 8.005 2
-6.724 3.236 7.765 5
-6.724 3.236 7.765 5
-5.934 4.252 7.645 5
-5.934 4.252 7.645 4
-5.934 4.252 7.645 1
-4.89 4.544 5.936 5
-5.129 5.085 4.863 5
-5.129 5.085 4.863 5
-5.129 5.085 4.863 4
-5.407 5.674 3.681 1
-5.407 5.674 3.681 5
-5.483 5.722 3.312 5
-5.483 5.722 3.312 5
-5.483 5.722 3.312 4
-5.273 5.932 3.657 1
-5.273 5.932 3.657 5
-4.827 6.244 4.059 5
-4.827 6.244 4.059 5
-4.827 6.244 4.059 4
-4.325 6.502 4.131 1
-4.325 6.502 4.131 5
-3.745 6.689 4.317 5
-3.745 6.689 4.317 5
-3.745 6.689 4.317 4
-3.286 6.904 4.456 1
-3.286 6.904 4.456 5
-2.974 7.139 4.428 5
-2.974 7.139 4.428 5
-2.974 7.139 4.428 4
-2.768 7.307 4.6 1
-2.768 7.307 4.6 5
-2.534 7.541 4.969 5
-2.534 7.541 4.969 5
-2.534 7.541 4.969 4
-2.074 7.675 5.529 1
-1.538 7.872 6.233 5
-1.538 7.872 6.233 5
-1.456 7.915 6.625 5
-1.456 7.915 6.625 4
-1.456 7.915 6.625 2
-1.586 7.824 6.793 4
-1.586 7.824 6.793 5
-1.696 7.905 6.654 5
-1.696 7.905 6.654 4
-1.696 7.905 6.654 1
-1.892 7.809 6.625 5
-1.892 7.809 6.625 5
-1.844 7.589 6.621 5
-1.844 7.589 6.621 4
-1.844 7.589 6.621 1
-1.15 7.915 6.702 5
-1.15 7.915 6.702 5
-0.762 8.092 6.755 5
-0.762 8.092 6.755 4
-0.762 8.092 6.755 2
-0.963 7.934 6.874 4
-0.963 7.934 6.874 5
-1.308 7.896 6.745 5
-1.308 7.896 6.745 4
-1.308 7.896 6.745 1
-1.614 7.934 6.147 5
-1.614 7.934 6.147 5
-1.758 7.953 5.85 5
-1.758 7.953 5.85 4
-1.758 7.953 5.85 1
-1.6 7.987 5.893 5
-1.571 7.982 5.783 6
-1.571 7.982 5.783 5
-1.571 7.982 5.783 3
-1.677 7.833 5.96 1
-1.677 7.833 5.96 5
-1.576 7.824 6.056 5
-1.576 7.824 6.056 5
-1.576 7.824 6.056 4
-1.586 7.862 6.295 1
-1.586 7.862 6.295 5
-1.816 7.57 6.587 5
-1.816 7.57 6.587 5
-1.816 7.57 6.587 4
-1.887 7.522 6.898 1
-1.887 7.522 6.898 6
-1.945 7.441 6.841 5
-1.945 7.441 6.841 5
-1.945 7.441 6.841 3
-2.021 7.469 6.573 1
-2.021 7.469 6.573 5
-1.964 7.527 6.487 5
-1.964 7.527 6.487 5
-1.964 7.527 6.487 4
-1.816 7.517 6.257 1
-1.816 7.517 6.257 5
-1.614 7.623 6.305 5
-1.614 7.623 6.305 5
-1.614 7.623 6.305 4
-1.59 7.551 6.285 1
-1.59 7.551 6.285 6
-1.691 7.513 6.161 5
-1.705 7.445 6.003 5
-1.705 7.445 6.003 3
-1.705 7.445 6.003 2
-1.897 7.412 6.08 4
-1.897 7.412 6.08 5
-1.978 7.316 6.022 5
-1.978 7.316 6.022 4
-1.978 7.316 6.022 1
-1.887 7.412 5.979 5
-1.887 7.412 5.979 5
-1.72 7.388 5.84 5
-1.72 7.388 5.84 4
-1.72 7.388 5.84 2
-1.59 7.474 5.893 5
-1.59 7.474 5.893 5
-1.437 7.541 6.032 5
-1.437 7.541 6.032 3
-1.437 7.541 6.032 2
-1.26 7.479 5.922 5
-1.26 7.479 5.922 5
-1.136 7.613 6.137 5
-1.136 7.613 6.137 3
-1.136 7.613 6.137 2
-1.03 7.632 6.142 5
-1.03 7.632 6.142 5
-0.877 7.742 6.099 5
-0.877 7.742 6.099 3
-0.877 7.742 6.099 2
-0.8 7.848 6.041 5
-0.92 7.848 5.979 5
-0.92 7.848 5.979 5
-0.92 7.848 5.979 3
-1.279 7.704 5.912 2
-1.279 7.704 5.912 5
-1.519 7.541 5.974 5
-1.519 7.541 5.974 5
-1.519 7.541 5.974 3
-1.466 7.532 5.989 2
-1.466 7.532 5.989 5
-1.385 7.565 6.084 5
-1.385 7.565 6.084 5
-1.385 7.565 6.084 3
-1.37 7.632 5.845 2
-1.37 7.632 5.845 5
-1.279 7.694 5.878 5
-1.279 7.694 5.878 5
-1.279 7.694 5.878 3
-1.179 7.632 5.95 2
-1.179 7.632 5.95 5
-1.303 7.584 6.027 5
-1.303 7.584 6.027 5
-1.303 7.584 6.027 3
-1.476 7.556 6.013 2
-1.476 7.556 6.013 5
-1.279 7.666 5.912 5
-1.279 7.666 5.912 5
-1.279 7.666 5.912 3
-1.03 7.776 5.883 2
-1.03 7.776 5.883 5
-0.92 7.886 5.864 5
-0.939 7.876 5.72 5
-0.939 7.876 5.72 3
-0.939 7.876 5.72 2
-1.025 7.886 5.835 5
-1.025 7.886 5.835 5
-1.198 7.757 5.821 5
-1.198 7.757 5.821 3
-1.198 7.757 5.821 2
-1.289 7.771 5.783 5
-1.289 7.771 5.783 5
-1.351 7.709 5.821 5
-1.351 7.709 5.821 3
-1.351 7.709 5.821 2
-1.332 7.685 5.874 5
-1.332 7.685 5.874 5
-1.183 7.809 5.96 5
-1.183 7.809 5.96 4
-1.183 7.809 5.96 1
-1.045 7.867 5.878 5
-1.045 7.867 5.878 5
-0.997 7.958 5.826 5
-0.997 7.958 5.826 3
-0.997 7.958 5.826 2
-1.088 7.996 5.831 5
-1.088 7.996 5.831 5
-1.174 7.896 5.917 5
-1.174 7.896 5.917 3
-1.174 7.896 5.917 2
-1.179 7.852 5.835 5
-1.179 7.852 5.835 5
-1.188 7.843 5.898 5
-1.188 7.843 5.898 4
-1.174 7.79 6.036 1
-1.174 7.79 6.036 5
-1.14 7.723 6.247 5
-1.14 7.723 6.247 5
-1.14 7.723 6.247 3
-1.136 7.627 6.41 2
-1.136 7.627 6.41 5
-1.174 7.589 6.4 5
-1.174 7.589 6.4 5
-1.174 7.589 6.4 3
-1.241 7.58 6.285 2
-1.241 7.58 6.285 5
-1.298 7.56 6.309 5
-1.298 7.56 6.309 5
-1.298 7.56 6.309 3
-1.394 7.58 6.089 2
-1.394 7.58 6.089 5
-1.456 7.589 5.917 5
-1.456 7.589 5.917 5
-1.456 7.589 5.917 3
-1.552 7.565 5.754 2
-1.552 7.565 5.754 5
-1.48 7.632 5.754 5
-1.48 7.632 5.754 5
-1.48 7.632 5.754 3
-1.389 7.671 5.706 2
-1.389 7.671 5.706 5
-1.351 7.714 5.744 5
-1.361 7.675 5.807 5
-1.361 7.675 5.807 4
-1.361 7.675 5.807 1
-1.284 7.68 5.831 5
-1.284 7.68 5.831 5
-1.126 7.776 5.955 5
-1.126 7.776 5.955 3
-1.126 7.776 5.955 2
-1.222 7.771 5.831 5
-1.222 7.771 5.831 5
-1.318 7.742 5.768 5
-1.318 7.742 5.768 3
-1.318 7.742 5.768 2
-1.308 7.757 5.754 5
-1.308 7.757 5.754 5
-1.322 7.742 5.716 5
-1.322 7.742 5.716 4
-1.322 7.742 5.716 1
-1.385 7.733 5.677 5
-1.385 7.733 5.677 5
-1.303 7.771 5.711 5
-1.303 7.771 5.711 3
-1.303 7.771 5.711 2
-1.198 7.752 5.811 5
-1.198 7.752 5.811 5
-1.203 7.771 5.802 5
-1.203 7.771 5.802 3
-1.203 7.771 5.802 2
-1.159 7.8 5.821 5
-1.159 7.8 5.821 5
-1.126 7.795 5.797 5
-1.126 7.795 5.797 3
-0.934 7.838 5.874 2
-0.934 7.838 5.874 5
-0.834 7.924 5.783 5
-0.834 7.924 5.783 5
-0.834 7.924 5.783 3
-0.963 7.924 5.893 2
-0.963 7.924 5.893 5
-1.112 7.795 6.017 5
-1.112 7.795 6.017 5
-1.112 7.795 6.017 4
-1.179 7.781 6.099 1
-1.179 7.781 6.099 5
-1.073 7.771 6.156 5
-1.073 7.771 6.156 5
-1.073 7.771 6.156 4
-1.045 7.814 6.137 1
-1.045 7.814 6.137 5
-0.987 7.781 6.214 5
-0.987 7.781 6.214 5
-0.987 7.781 6.214 4
-1.006 7.809 6.032 1
-1.006 7.809 6.032 5
-0.944 7.934 5.95 5
-0.944 7.934 5.95 5
-0.944 7.934 5.95 4
-0.978 7.972 5.898 1
-0.978 7.972 5.898 6
-0.982 7.92 6.013 4
-1.049 7.872 6.108 5
-1.049 7.872 6.108 4
-1.049 7.872 6.108 1
-1.107 7.9 4.25 5
-1.107 7.9 4.25 5
-1.049 8.212 5.869 5
-1.049 8.212 5.869 4
-1.049 8.212 5.869 1
-1.083 7.661 5.816 5
-1.083 7.661 5.816 5
-1.327 7.642 6.118 5
-1.327 7.642 6.118 4
-1.327 7.642 6.118 1
-1.246 7.536 6.496 6
-1.246 7.536 6.496 4
-1.145 7.637 6.185 5
-1.145 7.637 6.185 4
-1.145 7.637 6.185 1
-1.04 7.781 6.036 5
-1.04 7.781 6.036 5
-1.011 7.934 5.869 5
-1.011 7.934 5.869 4
-1.011 7.934 5.869 1
-0.973 7.915 5.629 5
-0.973 7.915 5.629 5
-1.04 7.963 5.615 5
-1.04 7.963 5.615 4
-1.04 7.963 5.615 1
-1.001 8.025 5.586 6
-1.001 8.025 5.586 4
-1.054 7.977 5.548 5
-1.054 7.977 5.548 4
-1.174 7.891 5.644 1
-1.174 7.891 5.644 5
-1.198 7.781 5.673 5
-1.198 7.781 5.673 5
-1.198 7.781 5.673 4
-1.131 7.771 5.835 1
-1.131 7.771 5.835 5
-1.231 7.685 5.701 5
-1.231 7.685 5.701 5
-1.231 7.685 5.701 4
-1.159 7.704 5.84 1
-1.159 7.704 5.84 6
-1.145 7.675 5.907 4
-1.145 7.675 5.907 5
-1.145 7.675 5.907 4
-1.294 7.632 5.783 1
-1.294 7.632 5.783 5
-1.365 7.603 5.759 5
-1.365 7.603 5.759 5
-1.365 7.603 5.759 4
-1.327 7.627 5.811 1
-1.327 7.627 5.811 5
-1.227 7.671 5.821 5
-1.227 7.671 5.821 5
-1.227 7.671 5.821 4
-1.174 7.699 5.95 1
-1.174 7.699 5.95 6
-1.207 7.632 6.056 5
-1.207 7.632 6.056 5
-1.207 7.632 6.056 3
-1.222 7.685 6.056 1
-1.222 7.709 6.051 5
-1.222 7.709 6.051 5
-1.284 7.685 6.084 5
-1.284 7.685 6.084 4
-1.284 7.685 6.084 1
-1.308 7.69 6.156 5
-1.308 7.69 6.156 5
-1.337 7.651 6.08 5
-1.337 7.651 6.08 4
-1.337 7.651 6.08 1
-1.351 7.656 6.08 6
-1.351 7.656 6.08 5
-1.313 7.685 6.08 5
-1.313 7.685 6.08 3
-1.313 7.685 6.08 1
-1.385 7.642 5.993 5
-1.385 7.642 5.993 5
-1.37 7.709 5.936 5
-1.37 7.709 5.936 4
-1.37 7.709 5.936 1
-1.375 7.666 5.998 5
-1.375 7.666 5.998 6
-1.337 7.685 5.965 5
-1.337 7.685 5.965 3
-1.337 7.685 5.965 1
-1.155 7.747 5.955 6
-1.155 7.747 5.955 5
-1.021 7.872 5.883 5
-1.021 7.872 5.883 3
-1.03 7.881 5.811 2
-1.03 7.881 5.811 5
-1.126 7.9 5.72 5
-1.126 7.9 5.72 5
-1.126 7.9 5.72 3
-1.083 7.905 5.72 2
-1.083 7.905 5.72 5
-1.102 7.876 5.744 5
-1.102 7.876 5.744 5
-1.102 7.876 5.744 3
-1.001 7.929 5.673 2
-1.001 7.929 5.673 5
-1.035 7.852 5.864 5
-1.035 7.852 5.864 5
-1.035 7.852 5.864 3
-1.069 7.781 5.917 2
-1.069 7.781 5.917 5
-1.112 7.805 5.797 5
-1.112 7.805 5.797 5
-1.112 7.805 5.797 3
-1.131 7.79 5.725 2
-1.131 7.79 5.725 5
-1.131 7.8 5.725 5
-1.131 7.8 5.725 5
-1.131 7.8 5.725 3
-1.116 7.809 5.807 2
-1.116 7.809 5.807 5
-1.083 7.809 5.787 5
-1.088 7.785 5.811 5
-1.088 7.785 5.811 3
-1.088 7.785 5.811 2
-1.054 7.704 5.902 5
-1.054 7.704 5.902 5
-1.073 7.742 5.874 5
-1.073 7.742 5.874 3
-1.073 7.742 5.874 2
-1.112 7.776 5.859 5
-1.112 7.776 5.859 5
-1.15 7.752 5.749 5
-1.15 7.752 5.749 3
-1.15 7.752 5.749 2
-1.121 7.733 5.821 5
-1.121 7.733 5.821 5
-1.073 7.776 5.869 5
-1.073 7.776 5.869 3
-1.073 7.776 5.869 2
-1.04 7.733 5.826 5
-1.04 7.733 5.826 5
-1.04 7.771 5.931 5
-1.04 7.771 5.931 3
-1.04 7.771 5.931 2
-1.035 7.776 5.859 5
-1.035 7.776 5.859 5
-1.088 7.809 5.874 5
-1.088 7.809 5.874 3
-1.088 7.809 5.874 2
-1.059 7.694 6.147 5
-1.059 7.694 6.147 5
-0.949 7.8 5.917 5
-0.949 7.8 5.917 3
-0.949 7.8 5.917 2
-0.906 7.8 5.874 5
-0.858 7.843 5.898 5
-0.858 7.843 5.898 5
-0.858 7.843 5.898 3
-0.805 7.886 5.941 2
-0.805 7.886 5.941 5
-0.872 7.843 6.08 5
-0.872 7.843 6.08 5
-0.872 7.843 6.08 3
-1.011 7.781 6.041 2
-1.011 7.781 6.041 5
-1.088 7.733 6.06 5
-1.088 7.733 6.06 5
-1.088 7.733 6.06 4
-1.155 7.718 6.113 1
-1.155 7.718 6.113 5
-1.174 7.68 6.113 5
-1.174 7.68 6.113 5
-1.174 7.68 6.113 3
-1.116 7.666 6.18 2
-1.116 7.666 6.18 5
-1.198 7.656 6.089 5
-1.198 7.656 6.089 5
-1.198 7.656 6.089 3
-1.136 7.728 6.065 2
-1.136 7.728 6.065 5
-1.021 7.785 6.003 5
-0.91 7.824 5.922 5
-0.91 7.824 5.922 4
-0.91 7.824 5.922 1
-0.958 7.881 5.893 5
-0.958 7.881 5.893 5
-0.997 7.872 5.744 5
-0.997 7.872 5.744 3
-0.997 7.872 5.744 2
-1.04 7.929 5.764 5
-1.04 7.929 5.764 5
-1.054 7.805 5.831 5
-1.054 7.805 5.831 3
-1.054 7.805 5.831 2
-1.15 7.776 5.831 5
-1.15 7.776 5.831 5
-1.179 7.718 5.941 5
-1.179 7.718 5.941 3
-1.179 7.718 5.941 2
-1.121 7.79 5.96 5
-1.121 7.79 5.96 5
-1.126 7.771 5.773 5
-1.126 7.771 5.773 3
-1.126 7.771 5.773 2
-1.126 7.79 5.993 5
-1.126 7.79 5.993 5
-1.035 7.742 6.065 5
-1.035 7.742 6.065 3
-1.035 7.742 6.065 2
-1.006 7.752 6.032 5
-1.006 7.752 6.032 5
-0.968 7.881 5.859 5
-0.968 7.881 5.859 4
-0.954 7.862 5.773 1
-0.954 7.862 5.773 5
-1.016 7.872 5.764 5
-1.016 7.872 5.764 5
-1.016 7.872 5.764 3
-1.001 7.814 5.826 2
-1.001 7.814 5.826 5
-1.025 7.733 5.926 5
-1.025 7.733 5.926 5
-1.025 7.733 5.926 3
-1.198 7.675 6.003 2
-1.198 7.675 6.003 5
-1.27 7.642 5.969 5
-1.27 7.642 5.969 5
-1.27 7.642 5.969 4
-1.294 7.603 5.984 1
-1.294 7.603 5.984 5
-1.279 7.594 5.931 5
-1.279 7.594 5.931 5
-1.279 7.594 5.931 3
-1.25 7.661 5.864 2
-1.25 7.661 5.864 5
-1.274 7.675 5.773 5
-1.274 7.675 5.773 5
-1.274 7.675 5.773 3
-1.27 7.647 5.778 2
-1.27 7.647 5.778 5
-1.193 7.68 5.792 5
-1.193 7.68 5.792 5
-1.193 7.68 5.792 3
-1.083 7.704 5.893 2
-0.987 7.704 6.027 5
-0.987 7.704 6.027 5
-1.059 7.637 6.07 5
-1.059 7.637 6.07 4
-1.059 7.637 6.07 1
-1.112 7.618 6.07 5
-1.112 7.618 6.07 5
-1.14 7.584 6.127 5
-1.14 7.584 6.127 4
-1.14 7.584 6.127 1
-1.227 7.556 6.08 5
-1.227 7.556 6.08 5
-1.145 7.623 6.036 5
-1.145 7.623 6.036 4
-1.145 7.623 6.036 1
-1.179 7.556 6.08 5
-1.179 7.556 6.08 5
-1.159 7.608 6.036 5
-1.159 7.608 6.036 4
-1.159 7.608 6.036 1
-1.049 7.785 5.898 5
-1.049 7.785 5.898 5
-0.93 7.814 5.898 5
-0.93 7.814 5.898 4
-0.93 7.814 5.898 1
-0.906 7.872 5.768 6
-0.906 7.872 5.768 4
-0.901 7.943 5.692 5
-0.901 7.943 5.692 4
-0.901 7.943 5.692 1
-0.901 7.963 5.601 5
-0.882 7.987 5.797 5
-0.882 7.987 5.797 5
-0.882 7.987 5.797 4
-0.82 7.991 5.931 1
-0.82 7.991 5.931 5
-0.7 7.982 6.094 5
-0.7 7.982 6.094 5
-0.7 7.982 6.094 4
-0.69 7.967 6.142 1
-0.69 7.967 6.142 6
-0.772 7.943 6.166 4
-0.772 7.943 6.166 5
-0.772 7.943 6.166 4
-0.92 7.872 6.218 1
-0.92 7.872 6.218 5
-1.049 7.79 6.19 5
-1.049 7.79 6.19 5
-1.049 7.79 6.19 4
-1.054 7.738 6.166 1
-1.054 7.738 6.166 5
-1.006 7.785 6.276 5
-1.006 7.785 6.276 5
-1.006 7.785 6.276 4
-0.882 7.838 6.127 1
-0.882 7.838 6.127 6
-0.173 8.848 3.8 4
-0.173 8.848 3.8 5
-0.173 8.848 3.8 4
-0.513 7.972 6.084 1
-0.513 7.972 6.084 5
-0.652 7.69 5.768 5
-1.203 7.814 6.065 5
-1.203 7.814 6.065 4
-1.203 7.814 6.065 1
-1.193 7.536 6.348 5
-1.193 7.536 6.348 5
-1.016 7.747 6.013 5
-1.016 7.747 6.013 4
-1.016 7.747 6.013 1
-1.15 7.699 6.094 6
-1.15 7.699 6.094 5
-1.164 7.699 6.065 5
-1.164 7.699 6.065 3
-1.164 7.699 6.065 1
-1.169 7.733 5.85 5
-1.169 7.733 5.85 5
-1.121 7.781 5.811 5
-1.121 7.781 5.811 4
-1.121 7.781 5.811 1
-1.116 7.785 5.711 5
-1.116 7.785 5.711 5
-1.121 7.781 5.701 5
-1.121 7.781 5.701 4
-1.121 7.781 5.701 1
-1.126 7.776 5.735 6
-1.126 7.776 5.735 5
-1.121 7.714 5.768 5
-1.121 7.714 5.768 3
-1.121 7.714 5.768 1
-1.169 7.656 5.778 5
-1.231 7.608 5.922 5
-1.231 7.608 5.922 5
-1.231 7.608 5.922 4
-1.25 7.594 6.008 1
-1.25 7.594 6.008 5
-1.188 7.589 5.979 5
-1.188 7.589 5.979 5
-1.188 7.589 5.979 4
-1.25 7.56 6.075 1
-1.25 7.56 6.075 6
-1.265 7.603 5.926 5
-1.265 7.603 5.926 5
-1.265 7.603 5.926 3
-1.346 7.584 5.965 2
-1.346 7.584 5.965 4
-1.341 7.589 6.094 5
-1.341 7.589 6.094 5
-1.341 7.589 6.094 4
-1.318 7.565 6.132 1
-1.318 7.565 6.132 5
-1.212 7.599 6.242 5
-1.212 7.599 6.242 5
-1.212 7.599 6.242 4
-1.203 7.546 6.29 2
-1.203 7.546 6.29 5
-1.212 7.546 6.271 5
-1.212 7.546 6.271 5
-1.212 7.546 6.271 3
-1.231 7.58 6.171 2
-1.231 7.58 6.171 5
-1.284 7.532 6.036 5
-1.212 7.541 5.998 5
-1.212 7.541 5.998 3
-1.212 7.541 5.998 2
-1.217 7.493 5.969 5
-1.217 7.493 5.969 5
-1.231 7.513 5.96 5
-1.231 7.513 5.96 3
-1.231 7.513 5.96 2
-1.212 7.536 5.984 5
-1.212 7.536 5.984 5
-1.227 7.556 5.931 5
-1.227 7.556 5.931 3
-1.227 7.556 5.931 2
-1.25 7.603 5.874 5
-1.25 7.603 5.874 5
-1.284 7.709 5.859 5
-1.284 7.709 5.859 3
-1.284 7.709 5.859 2
-1.255 7.785 5.749 5
-1.255 7.785 5.749 5
-1.193 7.833 5.821 5
-1.193 7.833 5.821 3
-1.193 7.833 5.821 2
-1.116 7.857 5.792 5
-1.116 7.857 5.792 5
-0.992 7.929 6.027 5
-0.992 7.929 6.027 3
-0.992 7.929 6.027 2
-0.891 7.915 5.816 5
-0.891 7.915 5.816 5
-0.973 7.915 6.008 5
-0.973 7.915 6.008 3
-0.987 7.766 5.878 2
-0.987 7.766 5.878 5
-1.207 7.733 6.041 5
-1.207 7.733 6.041 5
-1.207 7.733 6.041 3
-1.227 7.656 6.137 2
-1.227 7.656 6.137 5
-1.327 7.599 6.104 5

# Completed @Fri Mar 31 10:01:46 GMT+02:00 2017
