# Accelerometer Data File
# Started @Sat Apr 01 16:23:20 CEST 2017
#
#
# sensor Vendor: STMicroelectronics
# sensor Name: LSM330 3-axis Accelerometer
# sensor Resolution: 0.009576807m/sec^2; Max Range: 39.2266; Min Delay: 10000 microseconds
# The sensor's attributes are the result hardware and the Android capabilities.
# It means that the Android may not utilize all features provided by the hardware.
#
# Some devices and Android versions save battery too much so the device may go to sleep.
# It just happens after couple of minutes from turning off the scree and it is easy to find it out.
#
# The following file provides the data from accelerometer in the m/s^2 format.
# The diff value is just a time delta between the samples
#
#
# data format:
# so we have 4 columns with values separated by the " "
# X Y Z time_from_previous_sample(ms)

# sensor speed set to:FASTEST
# units set to: m/sec^2
# gravity NOT filtered out
# Accuracy: HIGH
-0.172 8.762 4.127 0
-0.038 8.734 4.759 9
0.038 8.695 5.008 10
0.181 8.695 5.114 10
-0.019 8.839 5.248 10
-0.229 8.781 3.715 9
0.124 8.255 3.122 10
0.995 7.977 3.323 10
2.011 7.517 3.811 10
2.815 7.287 4.213 9
3.284 7.326 4.194 10
3.361 7.422 3.897 10
2.997 7.508 3.457 10
2.451 7.69 3.035 9
1.953 7.699 2.911 10
1.57 7.661 2.451 10
1.599 7.603 2.652 10
1.896 7.556 3.811 10
1.714 7.805 4.951 9
1.762 8.054 5.372 10
1.924 8.456 5.075 10
1.398 8.561 4.817 10
0.44 8.599 4.807 9
0.287 8.58 4.462 10
0.679 8.379 4.223 10
1.637 8.245 4.28 10
1.58 8.513 4.261 9
1.225 8.485 4.367 10
0.794 8.312 4.616 10
0.775 8.322 4.778 10
0.536 8.532 4.568 9
0.66 8.207 4.386 10
0.296 7.939 4.654 10
1.11 8.389 4.213 10
1.714 7.651 4.587 10
1.302 8.341 5.181 9
0.507 8.868 5.64 10
0.105 8.628 4.759 10
0.632 8.513 3.926 10
1.091 8.465 4.012 9
1.177 8.245 3.84 10
1.072 7.824 3.562 10
0.957 7.9 3.505 10
1.072 8.006 3.572 9
0.9 7.852 3.543 10
0.45 7.709 3.323 10
0.277 7.594 3.265 10
0.411 7.412 3.754 9
0.507 7.278 4.491 10
0.316 7.23 4.817 10
0.287 7.278 5.037 10
0.402 7.326 5.056 10
0.354 7.345 4.606 9
0.114 7.326 3.897 10
-0.325 7.412 3.418 10
-0.651 7.489 3.256 10
-0.67 7.469 3.332 9
-0.641 7.556 4.003 10
-0.651 7.671 4.596 10
-0.536 7.718 4.692 10
-0.162 7.766 4.73 9
0.421 7.872 5.018 10
0.823 7.929 5.037 10
0.928 7.91 5.152 10
0.689 7.805 6.004 10
0.181 7.709 6.799 9
0.038 7.584 7.268 10
0.919 7.45 8.35 10
1.637 7.393 9.567 10
1.8 7.422 10.18 9
1.513 7.603 10.122 10
0.976 7.613 9.701 10
0.727 7.671 9.136 10
1.005 7.718 8.408 9
1.58 7.642 8.303 10
1.972 7.508 8.437 10
1.924 7.45 8.427 10
1.666 7.354 8.456 9
1.465 7.316 8.188 10
1.302 7.22 7.431 10
1.139 7.077 6.895 10
1.082 6.952 6.876 10
0.699 6.732 7.029 9
0.383 6.588 7.249 10
0.354 6.358 7.68 10
0.258 6.205 8.14 10
0.124 6.148 8.121 9
-0.028 6.196 7.489 10
-0.172 6.167 6.684 10
-0.258 6.177 5.813 10
-0.258 6.234 5.42 9
-0.21 6.301 5.391 10
0.0 6.358 5.717 10
-0.028 6.397 6.368 10
-0.344 6.493 6.847 9
-0.497 6.579 7.105 10
-0.67 6.742 7.412 10
-1.063 7.01 7.489 10
-1.407 7.297 7.173 10
-2.097 7.575 6.646 9
-3.371 7.881 6.349 10
-4.788 8.264 6.627 10
-5.813 8.695 7.843 10
-5.621 9.117 10.208 10
-4.75 9.222 12.095 9
-3.007 9.203 13.742 10
0.651 9.26 16.424 10
4.558 9.557 19.756 9
7.134 9.318 20.628 10
9.136 8.628 19.019 10
10.783 8.389 15.006 10
14.336 9.05 11.003 9
19.67 9.548 7.393 10
23.578 9.088 4.347 10
24.947 8.571 2.068 10
24.085 7.967 1.206 10
22.448 6.732 2.001 10
20.111 5.027 2.614 9
17.41 3.026 2.71 10
14.326 1.053 1.819 10
12.133 -0.392 0.028 9
11.434 -1.953 -1.599 10
10.965 -3.562 -2.882 10
10.065 -5.056 -4.165 10
8.714 -6.502 -5.085 9
6.761 -7.326 -5.497 10
4.932 -7.795 -5.372 10
2.25 -8.283 -4.979 10
-0.651 -8.034 -4.606 9
-2.844 -8.101 -4.577 11
-5.248 -8.418 -5.085 9
-7.192 -8.523 -5.142 10
-8.437 -9.222 -4.845 10
-10.342 -10.017 -4.012 9
-14.202 -9.739 -1.982 10
-18.531 -8.973 0.766 10
-21.26 -8.944 3.055 10
-22.438 -9.193 4.903 9
-22.122 -9.481 7.843 10
-20.714 -9.251 11.07 10
-18.78 -8.446 14.575 10
-15.811 -7.757 17.966 9
-12.229 -7.441 20.982 10
-8.494 -7.24 23.922 10
-5.123 -6.186 27.801 10
-2.576 -5.027 31.756 10
1.158 -4.663 34.495 9
8.025 -4.232 37.186 10
15.581 -2.394 39.274 10
19.967 -0.114 41.276 10
21.097 1.331 42.09 9
20.685 1.781 40.462 10
20.542 1.58 35.395 10
21.653 1.522 28.213 10
22.055 2.001 21.001 9
21.653 2.164 14.844 10
20.609 1.522 9.595 10
19.297 0.517 4.529 10
17.669 0.21 0.019 9
15.14 0.517 -2.384 10
12.411 0.488 -3.074 10
9.816 -0.076 -3.169 10
7.565 -0.785 -3.543 10
5.908 -1.11 -4.06 9
4.376 -1.063 -4.855 10
2.384 -0.814 -5.841 10
-0.66 -0.124 -6.847 10
-2.987 0.938 -6.655 9
-3.543 2.173 -4.443 10
-2.652 2.92 -1.187 10
-1.608 3.687 1.79 10
-0.957 4.347 3.792 9
-1.235 4.759 3.734 10
-1.082 5.295 3.102 10
-0.095 6.435 2.92 10
0.67 7.45 3.083 9
1.015 8.034 3.552 10
0.938 8.379 4.414 10
0.45 8.494 5.343 10
0.229 8.609 6.291 10
0.536 8.791 6.828 9
1.273 8.925 6.895 10
1.752 9.011 6.818 10
1.532 9.088 6.847 10
0.909 9.222 7.374 9
0.268 9.375 8.485 10
0.019 9.03 9.03 10
0.134 8.475 8.14 10
0.201 8.427 6.627 9
0.632 8.341 5.535 10
0.756 8.082 4.855 10
0.526 7.948 4.797 10
0.201 7.785 4.845 10
0.019 7.651 5.257 10
0.162 7.556 5.525 9
0.153 7.393 5.114 10
0.038 7.316 4.855 10
-0.038 7.393 4.922 9
-0.095 7.297 5.142 10
-0.258 7.268 5.525 10
-0.124 7.402 5.525 10
-0.076 7.479 5.066 10
-0.181 7.565 4.232 9
0.335 7.575 3.706 10
0.766 7.699 3.543 10
0.909 7.671 3.715 9
0.555 7.728 4.434 10
0.909 6.991 5.382 10
0.756 8.59 6.272 10
0.296 8.734 6.56 9
0.756 7.881 6.684 10
0.699 7.92 6.387 10
0.584 8.101 6.387 10
0.421 8.226 6.512 10
0.296 7.91 6.646 9
0.21 7.469 7.01 10
-0.057 7.958 7.201 10
1.168 8.695 6.856 10
1.589 7.709 5.573 9
1.848 7.431 4.702 10
1.599 8.188 4.702 10
1.417 8.341 4.721 10
1.675 7.929 4.644 9
1.493 7.785 4.96 10
0.814 7.891 5.477 10
0.277 7.948 5.861 10
0.756 7.977 6.1 10
1.12 7.948 6.636 9
1.158 7.805 7.048 10
1.455 7.412 6.885 10
1.628 7.603 6.55 10
1.379 7.795 6.646 9
1.034 8.063 6.157 10
0.469 8.006 5.669 10
0.565 7.939 5.248 10
1.628 7.517 4.357 9
1.608 7.881 5.046 10
1.455 8.015 5.841 10
1.12 7.805 6.023 10
0.727 7.613 5.947 9
0.622 7.489 5.564 10
0.871 7.335 4.788 10
1.58 7.268 4.137 10
2.011 7.335 3.811 10
1.944 7.536 3.687 9
1.733 7.594 3.581 10
1.541 7.747 3.581 10
1.292 8.121 4.022 10
0.699 8.638 4.96 10
0.028 8.896 5.832 9
-0.316 8.848 6.339 10
0.057 8.427 6.004 10
0.66 7.948 5.267 9
1.254 7.441 4.501 10
1.13 7.536 4.118 10
0.593 8.197 4.185 10
0.009 8.983 4.529 9
-0.459 9.519 4.51 10
-1.158 9.605 3.888 10
-2.001 9.576 3.227 10
-2.892 9.758 3.045 10
-3.265 9.662 3.371 9
-2.528 9.165 3.907 10
-1.273 8.494 4.548 10
-0.239 7.996 5.085 10
0.143 8.025 5.592 9
0.22 8.207 5.679 10
0.335 8.236 5.286 10
0.287 8.245 4.797 10
0.009 8.303 4.472 9
-0.344 8.465 4.261 10
-0.316 8.504 4.328 10
-0.047 8.35 4.625 10
0.143 8.255 4.759 10
-0.009 8.207 5.046 9
-0.335 8.418 5.353 10
-0.392 8.628 5.401 10
-0.134 8.571 5.181 10
-0.038 8.446 4.702 9
-0.727 8.427 2.24 10
-1.091 8.906 4.022 10
-0.632 8.686 5.391 10
-0.497 8.676 5.334 9
-0.689 8.686 5.056 10
-0.737 8.532 4.797 10
-0.574 8.398 4.711 10
-0.565 8.523 5.008 9
-0.469 8.561 5.228 10
-0.153 8.446 5.238 10
0.038 8.561 4.74 10
0.067 8.35 5.372 10
-0.057 8.207 5.468 9
-0.134 8.159 5.094 10
-0.028 8.063 4.979 10
0.095 8.121 5.133 10
0.172 8.226 5.075 9
0.057 8.274 4.826 10
-0.105 8.322 4.606 10
-0.248 8.398 4.568 10
-0.335 8.408 4.52 10
-0.239 8.379 4.625 9
-0.143 8.389 4.702 10
-0.105 8.398 4.912 10
-0.162 8.437 5.142 9
-0.076 8.418 5.228 10
0.028 8.322 5.219 10
0.057 8.293 5.209 10
0.0 8.322 5.2 9
-0.067 8.312 5.228 10
-0.038 8.283 5.228 10
-0.047 8.35 5.171 10
-0.105 8.389 5.123 10
-0.038 8.35 5.046 9
-0.009 8.245 4.979 10
-0.038 8.216 5.037 10
-0.038 8.245 5.171 10
0.009 8.303 5.238 9
0.067 8.226 5.209 10
0.114 8.14 5.027 10
0.086 8.14 4.874 10
0.057 8.188 4.817 9
0.067 8.207 4.817 10
0.105 8.169 4.759 10
0.076 8.159 4.788 10
0.0 8.159 4.855 10
-0.038 8.13 4.893 9
0.009 8.121 4.932 10
0.019 8.178 4.999 10
0.067 8.216 5.133 10
0.067 8.188 5.181 9
0.105 8.149 5.142 10
0.134 8.121 5.027 10
0.095 8.188 4.912 10
0.047 8.236 4.836 9
0.047 8.226 4.826 10
0.028 8.274 4.874 10
0.0 8.35 4.941 10
0.019 8.379 4.97 9
0.086 8.312 4.951 10
0.057 8.236 4.951 10
-0.009 8.245 4.903 10
-0.028 8.293 4.903 10
-0.086 8.312 4.932 9
-0.153 8.226 4.903 10
-0.086 8.245 4.884 10
-0.086 8.293 4.951 10
-0.105 8.283 4.874 9
-0.095 8.226 4.807 10
-0.076 8.264 4.817 10
-0.143 8.245 4.922 10
-0.114 8.188 4.75 9
-0.172 8.303 4.826 10
-0.162 8.312 4.845 10
-0.095 8.264 4.711 10
-0.028 8.379 4.778 9
-0.019 8.427 4.855 10
-0.019 8.398 4.826 10
-0.028 8.322 4.893 10
0.009 8.245 4.932 10
0.028 8.283 4.922 9
-0.181 8.408 4.797 10
-0.43 8.513 4.673 10
-0.699 8.59 4.616 10
-0.651 8.58 4.491 9
-0.114 8.054 0.21 10
-1.426 8.705 4.663 10
-1.063 8.494 6.445 10
-0.9 8.877 6.368 9
-0.536 8.896 5.899 10
-0.277 8.37 5.669 10
-0.44 8.264 5.573 10
-0.746 8.389 4.817 10
-0.383 8.14 4.223 9
-0.172 8.121 4.261 10
-0.287 8.35 4.414 10
-0.402 8.532 4.491 10
-0.459 8.532 4.654 9
-0.411 8.427 4.817 10
-0.306 8.293 4.874 10
-0.239 8.207 4.884 10
-0.22 8.111 4.855 9
-0.181 8.169 4.884 10
-0.296 8.303 4.941 10
-0.497 8.552 4.941 10
-0.296 8.159 5.19 10
-0.038 8.025 5.2 10
-0.009 8.13 5.085 9
-0.057 8.226 5.114 10
-0.038 8.255 5.133 10
-0.038 8.312 5.085 9
-0.143 8.312 5.066 10
-0.181 8.274 5.161 10
-0.134 8.188 5.161 10
-0.047 8.121 5.181 9
0.067 8.073 5.248 10
0.095 8.073 5.343 10
0.143 8.006 5.324 10
0.162 8.025 5.315 9
0.095 8.092 5.324 10
0.057 8.101 5.276 10
0.047 8.101 5.152 10
0.009 8.159 5.056 9
-0.095 8.188 5.056 10
-0.114 8.197 5.018 10
-0.038 8.101 4.989 10
-0.095 8.101 5.085 10
-0.229 8.14 5.228 9
-0.201 8.14 5.257 10
-0.047 8.101 5.133 10

# Completed @Sat Apr 01 16:23:24 CEST 2017
