# Accelerometer Data File
# Started @Sat Apr 01 15:38:24 CEST 2017
#
#
# sensor Vendor: STMicroelectronics
# sensor Name: LSM330 3-axis Accelerometer
# sensor Resolution: 0.009576807m/sec^2; Max Range: 39.2266; Min Delay: 10000 microseconds
# The sensor's attributes are the result hardware and the Android capabilities.
# It means that the Android may not utilize all features provided by the hardware.
#
# Some devices and Android versions save battery too much so the device may go to sleep.
# It just happens after couple of minutes from turning off the scree and it is easy to find it out.
#
# The following file provides the data from accelerometer in the m/s^2 format.
# The diff value is just a time delta between the samples
#
#
# data format:
# so we have 4 columns with values separated by the " "
# X Y Z time_from_previous_sample(ms)

# sensor speed set to:FASTEST
# units set to: m/sec^2
# gravity NOT filtered out
# Accuracy: HIGH
0.976 7.575 4.558 0
1.695 7.824 3.773 9
1.838 7.22 3.466 10
1.11 7.45 3.265 10
0.756 8.312 2.978 9
0.737 8.379 3.093 10
0.89 7.632 3.533 10
1.254 7.249 4.194 10
1.637 7.556 4.673 9
2.365 7.929 4.845 10
2.585 7.929 4.28 10
2.288 8.226 2.834 10
1.57 8.695 1.723 9
0.948 8.868 2.221 10
0.67 8.714 2.873 10
0.727 8.58 3.878 10
0.833 8.485 4.807 10
1.101 8.341 5.487 9
1.359 8.236 5.985 10
1.513 8.159 6.244 10
1.379 8.025 6.081 10
0.881 7.967 6.014 9
0.43 8.169 6.196 10
0.402 8.216 6.358 10
0.43 8.034 6.282 10
0.191 7.843 5.975 10
0.057 7.967 5.688 9
0.124 8.13 5.516 10
0.248 8.082 5.592 10
0.43 7.91 5.861 10
0.411 7.833 6.244 9
0.201 7.747 6.358 10
0.057 7.843 6.426 10
0.057 7.843 6.272 10
0.114 7.728 5.803 10
0.45 7.843 4.501 9
0.775 7.718 4.376 10
1.015 7.661 4.788 10
2.375 7.881 4.52 9
3.055 7.785 4.28 10
2.394 7.833 4.568 10
1.589 7.996 4.74 10
0.948 7.785 5.027 10
0.325 7.527 6.1 9
-0.076 7.412 6.244 10
-0.162 7.287 6.311 10
-0.009 7.153 6.627 10
0.095 7.105 6.502 10
0.114 7.115 6.11 9
-0.076 7.115 5.784 10
-0.383 7.125 5.535 10
-0.459 7.144 5.525 9
-0.344 7.125 5.525 10
-0.067 7.105 5.458 10
0.047 7.096 5.315 10
0.086 7.115 5.248 10
0.086 7.23 5.401 9
0.086 7.268 5.688 10
0.019 7.259 6.081 10
-0.114 7.278 6.378 10
-0.229 7.182 6.55 10
-0.421 7.058 6.445 9
-0.545 7.01 6.253 10
-1.426 6.301 6.78 10
-1.484 6.617 6.569 9
0.354 7.259 6.033 10
0.411 6.454 4.29 10
0.114 7.536 4.367 10
-2.643 7.086 8.101 9
-1.532 5.363 5.037 10
-0.708 7.115 3.342 10
-1.187 6.971 4.127 10
-1.015 6.406 3.552 9
-0.967 7.182 3.61 10
0.746 7.038 3.438 10
-0.488 7.383 5.343 10
-2.183 7.412 6.56 10
-2.614 7.469 7.431 9
-3.361 7.603 8.37 10
-3.667 7.785 8.628 10
-3.687 7.795 8.724 10
-3.648 7.929 9.241 9
-3.648 8.025 10.544 10
-3.447 8.149 12.2 10
-2.547 8.245 13.503 10
-0.775 8.465 14.978 10
1.829 8.954 16.615 9
4.194 9.461 17.429 10
6.464 9.844 18.368 10
8.552 10.457 19.747 10
10.419 11.003 21.212 9
11.903 11.185 22.361 10
12.66 10.831 22.629 10
13.043 10.275 22.084 10
13.388 9.768 21.327 9
13.991 8.906 20.341 10
14.891 7.546 18.473 10
15.658 6.157 15.83 10
15.83 4.769 12.717 9
15.361 2.959 9.414 10
14.911 0.842 6.722 10
14.279 -1.455 3.955 10
13.273 -3.323 1.043 9
12.181 -5.219 -1.905 10
10.381 -6.943 -4.089 10
7.68 -8.283 -6.339 10
4.845 -9.088 -8.121 10
1.934 -9.404 -9.71 9
-0.373 -9.251 -10.304 10
-1.982 -8.513 -10.218 10
-3.361 -7.795 -9.825 10
-4.912 -7.0 -9.414 9
-6.569 -6.244 -8.848 10
-8.216 -5.525 -8.216 10
-9.5 -4.941 -7.201 10
-10.783 -4.261 -5.592 9
-12.622 -3.294 -3.552 10
-14.25 -2.806 -0.727 10
-16.165 -2.94 3.007 10
-19.977 -2.432 7.048 10
-23.731 -1.752 9.471 9
-26.115 -0.612 10.821 10
-26.661 1.244 11.597 10
-24.411 3.371 13.196 9
-20.389 5.717 15.428 10
-14.92 8.015 18.492 10
-8.408 10.16 21.729 10
-2.71 12.057 24.315 10
1.493 13.819 26.087 9
4.865 15.054 26.403 10
7.785 15.801 25.206 10
10.879 16.395 23.147 10
14.02 16.788 20.877 10
16.089 16.51 18.914 9
17.113 15.629 16.673 10
16.826 14.451 14.02 10
15.265 12.756 10.955 9
13.311 10.994 8.446 10
11.31 9.203 6.09 10
9.289 7.671 3.888 10
7.805 6.636 2.126 10
6.904 5.851 0.804 9
6.416 5.295 -0.335 10
6.062 4.865 -1.331 10
5.506 4.395 -1.982 10
4.606 4.031 -1.982 9
3.572 3.888 -1.608 10
2.691 3.84 -1.235 10
1.991 3.869 -0.833 10
1.283 3.945 0.028 10
0.517 4.194 0.909 9
-0.153 4.462 1.618 10
-0.373 4.74 2.135 10
-0.047 5.085 2.48 9
0.603 5.602 2.959 10
0.392 6.282 3.524 10
1.053 7.22 4.031 10
1.704 7.805 4.912 9
1.829 8.054 5.813 11
1.656 7.958 6.588 9
1.34 7.987 7.441 10
1.015 8.121 8.226 10
1.474 8.341 8.599 10
1.848 8.485 8.801 9
1.915 8.446 8.456 10
2.039 8.293 7.881 10
1.991 8.35 7.441 10
1.742 8.341 7.268 9
1.484 8.044 6.971 10
1.628 8.063 6.703 10
1.513 7.527 6.09 10
1.388 7.814 5.535 9
1.158 8.418 5.889 10
1.168 9.021 6.042 10
1.474 8.35 5.717 10
1.206 7.326 5.267 9
0.363 7.058 5.401 10
0.622 7.431 5.956 10
1.57 7.929 6.751 10
2.461 8.044 7.307 9
1.513 7.891 6.703 10
0.373 7.603 6.598 10
-0.402 7.383 6.598 10
-1.053 7.489 6.042 10
-0.995 7.651 5.956 10
-0.727 7.671 6.54 9
-0.402 7.69 6.339 10
0.172 7.441 6.387 10
0.325 7.374 7.23 9
-0.009 7.364 7.68 10
-0.162 7.201 7.345 10
0.727 6.483 5.564 10
1.723 6.129 4.788 10
1.474 6.435 3.964 9
0.833 7.182 5.19 10
0.344 7.776 6.435 10
0.181 7.872 6.081 10
0.277 7.891 6.157 9
0.201 7.967 6.406 10
0.047 7.766 5.64 10
-0.143 7.575 4.874 10
-0.201 7.747 5.142 9
-0.191 8.092 5.602 10
-0.191 8.322 5.468 10
0.009 8.58 4.836 10
0.134 8.695 4.414 10
-0.009 8.705 4.453 9
-0.229 8.762 4.989 10
-0.45 8.552 5.544 10
-0.584 8.456 5.631 9
-0.593 8.37 5.248 10
-0.632 8.475 4.932 10
-0.948 8.848 5.008 10
-1.139 8.906 5.305 10
-0.986 8.552 5.343 9
-0.622 8.101 5.066 10
-0.258 7.967 4.836 10
0.134 7.814 4.884 10
0.325 7.805 5.037 9
0.354 8.006 5.2 10
0.296 8.274 5.267 10
0.009 8.657 5.401 10
-0.45 8.858 5.516 10
-0.699 8.734 5.516 9
-0.679 8.408 5.487 10
-0.363 8.015 5.41 10
-0.019 7.747 5.276 9
0.354 7.671 5.257 11
0.268 7.91 5.248 9
0.134 8.264 5.133 10
-0.086 8.37 5.008 9
-0.172 8.283 4.893 10
-0.181 8.178 4.845 10
-0.325 8.216 4.625 10
-0.373 8.322 4.357 10
-0.354 8.35 4.29 9
-0.354 8.331 4.223 10
-0.239 8.293 4.357 10
-0.076 8.226 4.51 10
-0.019 8.245 4.74 9
0.086 8.216 4.884 10
0.316 8.236 4.845 10
0.363 8.236 4.807 10
0.306 8.274 4.884 10
0.181 8.236 4.893 10
0.019 8.121 4.807 9
-0.21 8.14 4.692 10
-0.555 8.236 4.386 9
-0.689 8.408 4.175 10
-0.603 8.494 3.821 10
-1.225 8.705 -0.497 10
-1.11 8.954 3.591 10
-1.244 8.963 7.01 10
-1.379 9.107 7.192 9
-1.11 8.906 6.56 10
-0.89 8.772 5.612 10
-0.785 8.628 4.529 9
-0.814 8.341 3.993 10
-0.66 8.207 4.137 10
-0.354 8.159 4.309 10
-0.038 8.111 4.501 9
0.028 8.101 4.692 10
-0.105 8.159 4.788 10
-0.22 8.14 4.817 10
-0.162 8.054 4.788 10
0.019 7.977 4.75 9
0.114 7.967 4.836 10
-0.028 8.197 4.759 10
-0.067 8.188 5.19 10
-0.047 8.101 5.315 9
-0.028 8.14 5.123 10
-0.067 8.207 4.932 10
-0.172 8.331 4.817 10
-0.287 8.446 4.865 9
-0.402 8.485 4.941 10
-0.411 8.485 5.085 10
-0.421 8.446 5.209 10
-0.325 8.389 5.324 10
-0.21 8.303 5.363 9
-0.181 8.312 5.372 10
-0.21 8.36 5.334 10
-0.153 8.293 5.19 9
0.038 8.111 5.027 10
-0.057 8.082 5.037 10
-0.316 8.207 5.056 10
-0.44 8.331 4.941 10
-0.402 8.312 4.884 9
-0.287 8.226 4.874 11
-0.105 8.092 4.845 9
-0.153 8.101 4.817 10
-0.316 8.178 4.836 9
-0.411 8.236 4.807 10
-0.383 8.236 4.75 10
-0.402 8.188 4.817 10
-0.335 8.159 4.845 9
-0.181 8.063 4.836 10
-0.153 8.054 4.932 10
-0.201 8.169 4.979 10
-0.248 8.188 5.027 10
-0.296 8.178 5.075 9
-0.402 8.149 5.066 10
-0.411 8.188 5.209 10
-0.306 8.197 5.276 10
-0.181 8.188 5.209 9
-0.067 8.121 5.133 10
-0.134 8.121 5.066 10
-0.287 8.188 5.027 10
-0.316 8.197 5.027 9
-0.239 8.169 5.027 10
-0.172 8.197 5.094 10
-0.201 8.236 5.171 10
-0.335 8.264 5.181 9
-0.488 8.303 5.181 10
-0.517 8.293 5.123 10
-0.459 8.226 5.027 10
-0.363 8.197 5.018 10
-0.354 8.188 5.037 10
-0.402 8.216 5.046 9
-0.421 8.255 5.056 10
-0.335 8.274 5.066 11
-0.268 8.197 5.027 8
-0.316 8.188 5.018 10
-0.411 8.226 4.999 10
-0.421 8.236 4.97 10
-0.383 8.149 4.979 9
-0.268 8.063 5.018 10
-0.258 8.044 4.979 10
-0.325 8.073 4.922 10
-0.316 8.111 4.855 10
-0.344 8.149 4.817 9
-0.402 8.159 4.788 10
-0.402 8.226 4.721 10
-0.373 8.216 4.73 9
-0.392 8.092 4.683 10
-0.411 8.015 4.692 10
-0.536 8.082 4.673 10
-0.622 8.207 4.577 10
-0.756 8.331 4.51 9
-1.005 8.437 4.118 10
-1.963 8.877 2.662 10
-2.269 9.097 5.391 10
-1.532 8.437 6.205 10
-1.091 8.245 5.822 9
-1.053 8.37 5.305 10
-1.197 8.456 4.654 10
-1.34 8.437 4.414 10
-1.139 8.331 4.625 9
-0.842 8.303 4.788 10
-0.66 8.36 4.893 10
-0.603 8.35 5.066 10
-0.612 8.293 5.161 9
-0.574 8.159 5.123 10
-0.507 8.025 5.094 10
-0.488 7.967 5.133 10
-0.517 8.063 5.018 10
-0.459 8.13 4.893 9
-0.344 8.111 4.912 10
-0.22 8.111 4.989 10
-0.162 8.159 4.951 10
-0.201 8.159 4.836 9
-0.354 8.13 4.826 10
-0.497 8.159 4.903 10
-0.565 8.178 4.941 10
-0.66 8.226 5.056 9
-0.746 8.303 5.267 10
-0.756 8.35 5.439 10
-0.699 8.283 5.516 10
-0.574 8.188 5.506 9
-0.507 8.149 5.487 10
-0.526 8.197 5.497 10
-0.545 8.226 5.41 10
-0.507 8.169 5.286 10
-0.555 8.13 5.181 9
-0.603 8.159 5.114 10
-0.699 8.216 5.056 10

# Completed @Sat Apr 01 15:38:27 CEST 2017
