# Accelerometer Data File
# Started @Sun Mar 26 22:18:09 GMT+02:00 2017
#
#
# sensor Vendor: Invensense
# sensor Name: ICM20610 Acceleration Sensor
# sensor Resolution: 0.0011971008m/sec^2; Max Range: 39.2266; Min Delay: 5000 microseconds
# The sensor's attributes are the result hardware and the Android capabilities.
# It means that the Android may not utilize all features provided by the hardware.
#
# Some devices and Android versions save battery too much so the device may go to sleep.
# It just happens after couple of minutes from turning off the scree and it is easy to find it out.
#
# The following file provides the data from accelerometer in the m/s^2 format.
# The diff value is just a time delta between the samples
#
#
# data format:
# so we have 4 columns with values separated by the " "
# X Y Z time_from_previous_sample(ms)

# sensor speed set to:FASTEST
# units set to: m/sec^2
# gravity NOT filtered out
# Accuracy: HIGH
0.731 6.852 6.448 0
0.731 6.852 6.448 4
1.033 7.192 6.563 5
1.698 7.905 6.597 5
1.698 7.905 6.597 3
1.698 7.905 6.597 2
1.626 8.317 6.63 5
1.626 8.317 6.63 5
-0.762 8.542 6.836 5
-0.762 8.542 6.836 3
-0.762 8.542 6.836 3
-1.873 8.437 6.405 4
-1.873 8.437 6.405 5
-1.49 7.848 4.499 5
-1.49 7.848 4.499 4
-1.49 7.848 4.499 1
0.065 7.522 4.581 5
0.065 7.522 4.581 5
0.817 8.365 5.146 5
0.817 8.365 5.146 3
0.817 8.365 5.146 2
0.329 7.335 6.889 5
0.329 7.335 6.889 5
0.084 7.321 6.558 5
0.084 7.321 6.558 3
0.084 7.321 6.558 2
0.453 7.766 6.769 5
0.453 7.766 6.769 5
0.731 7.848 5.96 5
0.731 7.848 5.96 4
0.635 7.972 5.706 6
0.635 7.972 5.706 5
0.013 7.757 6.472 5
0.013 7.757 6.472 3
0.013 7.757 6.472 2
-0.312 7.671 6.98 5
-0.025 7.833 6.199 5
-0.025 7.833 6.199 5
-0.025 7.833 6.199 4
0.152 7.848 5.084 1
0.152 7.848 5.084 5
-0.073 7.896 4.097 5
-0.073 7.896 4.097 5
-0.073 7.896 4.097 4
-0.475 7.829 3.408 1
-0.475 7.829 3.408 5
-0.733 7.848 3.331 5
-0.733 7.848 3.331 5
-0.733 7.848 3.331 3
0.041 8.236 4.902 2
0.041 8.236 4.902 5
0.19 8.724 5.017 5
0.19 8.724 5.017 5
0.19 8.724 5.017 3
0.779 8.513 5.424 2
0.779 8.513 5.424 5
1.224 8.365 6.386 5
1.224 8.365 6.386 5
1.224 8.365 6.386 4
1.411 7.963 6.262 1
1.411 7.963 6.262 5
1.09 7.479 6.803 5
1.09 7.479 6.803 5
1.09 7.479 6.803 3
0.75 7.718 6.827 2
0.75 7.718 6.827 5
0.592 7.867 6.348 5
-0.149 7.776 7.454 5
-0.149 7.776 7.454 3
-0.149 7.776 7.454 2
1.454 7.551 5.591 5
1.454 7.551 5.591 5
-0.283 7.196 6.099 5
-0.283 7.196 6.099 5
-1.495 7.249 9.479 5
-1.495 7.249 9.479 5
0.29 7.541 7.88 5
0.29 7.541 7.88 3
0.29 7.541 7.88 2
1.531 8.106 6.846 5
1.531 8.106 6.846 5
0.899 7.613 7.344 5
0.899 7.613 7.344 4
0.899 7.613 7.344 1
-0.374 6.856 7.717 5
-0.374 6.856 7.717 5
-0.594 7.551 5.333 5
-0.594 7.551 5.333 4
-1.567 7.273 5.175 6
-1.567 7.273 5.175 5
-2.237 7.34 6.209 5
-2.237 7.34 6.209 4
-2.237 7.34 6.209 2
-0.432 7.326 6.549 4
-0.432 7.326 6.549 5
-0.001 8.513 5.04 5
-0.001 8.513 5.04 4
-0.001 8.513 5.04 1
-0.532 8.877 5.85 5
0.788 8.236 4.969 5
0.788 8.236 4.969 5
0.788 8.236 4.969 4
0.19 7.852 4.466 1
0.19 7.852 4.466 5
0.827 8.097 3.819 5
0.827 8.097 3.819 5
0.827 8.097 3.819 4
1.291 8.7 3.819 1
1.291 8.7 3.819 5
1.057 8.628 4.945 5
1.057 8.628 4.945 5
1.057 8.628 4.945 4
1.689 7.781 4.605 1
1.689 7.781 4.605 5
1.918 7.651 5.323 5
1.918 7.651 5.323 5
1.918 7.651 5.323 5
0.377 8.729 3.829 5
-0.729 8.408 5.385 5
-0.729 8.408 5.385 5
-0.729 8.408 5.385 4
1.598 7.953 5.251 1
1.598 7.953 5.251 5
2.325 8.762 4.198 5
2.325 8.762 4.198 5
2.325 8.762 4.198 4
2.33 8.02 3.853 1
2.33 8.02 3.853 5
0.841 7.517 5.668 5
0.841 7.517 5.668 5
0.841 7.517 5.668 4
1.167 7.618 6.372 6
1.167 7.618 6.372 5
1.952 8.226 5.764 5
1.952 8.226 5.764 4
1.952 8.226 5.764 1
2.239 8.422 5.629 5
2.239 8.422 5.629 5
1.871 8.489 5.443 5
1.871 8.489 5.443 4
1.871 8.489 5.443 1
0.683 8.24 6.314 5
0.683 8.24 6.314 5
0.487 7.551 5.754 5
0.487 7.551 5.754 4
0.487 7.551 5.754 2
-0.843 6.517 7.372 4
-0.843 6.517 7.372 5
-0.614 6.435 7.597 5
-0.614 6.435 7.597 4
-0.614 6.435 7.597 1
-0.355 6.282 6.98 5
-0.355 6.282 6.98 5
0.041 6.828 7.349 5
0.041 6.828 7.349 4
0.041 6.828 7.349 1
0.645 7.115 7.396 5
0.645 7.115 7.396 5
0.721 7.383 5.869 5
0.721 7.383 5.869 5
-0.987 7.374 6.065 5
-0.987 7.374 6.065 5
0.08 7.378 5.629 5
0.08 7.378 5.629 4
0.405 7.479 5.577 1
0.405 7.479 5.577 5
0.999 8.212 5.85 5
0.999 8.212 5.85 5
0.999 8.212 5.85 4
0.487 7.987 6.123 2
0.487 7.987 6.123 4
0.07 7.201 7.497 5
0.07 7.201 7.497 5
0.07 7.201 7.497 5
-0.834 7.187 8.541 1
-0.834 7.187 8.541 4
-0.231 7.11 8.656 5
-0.231 7.11 8.656 5
-0.231 7.11 8.656 4
0.175 6.641 6.769 1
0.175 6.641 6.769 5
0.003 7.752 6.692 5
0.003 7.752 6.692 5
0.003 7.752 6.692 4
-0.235 7.948 6.056 1
-0.235 7.948 6.056 5
-0.01 7.575 5.428 5
-0.01 7.575 5.428 5
-0.01 7.575 5.428 5
0.219 7.56 5.787 5
0.745 7.738 6.64 5
0.745 7.738 6.64 5
0.745 7.738 6.64 4
0.827 8.106 7.19 1
0.827 8.106 7.19 5
0.683 8.231 6.63 5
0.367 8.116 5.816 5
0.367 8.116 5.816 4
0.367 8.116 5.816 1
-0.058 8.058 5.519 6
-0.058 8.058 5.519 5
0.161 8.437 5.313 5
0.161 8.437 5.313 4
0.602 8.427 5.39 6
0.602 8.427 5.39 5
0.42 7.896 6.156 5
0.42 7.896 6.156 3
0.42 7.896 6.156 2
0.041 7.465 7.363 5
0.041 7.465 7.363 5
0.041 7.417 7.674 5
0.041 7.417 7.674 3
0.041 7.417 7.674 2
-0.106 7.225 7.305 5
-0.106 7.225 7.305 5
-0.508 7.187 6.793 5
-0.508 7.187 6.793 4
-0.681 7.422 6.621 6
-0.681 7.422 6.621 5
-0.796 7.359 6.262 5
-0.796 7.359 6.262 3
-0.796 7.359 6.262 2
-0.81 7.378 6.664 5
-0.81 7.378 6.664 5
-0.283 7.527 6.41 5
-0.283 7.527 6.41 3
-0.283 7.527 6.41 2
-0.422 7.536 5.874 5
-0.805 7.776 5.993 5
-0.805 7.776 5.993 5
-0.805 7.776 5.993 4
-0.915 7.56 5.519 1
-0.915 7.56 5.519 5
-0.786 7.556 5.759 5
-0.786 7.556 5.759 5
-0.786 7.556 5.759 3
-0.614 7.422 5.95 2
-0.614 7.422 5.95 5
-0.834 7.177 6.19 5
-0.834 7.177 6.19 5
-0.834 7.177 6.19 3
-1.222 7.235 5.783 2
-1.222 7.235 5.783 5
-1.523 7.302 5.261 5
-1.523 7.302 5.261 5
-1.523 7.302 5.261 4
-1.59 7.196 5.213 6
-1.274 7.254 5.218 5
-1.274 7.254 5.218 5
-1.274 7.254 5.218 3
-1.988 7.541 5.946 2
-1.988 7.541 5.946 5
-0.231 7.005 5.036 5
-0.231 7.005 5.036 5
-0.231 7.005 5.036 4
-1.581 7.015 5.692 1
-1.581 7.015 5.692 5
-1.547 7.192 5.673 5
-1.547 7.192 5.673 5
-1.547 7.192 5.673 4
-1.835 7.35 4.969 6
-1.835 7.35 4.969 5
-1.519 7.402 4.729 5
-1.519 7.402 4.729 3
-1.519 7.402 4.729 2
-1.533 7.311 5.582 5
-1.533 7.311 5.582 5
-1.725 7.019 5.778 5
-1.725 7.019 5.778 3
-1.725 7.019 5.778 2
-1.523 7.206 5.467 5
-1.523 7.206 5.467 5
-1.346 7.484 4.844 5
-1.346 7.484 4.844 4
-0.456 8.03 4.791 6
-0.456 8.03 4.791 5
-1.418 7.517 5.538 5
-1.418 7.517 5.538 3
-1.418 7.517 5.538 2
-1.634 7.862 4.887 5
-1.634 7.862 4.887 5
-1.432 7.91 4.672 5
-1.432 7.91 4.672 3
-1.432 7.91 4.672 2
-1.677 7.977 4.595 5
-1.677 7.977 4.595 5
-1.15 8.212 4.605 5
-1.15 8.212 4.605 4
-1.217 7.891 5.251 6
-1.217 7.891 5.251 5
-1.121 7.881 5.673 5
-1.121 7.881 5.673 3
-1.088 7.929 5.471 2
-1.088 7.929 5.471 5
-0.848 7.953 5.347 5
-0.848 7.953 5.347 5
-0.848 7.953 5.347 4
-1.423 7.886 5.893 1
-1.423 7.886 5.893 5
-1.461 7.833 5.51 5
-1.461 7.833 5.51 5
-1.461 7.833 5.51 4
-1.662 7.742 5.443 2
-1.662 7.742 5.443 4
-1.452 7.891 5.146 5
-1.452 7.891 5.146 5
-1.452 7.891 5.146 3
-1.236 8.049 5.208 3
-1.236 8.049 5.208 4
-1.035 8.058 5.61 5
-1.035 8.058 5.61 5
-1.035 8.058 5.61 3
-0.858 7.953 5.878 2
-0.858 7.953 5.878 5
-0.652 8.02 6.027 5
-0.652 8.02 6.027 5
-0.652 8.02 6.027 4
-0.58 8.145 6.08 1
-0.58 8.145 6.08 5
-0.575 8.312 5.701 5
-0.575 8.312 5.701 5
-0.575 8.312 5.701 3
-0.451 8.475 5.227 2
-0.451 8.475 5.227 5
-0.475 8.403 5.251 5
-0.709 8.202 5.807 5
-0.709 8.202 5.807 4
-0.709 8.202 5.807 1
-0.815 8.049 5.792 5
-0.815 8.049 5.792 5
-0.791 8.188 5.505 5
-0.791 8.188 5.505 5
-0.618 8.312 5.079 5
-0.618 8.312 5.079 5
-0.456 8.36 5.093 5
-0.456 8.36 5.093 3
-0.456 8.36 5.093 2
-0.412 8.322 5.184 5
-0.412 8.322 5.184 5
-0.499 8.197 5.175 5
-0.499 8.197 5.175 4
-0.499 8.197 5.175 1
-0.475 8.279 5.103 5
-0.475 8.279 5.103 5
-0.456 8.413 4.892 5
-0.456 8.413 4.892 4
-0.547 8.441 4.643 6
-0.547 8.441 4.643 5
-0.523 8.446 4.533 5
-0.523 8.446 4.533 4
-0.523 8.446 4.533 1
-0.594 8.413 4.624 5
-0.594 8.413 4.624 5
-0.532 8.432 4.696 5
-0.532 8.432 4.696 4
-0.532 8.432 4.696 1
-0.489 8.403 4.586 5
-0.638 8.451 4.586 5
-0.638 8.451 4.586 5
-0.638 8.451 4.586 4
-0.647 8.422 4.566 1
-0.647 8.422 4.566 5
-0.594 8.537 4.49 5
-0.594 8.537 4.49 5
-0.594 8.537 4.49 4
-0.365 8.595 4.418 1
-0.365 8.595 4.418 5
-0.302 8.595 4.624 5
-0.302 8.595 4.624 5
-0.302 8.595 4.624 4
-0.293 8.47 4.94 1
-0.293 8.47 4.94 5
-0.283 8.35 5.194 5
-0.283 8.35 5.194 5
-0.283 8.35 5.194 5
-0.312 8.413 5.16 5
-0.235 8.48 4.815 5
-0.235 8.48 4.815 5
-0.235 8.48 4.815 4
-0.24 8.643 4.6 1
-0.24 8.643 4.6 5
-0.187 8.762 4.509 5
-0.187 8.762 4.509 5
-0.187 8.762 4.509 4
-0.211 8.738 4.557 2
-0.211 8.738 4.557 4
-0.087 8.686 4.667 5
-0.087 8.686 4.667 5
-0.087 8.686 4.667 4
0.061 8.604 5.108 1
0.022 8.619 5.189 5
0.022 8.619 5.189 5
1.143 8.518 4.638 5
1.143 8.518 4.638 4
1.143 8.518 4.638 1
-0.489 8.762 5.682 5
-0.489 8.762 5.682 5
-0.168 8.595 4.686 5
-0.168 8.595 4.686 4
-0.168 8.595 4.686 1
-0.25 8.571 4.758 5
-0.25 8.571 4.758 5
-0.164 8.628 4.93 5
-0.164 8.628 4.93 4
-0.164 8.628 4.93 1
-0.144 8.504 4.906 5
-0.144 8.504 4.906 5
-0.077 8.523 5.218 5
-0.077 8.523 5.218 4
-0.077 8.523 5.218 1
-0.025 8.413 5.424 5
-0.025 8.413 5.424 5
-0.168 8.341 5.452 5
-0.168 8.341 5.452 4
-0.168 8.341 5.452 1
-0.245 8.374 5.275 5
-0.245 8.374 5.275 5
-0.269 8.504 4.954 5
-0.269 8.504 4.954 5
-0.269 8.504 4.954 1
-0.389 8.489 4.619 4
-0.508 8.403 4.61 5
-0.508 8.403 4.61 5
-0.508 8.403 4.61 4
-0.566 8.422 4.499 1
-0.566 8.422 4.499 5
-0.389 8.494 4.452 5
-0.389 8.494 4.452 5
-0.389 8.494 4.452 4
-0.322 8.413 4.787 1
-0.322 8.413 4.787 5
-0.331 8.293 4.978 5
-0.331 8.293 4.978 5
-0.331 8.293 4.978 4
-0.379 8.317 4.95 2
-0.379 8.317 4.95 4
-0.298 8.384 4.791 5
-0.298 8.384 4.791 5
-0.298 8.384 4.791 4
-0.178 8.456 4.533 1
-0.178 8.456 4.533 5
-0.135 8.547 4.519 5
-0.135 8.547 4.519 5
-0.135 8.547 4.519 4
-0.235 8.504 4.523 1
-0.235 8.504 4.523 6
-0.283 8.485 4.504 4
-0.283 8.485 4.504 5
-0.283 8.485 4.504 4
-0.35 8.413 4.456 2
-0.35 8.413 4.456 5
-0.417 8.365 4.547 4
-0.417 8.365 4.547 5
-0.417 8.365 4.547 4
-0.446 8.394 4.432 1
-0.403 8.432 4.313 6
-0.403 8.432 4.313 5
0.597 8.451 4.155 5
0.597 8.451 4.155 3
0.597 8.451 4.155 2
-0.384 8.623 5.155 5
-0.384 8.623 5.155 5
-0.096 8.427 4.614 5
-0.096 8.427 4.614 4
-0.096 8.427 4.614 1
-0.111 8.389 4.815 5
-0.111 8.389 4.815 5
-0.025 8.489 5.002 5
-0.025 8.489 5.002 3
-0.025 8.489 5.002 2
0.065 8.528 4.624 5
0.065 8.528 4.624 5
-0.063 8.609 4.705 5
-0.063 8.609 4.705 4
-0.063 8.609 4.705 1
-0.106 8.576 4.59 5
-0.106 8.576 4.59 5
-0.211 8.599 4.605 5
-0.211 8.599 4.605 3
-0.211 8.599 4.605 2
-0.245 8.59 4.614 5
-0.245 8.59 4.614 5
-0.235 8.638 4.677 5
-0.235 8.638 4.677 3
-0.235 8.638 4.677 2
-0.197 8.604 4.729 5
-0.197 8.604 4.729 5
-0.154 8.671 4.811 5
-0.154 8.671 4.811 3
-0.073 8.729 4.787 2
-0.073 8.729 4.787 5
-0.068 8.681 4.902 5
-0.068 8.681 4.902 5
-0.068 8.681 4.902 4
-0.125 8.647 4.835 1
-0.125 8.647 4.835 5
-0.264 8.599 4.777 5
-0.264 8.599 4.777 5
-0.264 8.599 4.777 3
-0.302 8.599 4.835 2
-0.302 8.599 4.835 5
-0.264 8.595 4.753 5
-0.264 8.595 4.753 5
-0.264 8.595 4.753 3
-0.302 8.71 4.724 2
-0.302 8.71 4.724 5
-0.298 8.657 4.791 5
-0.298 8.657 4.791 5
-0.298 8.657 4.791 4
-0.326 8.552 4.825 1
-0.326 8.552 4.825 5
-0.293 8.547 4.993 5
-0.293 8.547 4.993 5
-0.293 8.547 4.993 3
-0.211 8.513 5.098 2
-0.211 8.513 5.098 5
-0.259 8.532 4.935 5
-0.259 8.532 4.935 5
-0.259 8.532 4.935 4
-0.259 8.585 4.892 1
-0.259 8.585 4.892 5
-0.274 8.638 4.768 5
-0.293 8.652 4.648 5
-0.293 8.652 4.648 4
-0.293 8.652 4.648 1
-0.336 8.619 4.844 5
-0.336 8.619 4.844 5
-0.336 8.614 4.6 5
-0.336 8.614 4.6 3
-0.336 8.614 4.6 2
-0.264 8.681 4.648 5
-0.264 8.681 4.648 5
-0.197 8.657 4.61 5
-0.197 8.657 4.61 3
-0.197 8.657 4.61 2
-0.235 8.585 4.791 5
-0.235 8.585 4.791 5
-0.202 8.451 4.902 5
-0.202 8.451 4.902 4
-0.202 8.451 4.902 1
-0.13 8.465 4.93 5
-0.13 8.465 4.93 5
-0.13 8.542 4.873 5
-0.13 8.542 4.873 3
-0.13 8.542 4.873 2
-0.116 8.609 4.739 5
-0.116 8.609 4.739 5
-0.092 8.647 4.48 5
-0.092 8.647 4.48 3
-0.092 8.647 4.48 2
-0.164 8.695 4.384 5
-0.164 8.695 4.384 5
-0.197 8.705 4.313 5
-0.197 8.705 4.313 4
-0.197 8.705 4.313 1
-0.25 8.623 4.37 5
-0.283 8.532 4.48 5
-0.283 8.532 4.48 5
-0.283 8.532 4.48 3
-0.202 8.532 4.566 2
-0.202 8.532 4.566 5
-0.159 8.542 4.576 5
-0.159 8.542 4.576 5
-0.159 8.542 4.576 4
-0.13 8.528 4.633 1
-0.13 8.528 4.633 5
-0.087 8.556 4.648 5
-0.087 8.556 4.648 5
-0.087 8.556 4.648 4
0.013 8.628 4.586 1
0.013 8.628 4.586 5
0.061 8.7 4.38 5
0.061 8.7 4.38 5
0.061 8.7 4.38 3
0.027 8.69 4.375 2
0.027 8.69 4.375 5
-0.068 8.595 4.27 5
-0.068 8.595 4.27 5
-0.068 8.595 4.27 3
-0.192 8.585 4.471 2
-0.192 8.585 4.471 5
-0.25 8.494 4.394 5
-0.25 8.494 4.394 5
-0.25 8.494 4.394 4
-0.278 8.504 4.423 1
-0.278 8.504 4.423 5
-0.164 8.58 4.231 5
-0.164 8.58 4.231 5
-0.164 8.58 4.231 3
0.051 8.614 4.298 2
0.041 8.633 4.566 5
0.041 8.633 4.566 6
-0.073 8.499 4.667 5
-0.073 8.499 4.667 2
-0.073 8.499 4.667 2
-0.164 8.427 4.72 5
-0.164 8.427 4.72 5
-0.125 8.508 4.739 5
-0.125 8.508 4.739 4
-0.049 8.676 4.504 6
-0.049 8.676 4.504 5
-0.02 8.686 4.447 5
-0.02 8.686 4.447 3
-0.02 8.686 4.447 2
-0.049 8.667 4.499 5
-0.049 8.667 4.499 5
-0.082 8.695 4.485 5
-0.082 8.695 4.485 4
-0.082 8.695 4.485 1
-0.202 8.59 4.6 5
-0.202 8.59 4.6 5
-0.283 8.523 4.657 5
-0.283 8.523 4.657 4
-0.283 8.523 4.657 1
-0.312 8.499 4.782 5
-0.312 8.499 4.782 5
-0.159 8.59 4.772 5
-0.159 8.59 4.772 4
-0.159 8.59 4.772 1
-0.073 8.652 4.882 5
-0.073 8.652 4.882 5
-0.154 8.614 4.801 5
-0.154 8.614 4.801 4
-0.274 8.614 4.772 1
-0.274 8.614 4.772 5
-0.393 8.614 4.648 5
-0.393 8.614 4.648 5
-0.393 8.614 4.648 4
-0.422 8.633 4.576 1
-0.422 8.633 4.576 5
-0.379 8.59 4.657 5
-0.379 8.59 4.657 5
-0.379 8.59 4.657 4
-0.345 8.599 4.72 1
-0.345 8.599 4.72 5
-0.254 8.576 4.763 5
-0.254 8.576 4.763 5
-0.254 8.576 4.763 4
-0.14 8.633 4.82 1
-0.14 8.633 4.82 5
-0.12 8.619 4.782 5
-0.12 8.619 4.782 5
-0.12 8.619 4.782 4
-0.087 8.609 4.801 1
-0.087 8.609 4.801 5
0.003 8.652 4.95 5
0.003 8.652 4.95 5
0.003 8.652 4.95 4
-0.025 8.633 4.997 2
-0.025 8.633 4.997 4
-0.034 8.628 4.911 5
-0.034 8.628 4.911 5
-0.034 8.628 4.911 4
-0.106 8.633 4.796 2
-0.106 8.633 4.796 4
-0.144 8.695 4.542 5
0.19 8.58 4.121 5
0.19 8.58 4.121 4
0.19 8.58 4.121 2
-0.288 8.872 4.859 4
-0.288 8.872 4.859 5
-0.02 8.604 4.389 5
-0.02 8.604 4.389 4
-0.02 8.604 4.389 1
0.075 8.786 4.629 5
0.075 8.786 4.629 5
0.07 8.729 4.686 5
0.07 8.729 4.686 4
0.07 8.729 4.686 1
0.089 8.671 4.638 5
0.089 8.671 4.638 5
0.027 8.753 4.547 5
0.027 8.753 4.547 4
0.027 8.753 4.547 2
0.017 8.729 4.456 4
0.017 8.729 4.456 5
-0.015 8.748 4.294 5
-0.015 8.748 4.294 4
-0.015 8.748 4.294 1
-0.164 8.714 4.313 5
-0.164 8.714 4.313 5
-0.341 8.628 4.27 5
-0.341 8.628 4.27 4
-0.341 8.628 4.27 1
-0.331 8.59 4.384 5
-0.331 8.59 4.384 5
-0.331 8.518 4.552 5
-0.331 8.518 4.552 5
-0.202 8.552 4.681 5
-0.135 8.576 4.686 5
-0.135 8.576 4.686 5
-0.135 8.576 4.686 4
-0.159 8.585 4.552 1
-0.159 8.585 4.552 5
-0.087 8.633 4.528 5
-0.087 8.633 4.528 5
-0.087 8.633 4.528 4
-0.12 8.619 4.581 2
-0.12 8.619 4.581 4
-0.211 8.628 4.59 5
-0.211 8.628 4.59 5
-0.211 8.628 4.59 4
-0.216 8.604 4.619 1
-0.216 8.604 4.619 5
-0.288 8.542 4.701 5
-0.288 8.542 4.701 5
-0.288 8.542 4.701 4
-0.322 8.475 4.777 1
-0.322 8.475 4.777 5
-0.283 8.47 4.514 5
-0.283 8.47 4.514 5
-0.283 8.47 4.514 4
-0.379 8.705 5.208 1
-0.379 8.705 5.208 5
-0.278 8.489 4.447 5
-0.278 8.489 4.447 5
-0.278 8.489 4.447 4
-0.278 8.599 4.71 2
-0.278 8.599 4.71 5
-0.235 8.609 4.653 5
-0.235 8.609 4.653 5
-0.235 8.609 4.653 3
-0.317 8.513 4.787 2
-0.317 8.518 4.878 5
-0.317 8.518 4.878 5
-0.322 8.499 4.811 5
-0.322 8.499 4.811 3
-0.322 8.499 4.811 2
-0.312 8.518 4.729 5
-0.312 8.518 4.729 5
-0.293 8.552 4.643 5
-0.293 8.552 4.643 4
-0.365 8.547 4.61 6
-0.365 8.547 4.61 5
-0.451 8.542 4.605 5
-0.451 8.542 4.605 3
-0.451 8.542 4.605 2
-0.417 8.599 4.638 5
-0.417 8.599 4.638 5
-0.393 8.604 4.581 5
-0.393 8.604 4.581 4
-0.393 8.604 4.581 1
-0.398 8.614 4.619 5
-0.398 8.614 4.619 5
-0.298 8.614 4.672 5
-0.298 8.614 4.672 4
-0.298 8.614 4.672 1
-0.235 8.566 4.839 5
-0.235 8.566 4.839 5
-0.183 8.59 4.983 5
-0.183 8.59 4.983 3
-0.183 8.59 4.983 2
-0.192 8.58 4.945 5
-0.192 8.58 4.945 5
-0.25 8.595 4.825 5
-0.25 8.595 4.825 3
-0.288 8.595 4.72 2
-0.288 8.595 4.72 5
-0.269 8.576 4.509 5
-0.269 8.576 4.509 5
-0.269 8.576 4.509 4
-0.283 8.585 4.547 1
-0.283 8.585 4.547 5
-0.307 8.628 4.456 5
-0.307 8.628 4.456 5
-0.307 8.628 4.456 3
-0.245 8.643 4.447 2
-0.245 8.643 4.447 5
-0.322 8.614 4.562 5
-0.322 8.614 4.562 5
-0.322 8.614 4.562 3
-0.307 8.513 4.777 2
-0.307 8.513 4.777 5
-0.25 8.513 4.701 5
-0.25 8.513 4.701 5
-0.25 8.513 4.701 4
-0.312 8.341 4.758 1
-0.312 8.341 4.758 5
-0.264 8.48 4.993 5
-0.264 8.48 4.993 5
-0.264 8.48 4.993 3
-0.207 8.283 4.882 2
-0.207 8.283 4.882 5
-0.221 8.322 5.04 5
-0.317 8.245 5.074 5
-0.317 8.245 5.074 4
-0.317 8.245 5.074 1
-0.317 8.245 5.074 5
-0.58 8.269 5.021 5
-0.288 8.269 4.653 5
-0.288 8.269 4.653 4
-0.288 8.269 4.653 1
-0.508 8.264 4.868 5
-0.508 8.264 4.868 5
-0.082 8.121 4.217 5
-0.082 8.121 4.217 3
-0.082 8.121 4.217 2
-0.705 8.25 4.48 5
-0.705 8.25 4.48 5
-0.513 8.279 4.246 5
-0.513 8.279 4.246 3
-0.513 8.279 4.246 2
-0.46 8.331 3.882 5
-0.46 8.331 3.882 5
-0.676 8.087 4.15 5
-0.676 8.087 4.15 4
-0.676 8.087 4.15 1
-0.618 8.063 4.686 5
-0.618 8.063 4.686 5
-0.341 8.164 4.442 5
-0.341 8.164 4.442 3
-0.341 8.164 4.442 2
-0.221 8.03 4.384 5
-0.221 8.03 4.384 5
-0.13 8.288 4.983 5
-0.13 8.288 4.983 3
-0.13 8.288 4.983 2
-0.087 8.269 4.844 5
-0.087 8.269 4.844 5
0.008 8.327 4.49 5
0.008 8.327 4.49 4
-0.049 8.403 4.648 1
-0.049 8.403 4.648 5
-0.053 8.437 4.662 5
-0.053 8.437 4.662 5
-0.053 8.437 4.662 3
-0.101 8.446 4.782 2
-0.101 8.446 4.782 5
-0.14 8.461 4.921 5
-0.14 8.461 4.921 5
-0.14 8.461 4.921 4
-0.197 8.537 5.05 1
-0.197 8.537 5.05 5
-0.221 8.576 5.055 5
-0.221 8.576 5.055 5
-0.221 8.576 5.055 4
0.573 8.643 4.614 1
0.573 8.643 4.614 5
-0.379 8.738 5.098 5
-0.379 8.738 5.098 5
-0.379 8.738 5.098 3
-0.087 8.609 5.385 2
-0.087 8.609 5.385 5
-0.187 8.384 5.428 5
-0.187 8.384 5.428 5
-0.187 8.384 5.428 3
-0.202 8.508 5.768 2
-0.202 8.508 5.768 5
-0.173 8.485 5.816 5
-0.173 8.485 5.816 5
-0.173 8.485 5.816 4
-0.178 8.48 5.687 1
-0.178 8.48 5.687 5
-0.197 8.585 5.586 5
-0.183 8.599 5.424 5
-0.183 8.599 5.424 3
-0.183 8.599 5.424 2
-0.24 8.532 5.457 5
-0.24 8.532 5.457 5
-0.369 8.504 5.481 5
-0.369 8.504 5.481 3
-0.369 8.504 5.481 2
-0.408 8.499 5.491 5
-0.408 8.499 5.491 5
-0.451 8.566 5.495 5
-0.451 8.566 5.495 4
-0.336 8.432 5.596 6
-0.336 8.432 5.596 5
-0.331 8.394 5.366 5
-0.331 8.394 5.366 4
-0.331 8.394 5.366 1
-0.25 8.355 5.596 5
-0.25 8.355 5.596 5
-0.211 8.365 5.591 5
-0.211 8.365 5.591 4
-0.211 8.365 5.591 1
-0.12 8.35 5.582 5
-0.12 8.35 5.582 5
-0.173 8.36 5.318 5
-0.173 8.36 5.318 4
-0.173 8.36 5.318 1
-0.12 8.317 5.151 5
-0.12 8.317 5.151 5
-0.135 8.279 5.155 5
-0.135 8.279 5.155 4
-0.135 8.279 5.155 1
-0.068 8.274 5.184 5
-0.073 8.101 5.098 5
-0.073 8.101 5.098 5
-0.073 8.101 5.098 4
-0.073 8.006 5.055 1
-0.073 8.006 5.055 5
0.075 8.092 4.964 5
0.075 8.092 4.964 5
0.075 8.092 4.964 4
0.223 8.116 4.768 1
0.223 8.116 4.768 5
0.276 8.092 4.672 5
0.276 8.092 4.672 5
0.276 8.092 4.672 4
0.252 7.958 4.705 1
0.252 7.958 4.705 5
0.286 7.766 4.59 5
0.286 7.766 4.59 5
0.286 7.766 4.59 4
0.243 7.671 4.648 1
0.243 7.671 4.648 5
0.19 7.704 4.964 5
0.19 7.704 4.964 5
0.19 7.704 4.964 5
0.161 7.627 4.964 1
0.161 7.627 4.964 4
0.051 7.632 4.82 5
0.051 7.632 4.82 5
0.051 7.632 4.82 4
-0.025 7.738 4.504 1
-0.025 7.738 4.504 5
-0.015 7.929 4.159 5
-0.049 7.987 4.045 5
-0.049 7.987 4.045 4
-0.049 7.987 4.045 1
-0.12 8.063 4.27 5
-0.12 8.063 4.27 5
-0.231 8.034 4.653 5
-0.231 8.034 4.653 4
-0.231 8.034 4.653 1
-0.403 7.958 4.887 5
-0.403 7.958 4.887 5
-0.609 7.939 4.768 5
-0.609 7.939 4.768 4
-0.609 7.939 4.768 1
-0.628 7.991 4.839 5
-0.628 7.991 4.839 5
-0.748 8.087 4.959 5
-0.748 8.087 4.959 4
-0.748 8.087 4.959 1
-0.757 8.288 4.911 5
-0.757 8.288 4.911 5
-0.757 8.475 4.973 5
-0.757 8.475 4.973 4
-0.757 8.475 4.973 2
-0.8 8.418 5.175 4
-0.8 8.418 5.175 5
-0.934 8.384 5.424 5
-0.934 8.384 5.424 4
-0.934 8.384 5.424 1
-1.064 8.374 5.486 5
-1.064 8.374 5.486 5
-1.107 8.384 5.596 5
-1.107 8.384 5.596 4
-1.107 8.384 5.596 1
-1.078 8.389 5.61 5
-1.078 8.389 5.61 5
-0.877 8.48 5.759 5
-0.877 8.48 5.759 5
-0.719 8.489 5.969 5
-0.604 8.427 6.147 5
-0.604 8.427 6.147 5
-0.604 8.427 6.147 4
-0.58 8.437 6.262 1
-0.58 8.437 6.262 5
-0.609 8.504 6.171 5
-0.609 8.504 6.171 5
-0.609 8.504 6.171 4
-0.623 8.489 6.127 2
-0.623 8.489 6.127 4
-0.714 8.461 6.113 5
-0.714 8.461 6.113 5
-0.714 8.461 6.113 4
-0.829 8.403 6.118 2
-0.829 8.403 6.118 4
-0.91 8.245 6.127 5
-0.91 8.245 6.127 5
-0.91 8.245 6.127 4
-0.968 8.212 5.989 1
-0.968 8.212 5.989 5
-0.863 8.25 5.807 5
-0.863 8.25 5.807 5
-0.863 8.25 5.807 4
-0.762 8.303 5.831 2
-0.762 8.303 5.831 4
-0.633 8.24 5.955 6
-0.633 8.24 5.955 5
-0.633 8.24 5.955 3
-0.551 8.164 6.108 1
-0.551 8.164 6.108 6
-0.518 8.178 6.099 5
-0.48 8.24 5.96 5
-0.48 8.24 5.96 3
-0.48 8.24 5.96 2
-0.451 8.269 5.797 5
-0.451 8.269 5.797 5
-0.503 8.288 5.687 5
-0.503 8.288 5.687 3
-0.503 8.288 5.687 2
-0.556 8.24 5.61 5
-0.556 8.24 5.61 5
-0.484 8.269 5.606 5
-0.484 8.269 5.606 4
-0.484 8.269 5.606 1
-0.432 8.212 5.697 5
-0.432 8.212 5.697 5
-0.47 8.101 5.826 5
-0.47 8.101 5.826 3
-0.47 8.101 5.826 2
-0.484 8.01 5.859 5
-0.484 8.01 5.859 5
-0.48 8.044 5.701 5
-0.48 8.044 5.701 4
-0.48 8.044 5.701 1
-0.484 8.034 5.548 5
-0.484 8.034 5.548 5
-0.48 8.02 5.505 5
-0.48 8.02 5.505 4
-0.48 8.02 5.505 1
-0.451 7.996 5.486 5
-0.451 7.996 5.486 5
-0.374 8.006 5.553 5
-0.374 8.006 5.553 3
-0.374 8.006 5.553 2
-0.322 7.924 5.658 5
-0.341 7.886 5.783 5
-0.341 7.886 5.783 5
-0.341 7.886 5.783 3
-0.317 7.876 5.596 2
-0.317 7.876 5.596 5
-0.379 7.862 5.61 5
-0.379 7.862 5.61 5
-0.379 7.862 5.61 4
-0.456 7.833 5.548 1
-0.456 7.833 5.548 5
-0.427 7.92 5.486 5
-0.427 7.92 5.486 5
-0.427 7.92 5.486 3
-0.35 8.025 5.366 2
-0.35 8.025 5.366 5
-0.35 8.039 5.361 5
-0.35 8.039 5.361 5
-0.35 8.039 5.361 3
-0.35 8.063 5.328 2
-0.35 8.063 5.328 5
-0.398 8.001 5.529 5
-0.398 8.001 5.529 5
-0.398 8.001 5.529 4
-0.484 8.02 5.534 1
-0.484 8.02 5.534 5
-0.508 8.001 5.601 5
-0.508 8.001 5.601 5
-0.508 8.001 5.601 3
-0.556 8.034 5.634 2
-0.556 8.034 5.634 5
-0.494 8.02 5.826 5
-0.475 8.03 5.845 5
-0.475 8.03 5.845 4
-0.475 8.03 5.845 1
-0.484 8.025 5.917 5
-0.484 8.025 5.917 5
-0.513 8.044 5.926 5
-0.513 8.044 5.926 4
-0.513 8.044 5.926 3
-0.403 8.073 5.577 3
-0.403 8.073 5.577 5
-1.212 8.082 5.639 5
-1.212 8.082 5.639 3
-1.212 8.082 5.639 2
-0.671 8.255 5.902 5
-0.671 8.255 5.902 5
-0.69 8.063 5.615 5
-0.69 8.063 5.615 3
-0.69 8.063 5.615 2
-0.661 8.101 5.85 5
-0.661 8.101 5.85 5
-0.724 8.054 5.969 5
-0.724 8.054 5.969 4
-0.724 8.054 5.969 1
-0.585 7.996 5.902 5
-0.585 7.996 5.902 5
-0.499 8.121 6.036 5
-0.499 8.121 6.036 3
-0.499 8.121 6.036 2
-0.456 8.116 6.046 5
-0.456 8.116 6.046 5
-0.489 8.044 6.003 5
-0.489 8.044 6.003 3
-0.489 8.044 6.003 2
-0.46 8.03 6.065 5
-0.46 8.03 6.065 5
-0.417 8.087 6.032 5
-0.417 8.087 6.032 4
-0.398 8.121 6.013 6
-0.422 8.145 5.936 5
-0.422 8.145 5.936 5
-0.422 8.145 5.936 3
-0.47 8.082 5.811 2
-0.47 8.082 5.811 5
-0.436 8.106 5.965 5
-0.436 8.106 5.965 5
-0.436 8.106 5.965 4
-0.451 8.087 5.95 1
-0.451 8.087 5.95 5
-0.484 8.058 5.878 5
-0.484 8.058 5.878 5
-0.484 8.058 5.878 4
-0.537 8.03 5.85 1
-0.537 8.03 5.85 5
-0.494 8.01 5.855 5
-0.494 8.01 5.855 5
-0.494 8.01 5.855 3
-0.508 8.001 5.787 2
-0.508 8.001 5.787 5
-0.532 7.977 5.797 5
-0.532 7.977 5.797 5
-0.532 7.977 5.797 3
-0.618 7.977 5.716 2
-0.618 7.977 5.716 5
-0.623 8.006 5.572 5
-0.623 8.006 5.572 5
-0.623 8.006 5.572 4
-0.652 8.078 5.462 1
-0.652 8.078 5.462 5
-0.575 8.073 5.495 5
-0.547 8.054 5.639 5
-0.547 8.054 5.639 4
-0.547 8.054 5.639 1
-0.571 8.001 5.658 5
-0.571 8.001 5.658 5
-0.475 8.039 5.692 5
-0.475 8.039 5.692 4
-0.475 8.039 5.692 1
-0.441 8.058 5.711 5
-0.441 8.058 5.711 5
-0.441 8.049 5.768 5
-0.441 8.049 5.768 4
-0.551 8.097 5.835 6
-0.551 8.097 5.835 5
-0.757 8.178 5.764 5
-0.757 8.178 5.764 4
-0.757 8.178 5.764 1
-0.91 8.36 5.548 5
-0.91 8.36 5.548 5
-0.987 8.403 5.629 5
-0.987 8.403 5.629 4
-0.987 8.403 5.629 1
-1.179 8.489 5.802 5
-1.179 8.489 5.802 5
-1.198 8.542 5.821 5
-1.198 8.542 5.821 4
-1.198 8.542 5.821 1
-0.978 8.729 5.697 5
-0.978 8.729 5.697 5
-1.045 8.954 5.965 5
-1.045 8.954 5.965 4
-1.045 8.954 5.965 1
-1.064 9.011 6.07 5
-1.025 9.15 6.238 5
-1.025 9.15 6.238 5
-1.025 9.15 6.238 4
-1.073 9.346 6.515 1
-1.073 9.346 6.515 5
-1.049 9.524 6.549 5
-1.049 9.524 6.549 5
-1.049 9.524 6.549 4
-1.006 9.615 6.453 1
-1.006 9.615 6.453 5
-0.685 9.758 6.53 5
-0.685 9.758 6.53 5
-0.685 9.758 6.53 4
-0.298 9.897 6.755 1
-0.298 9.897 6.755 5
-0.216 9.739 7.08 5
-0.216 9.739 7.08 5
-0.216 9.739 7.08 4
-0.274 9.457 7.435 1
-0.274 9.457 7.435 5
-0.494 9.39 7.358 5
-0.494 9.39 7.358 5
-0.494 9.39 7.358 4
-0.475 9.217 7.2 2
-0.475 9.217 7.2 4
-0.254 9.165 6.898 5
-0.254 9.165 6.898 5
-0.254 9.165 6.898 4
-0.326 9.064 6.573 1
-0.326 9.064 6.573 5
-0.116 8.944 5.778 5
0.209 8.671 5.452 5
0.209 8.671 5.452 4
0.209 8.671 5.452 1
0.424 8.058 4.844 5
0.424 8.058 4.844 5
0.922 7.024 3.872 5
0.922 7.024 3.872 4
0.922 7.024 3.872 1
1.942 5.607 2.254 5
1.942 5.607 2.254 5
2.33 3.921 1.531 5
2.33 3.921 1.531 4
2.33 3.921 1.531 1
1.588 2.37 1.143 5
1.588 2.37 1.143 5
0.769 1.168 0.343 5
0.769 1.168 0.343 4
0.769 1.168 0.343 1
0.755 -0.435 -3.697 5
0.755 -0.435 -3.697 5
2.129 -1.015 -5.67 5
2.129 -1.015 -5.67 4
2.129 -1.015 -5.67 1
3.168 -1.498 -8.519 5
3.168 -1.498 -8.519 5
3.7 -0.837 -11.32 5
3.7 -0.837 -11.32 4
3.7 -0.837 -11.32 1
3.513 -1.019 -13.916 5
3.513 -1.019 -13.916 5
3.044 -1.388 -14.079 5
3.044 -1.388 -14.079 4
3.044 -1.388 -14.079 1
2.618 -1.177 -12.312 5
2.618 -1.177 -12.312 5
3.91 -0.699 -10.497 5
3.91 -0.699 -10.497 5
4.715 0.11 -7.542 1
4.715 0.11 -7.542 4
4.815 0.177 -3.649 5
4.815 0.177 -3.649 5
4.815 0.177 -3.649 4
5.012 0.991 0.266 1
5.012 0.991 0.266 5
4.528 1.561 2.977 5
4.528 1.561 2.977 5
4.528 1.561 2.977 4
3.685 1.814 4.686 2
3.685 1.814 4.686 4
3.029 1.623 6.53 5
3.029 1.623 6.53 5
3.029 1.623 6.53 4
3.891 2.293 8.962 1
3.891 2.293 8.962 6
4.557 2.868 13.478 4
4.557 2.868 13.478 5
4.557 2.868 13.478 4
3.671 2.815 17.869 2
3.671 2.815 17.869 5
2.474 3.457 20.1 5
2.474 3.457 20.1 5
2.474 3.457 20.1 3
1.713 4.285 20.229 2
1.713 4.285 20.229 5
1.646 5.281 21.005 5
1.646 5.281 21.005 5
1.646 5.281 21.005 3
2.167 6.382 22.097 2
2.225 6.919 23.069 5
2.225 6.919 23.069 5
2.369 7.69 23.27 5
2.369 7.69 23.27 3
2.369 7.69 23.27 2
3.882 8.743 22.375 5
3.882 8.743 22.375 5
4.581 10.453 24.553 5
4.581 10.453 24.553 3
4.581 10.453 24.553 2
5.486 9.806 26.129 5
5.486 9.806 26.129 5
6.257 11.367 28.92 5
6.257 11.367 28.92 4
6.257 11.367 28.92 1
7.435 10.903 28.7 5
7.435 10.903 28.7 5
8.196 12.741 28.882 5
8.196 12.741 28.882 3
8.196 12.741 28.882 2
9.834 13.244 29.514 5
9.834 13.244 29.514 5
11.016 13.809 31.688 5
11.016 13.809 31.688 4
11.016 13.809 31.688 1
11.131 13.804 33.302 5
11.131 13.804 33.302 5
10.863 13.565 32.545 5
10.863 13.565 32.545 3
10.863 13.565 32.545 2
9.776 12.741 30.778 5
9.776 12.741 30.778 5
7.741 11.41 28.216 5
7.741 11.41 28.216 3
6.683 10.256 25.568 2
6.683 10.256 25.568 5
5.821 8.868 24.05 5
5.821 8.868 24.05 5
5.821 8.868 24.05 3
3.652 6.718 22.944 2
3.652 6.718 22.944 5
1.181 4.209 21.872 5
1.181 4.209 21.872 5
1.181 4.209 21.872 3
0.037 2.293 21.297 2
0.037 2.293 21.297 5
-0.298 0.483 20.483 5
-0.298 0.483 20.483 5
-0.298 0.483 20.483 3
0.616 -0.612 19.88 2
0.616 -0.612 19.88 5
1.109 -2.059 19.741 5
1.109 -2.059 19.741 5
1.109 -2.059 19.741 3
-0.005 -4.213 18.242 2
-0.005 -4.213 18.242 5
-0.944 -5.137 14.703 5
-0.944 -5.137 14.703 5
-0.944 -5.137 14.703 4
-1.265 -5.291 10.681 6
-1.801 -5.425 7.085 5
-1.801 -5.425 7.085 5
-1.801 -5.425 7.085 3
-2.721 -6.095 4.068 2
-2.721 -6.095 4.068 5
-2.706 -6.421 2.546 5
-2.313 -6.627 1.602 5
-2.313 -6.627 1.602 4
-2.313 -6.627 1.602 1
-2.155 -7.177 0.831 5
-2.155 -7.177 0.831 5
-2.663 -7.201 -1.322 5
-2.663 -7.201 -1.322 4
-2.663 -7.201 -1.322 1
-3.496 -7.067 -3.678 5
-3.496 -7.067 -3.678 5
-4.353 -6.962 -6.005 5
-4.353 -6.962 -6.005 3
-4.353 -6.962 -6.005 2
-4.406 -5.477 -7.102 5
-4.406 -5.477 -7.102 5
-4.66 -4.51 -8.333 5
-4.66 -4.51 -8.333 3
-4.66 -4.51 -8.333 2
-6.053 -4.429 -7.758 5
-6.053 -4.429 -7.758 5
-6.637 -4.223 -6.613 5
-6.637 -4.223 -6.613 4
-6.637 -4.223 -6.613 1
-6.173 -3.232 -6.034 5
-6.173 -3.232 -6.034 5
-6.412 -2.504 -5.009 5
-6.412 -2.504 -5.009 3
-6.412 -2.504 -5.009 2
-6.896 -2.221 -3.927 5
-6.896 -2.221 -3.927 5
-6.388 -1.297 -2.993 5
-6.388 -1.297 -2.993 3
-6.388 -1.297 -2.993 2
-5.512 -0.138 -2.567 5
-5.321 0.699 -1.988 5
-5.321 0.699 -1.988 5
-5.321 0.699 -1.988 4
-5.316 1.513 -1.504 1
-5.316 1.513 -1.504 5
-5.139 2.576 -1.131 5
-5.139 2.576 -1.131 5
-5.139 2.576 -1.131 3
-4.622 3.758 -0.839 2
-4.622 3.758 -0.839 5
-4.205 4.802 -0.451 5
-4.205 4.802 -0.451 5
-4.205 4.802 -0.451 4
-3.678 5.564 -0.044 1
-3.678 5.564 -0.044 5
-3.209 6.263 0.621 5
-3.209 6.263 0.621 5
-3.209 6.263 0.621 4
-2.859 6.766 1.784 1
-2.859 6.766 1.784 5
-2.706 7.354 2.881 5
-2.706 7.354 2.881 5
-2.706 7.354 2.881 4
-2.95 7.58 3.7 1
-2.95 7.58 3.7 5
-3.199 7.651 4.198 5
-3.199 7.651 4.198 5
-3.199 7.651 4.198 4
-3.257 7.996 4.207 1
-3.257 7.996 4.207 5
-3.07 7.963 4.064 5
-3.07 7.963 4.064 5
-3.07 7.963 4.064 4
-2.917 7.814 3.604 1
-2.811 7.402 3.302 5
-2.811 7.402 3.302 5
-2.658 6.569 2.991 5
-2.658 6.569 2.991 4
-2.658 6.569 2.991 1
-2.61 5.329 2.713 5
-2.61 5.329 2.713 5
-3.29 3.945 2.618 5
-3.29 3.945 2.618 4
-3.29 3.945 2.618 1
-3.626 2.691 2.881 5
-3.626 2.691 2.881 5
-3.669 1.35 3.508 5
-3.669 1.35 3.508 4
-4.004 -0.067 4.222 6
-4.004 -0.067 4.222 5
-3.774 -0.995 4.418 5
-3.774 -0.995 4.418 4
-3.774 -0.995 4.418 1
-5.225 -0.833 6.151 5
-5.225 -0.833 6.151 5
-4.885 -0.837 4.59 5
-4.885 -0.837 4.59 4
-4.885 -0.837 4.59 1
-4.741 0.363 5.127 5
-4.741 0.363 5.127 5
-5.134 1.335 5.088 5
-5.134 1.335 5.088 4
-5.134 1.335 5.088 1
-5.163 2.039 4.854 5
-5.163 2.039 4.854 5
-4.617 2.643 5.112 5
-4.617 2.643 5.112 4
-2.974 3.198 5.754 2
-2.974 3.198 5.754 4
-1.705 4.031 6.597 5
-1.705 4.031 6.597 5
-1.705 4.031 6.597 4
-1.006 5.085 7.396 1
-1.006 5.085 7.396 5
0.305 5.87 7.569 5
0.305 5.87 7.569 5
0.305 5.87 7.569 4
-0.068 7.134 9.101 1
-0.068 7.134 9.101 5
1.32 8.034 8.565 5
1.32 8.034 8.565 5
1.32 8.034 8.565 4
2.244 9.6 9.168 1
2.244 9.6 9.168 5
2.689 10.654 9.408 5
2.689 10.654 9.408 5
2.689 10.654 9.408 4
2.756 11.482 9.24 1
2.756 11.482 9.24 5
2.445 12.143 9.537 5
2.445 12.143 9.537 5
2.445 12.143 9.537 4
2.22 12.363 9.69 2
2.22 12.363 9.69 4
2.598 12.919 9.877 5
2.598 12.919 9.877 5
2.598 12.919 9.877 4
2.78 13.359 9.848 1
2.78 13.359 9.848 5
2.579 13.306 9.652 5
2.881 13.364 9.819 5
2.881 13.364 9.819 4
2.881 13.364 9.819 1
3.681 13.431 10.432 5
3.681 13.431 10.432 5
4.284 13.062 11.194 5
4.284 13.062 11.194 4
4.284 13.062 11.194 1
4.499 12.799 11.802 5
4.499 12.799 11.802 5
4.317 12.531 11.423 5
4.317 12.531 11.423 4
4.317 12.531 11.423 1
3.93 12.492 10.265 5
3.93 12.492 10.265 5
3.25 12.191 8.838 5
3.25 12.191 8.838 4
3.25 12.191 8.838 1
2.919 11.99 8.268 5
2.919 11.99 8.268 5
2.694 11.252 8.091 5
2.694 11.252 8.091 4
2.694 11.252 8.091 1
2.455 10.462 9.039 5
2.455 10.462 9.039 5
2.249 9.71 9.384 5
2.249 9.71 9.384 4
2.249 9.71 9.384 1
2.019 8.978 9.522 5
2.019 8.978 9.522 5
1.799 8.489 9.249 5
1.799 8.489 9.249 4
1.799 8.489 9.249 1
1.875 8.125 9.063 5
2.263 8.02 8.771 5
2.263 8.02 8.771 5
2.263 8.02 8.771 5
2.843 8.025 8.924 1
2.843 8.025 8.924 4
3.087 7.905 9.139 5
3.087 7.905 9.139 5
3.087 7.905 9.139 4
2.819 7.498 9.747 1
2.819 7.498 9.747 5
2.359 7.211 7.966 5
2.359 7.211 7.966 5
2.359 7.211 7.966 4
1.899 6.789 6.841 2
1.899 6.789 6.841 5
1.899 6.88 6.625 5
1.899 6.88 6.625 5
1.899 6.88 6.625 3
2.177 7.249 6.769 2
2.177 7.249 6.769 5
1.344 6.66 6.841 5
1.344 6.66 6.841 5
1.344 6.66 6.841 3
1.598 6.646 6.487 2
1.598 6.646 6.487 5
2.33 7.173 7.459 5
2.33 7.173 7.459 5
2.33 7.173 7.459 3
1.77 6.603 7.143 2
1.77 6.603 7.143 5
1.66 6.335 6.511 5
1.66 6.335 6.511 5
1.66 6.335 6.511 3
1.262 6.325 5.835 2
0.827 6.129 5.902 5
0.827 6.129 5.902 5
0.396 5.918 5.84 5
0.396 5.918 5.84 3
0.396 5.918 5.84 2
0.147 5.966 6.094 5
0.147 5.966 6.094 5
-0.01 5.789 6.353 5
-0.01 5.789 6.353 3
-0.01 5.789 6.353 2
-0.523 5.281 6.841 5
-0.523 5.281 6.841 5
-0.503 5.176 7.052 5
-0.503 5.176 7.052 4
-0.503 5.176 7.052 2
-0.748 4.616 6.951 4
-0.748 4.616 6.951 5
-0.786 4.75 6.683 5
-0.786 4.75 6.683 3
-0.786 4.75 6.683 2
-1.016 4.644 7.368 5
-1.016 4.644 7.368 5
-0.781 4.481 7.779 5
-0.781 4.481 7.779 4
-0.781 4.481 7.779 1
-2.165 3.385 7.827 5
-2.165 3.385 7.827 5
-1.203 3.797 8.167 5
-1.203 3.797 8.167 4
-1.203 3.797 8.167 1
-0.283 4.414 8.584 5
-0.283 4.414 8.584 5
0.07 5.995 8.282 5
0.07 5.995 8.282 3
1.1 6.282 7.626 2
1.1 6.282 7.626 5
2.019 7.149 7.071 5
2.019 7.149 7.071 5
2.019 7.149 7.071 3
2.905 8.877 6.123 2
2.905 8.877 6.123 5
2.263 9.557 6.851 5
2.263 9.557 6.851 5
2.263 9.557 6.851 4
1.952 8.757 6.716 1
1.952 8.757 6.716 5
-0.384 8.25 6.956 5
-0.384 8.25 6.956 5
-0.384 8.25 6.956 3
-1.107 7.11 6.534 2
-1.107 7.11 6.534 5
-0.393 5.889 6.415 5
-0.393 5.889 6.415 5
-0.393 5.889 6.415 3
1.349 7.589 7.923 2
1.349 7.589 7.923 5
1.55 8.001 8.311 5
1.55 8.001 8.311 5
1.55 8.001 8.311 5
1.99 8.815 12.668 5
2.23 8.571 11.85 5
2.23 8.571 11.85 5
2.23 8.571 11.85 3
1.162 7.56 12.362 2
1.741 7.723 11.27 5
1.741 7.723 11.27 5
-0.527 8.389 9.862 5
-0.527 8.389 9.862 4
-0.527 8.389 9.862 1
-1.385 6.071 10.169 5
-1.385 6.071 10.169 5
-0.36 4.903 6.065 5
-0.36 4.903 6.065 4
-0.36 4.903 6.065 1
-0.877 4.414 0.908 5
-0.877 4.414 0.908 5
-1.83 5.195 3.566 5
-1.83 5.195 3.566 3
-1.83 5.195 3.566 2
-1.681 6.722 7.334 5
-1.681 6.722 7.334 5
-0.518 8.025 8.297 5
-0.518 8.025 8.297 3
-0.518 8.025 8.297 2
0.118 9.083 4.284 5
0.118 9.083 4.284 5
1.559 8.844 2.048 5
1.559 8.844 2.048 4
1.559 8.844 2.048 1
1.871 7.939 4.648 5
1.871 7.939 4.648 5
0.966 7.69 5.96 5
0.966 7.69 5.96 4
0.966 7.69 5.96 1
-0.12 7.493 5.84 5
-0.12 7.493 5.84 5
0.338 6.885 5.759 5
0.338 6.885 5.759 3
0.453 6.368 7.349 2
0.453 6.368 7.349 5
-0.044 6.406 7.789 5
-0.044 6.406 7.789 5
-0.044 6.406 7.789 4
-0.111 6.718 7.128 6
-0.111 6.962 6.501 5
-0.111 6.962 6.501 5
-0.111 6.962 6.501 3
0.477 7.57 5.682 2
0.477 7.57 5.682 5
1.143 7.685 5.572 5
1.143 7.685 5.572 5
1.143 7.685 5.572 4
1.555 7.632 5.697 1
1.555 7.632 5.697 5
1.425 7.709 4.983 5
1.425 7.709 4.983 5
1.425 7.709 4.983 4
1.784 7.12 5.323 1
1.784 7.12 5.323 5
2.297 7.211 5.476 5
2.297 7.211 5.476 5
2.297 7.211 5.476 4
1.971 7.474 4.926 1
1.971 7.474 4.926 5
2.34 7.173 5.864 5
2.34 7.173 5.864 5
2.34 7.173 5.864 4
2.177 7.067 7.032 1
2.177 7.067 7.032 5
1.799 7.268 8.062 5
1.746 7.34 8.608 5
1.746 7.34 8.608 4
1.746 7.34 8.608 1
1.713 6.852 8.34 5
1.713 6.852 8.34 5
1.382 6.694 7.569 5
1.382 6.694 7.569 4
1.382 6.694 7.569 1
1.181 6.301 7.985 5
1.181 6.301 7.985 5
1.818 6.229 7.32 5
1.818 6.229 7.32 4
1.818 6.229 7.32 1
1.444 6.315 7.071 5
1.444 6.315 7.071 5
1.732 6.751 7.31 5
1.732 6.751 7.31 4
1.76 7.177 7.138 6
1.76 7.177 7.138 5
1.444 7.426 6.673 5
1.444 7.426 6.673 4
1.444 7.426 6.673 1
1.368 7.278 7.406 5
1.368 7.278 7.406 5
0.851 7.489 6.994 5
0.851 7.489 6.994 4
0.851 7.489 6.994 1
0.688 7.867 6.534 5
0.688 7.867 6.534 5
0.654 7.91 6.017 5
0.654 7.91 6.017 4
0.654 7.91 6.017 1
0.693 7.728 5.658 5
1.191 7.455 5.481 5
1.191 7.455 5.481 5
1.191 7.455 5.481 4
1.612 7.283 5.227 1
1.612 7.283 5.227 5
1.823 7.249 5.266 5
1.823 7.249 5.266 5
1.823 7.249 5.266 4
1.784 7.359 5.495 1
1.784 7.359 5.495 5
1.626 7.733 5.773 5
1.626 7.733 5.773 5
1.626 7.733 5.773 4
1.88 8.116 5.333 1
1.88 8.116 5.333 5
1.952 8.097 5.534 5
1.952 8.097 5.534 5
1.952 8.097 5.534 4
2.062 7.924 6.353 1
2.062 7.924 6.353 5
2.043 7.278 8.325 5
2.043 7.278 8.325 5
2.043 7.278 8.325 4
1.42 6.588 8.852 1
1.42 6.588 8.852 5
1.296 6.373 9.096 5
1.296 6.373 9.096 5
1.296 6.373 9.096 4
1.243 6.177 9.024 2
1.243 6.177 9.024 4
1.133 6.095 8.752 5
1.133 6.095 8.752 5
1.133 6.095 8.752 4
1.258 6.095 8.048 1
1.282 6.349 7.454 5
1.282 6.349 7.454 5
1.607 6.847 6.132 5
1.607 6.847 6.132 4
1.607 6.847 6.132 2
1.602 7.105 5.859 4
1.602 7.105 5.859 5
1.282 6.971 5.663 5
1.282 6.971 5.663 4
1.282 6.971 5.663 1
0.985 6.971 5.414 5
0.985 6.971 5.414 6
0.401 7.149 5.888 5
0.401 7.149 5.888 3
0.401 7.149 5.888 1
-0.082 7.23 6.587 5
-0.082 7.23 6.587 5
0.037 7.331 7.109 5
0.037 7.331 7.109 4
0.037 7.331 7.109 2
0.683 7.335 6.793 4
0.683 7.335 6.793 5
1.43 7.158 6.606 5
1.43 7.158 6.606 4
1.43 7.158 6.606 1
1.76 7.091 7.176 5
1.76 7.091 7.176 5
2.278 7.105 6.314 5
2.278 7.105 6.314 4
2.278 7.105 6.314 1
2.234 6.991 7.128 5
2.234 6.991 7.128 5
2.029 6.928 8.139 5
2.029 6.928 8.139 4
2.661 7.407 7.684 1
2.661 7.407 7.684 5
2.503 7.603 6.367 5
2.503 7.603 6.367 5
2.503 7.603 6.367 5
2.191 7.105 5.864 5
1.674 6.713 5.73 5
1.674 6.713 5.73 5
1.674 6.713 5.73 4
1.526 6.799 5.946 2
1.526 6.799 5.946 5
1.397 7.211 5.773 5
1.397 7.211 5.773 5
1.397 7.211 5.773 3
1.133 7.513 5.893 1
1.133 7.513 5.893 6
0.63 7.637 6.199 5
0.63 7.637 6.199 5
0.63 7.637 6.199 3
0.051 7.517 6.41 2
0.051 7.517 6.41 5
-0.35 7.244 6.635 5
-0.35 7.244 6.635 5
-0.35 7.244 6.635 3
-0.341 7.244 6.496 2
-0.341 7.244 6.496 5
-0.264 7.273 6.166 5
-0.264 7.273 6.166 5
-0.264 7.273 6.166 3
-0.379 7.23 6.362 2
-0.379 7.23 6.362 5
-0.503 7.11 6.774 5
-0.614 6.928 7.09 5
-0.614 6.928 7.09 4
-0.614 6.928 7.09 1
-0.628 6.967 7.095 5
-0.628 6.967 7.095 5
-0.671 7.019 7.152 5
-0.671 7.019 7.152 3
-0.671 7.019 7.152 2
-0.417 7.053 7.138 5
-0.417 7.053 7.138 5
-0.068 7.105 6.855 5
-0.068 7.105 6.855 3
-0.068 7.105 6.855 2
-0.116 7.417 6.621 5
-0.116 7.417 6.621 5
-0.173 7.872 6.376 5
-0.173 7.872 6.376 4
-0.365 7.766 5.778 6
-0.365 7.766 5.778 5
-0.958 7.56 6.07 5
-0.958 7.56 6.07 3
-0.958 7.56 6.07 2
-1.236 7.335 5.946 5
-1.236 7.335 5.946 5
-1.116 7.378 6.142 5
-1.116 7.378 6.142 4
-1.116 7.378 6.142 1
-0.757 7.594 6.18 5
-0.757 7.594 6.18 5
-0.322 7.733 6.247 5
-0.322 7.733 6.247 4
-0.025 7.714 6.386 1
-0.025 7.714 6.386 5
-0.125 7.675 6.616 5
-0.125 7.675 6.616 5
-0.125 7.675 6.616 3
-0.422 7.723 6.716 2
-0.422 7.723 6.716 5
-0.853 7.647 6.597 5
-0.853 7.647 6.597 5
-0.853 7.647 6.597 3
-1.126 7.623 6.41 2
-1.126 7.623 6.41 5
-1.069 7.589 6.19 5
-1.069 7.589 6.19 5
-1.069 7.589 6.19 4
-0.867 7.69 6.113 1
-0.867 7.69 6.113 5
-0.729 7.651 6.367 5
-0.729 7.651 6.367 5
-0.729 7.651 6.367 3
-0.69 7.508 6.496 2
-0.69 7.508 6.496 5
-0.877 7.527 6.582 5
-0.877 7.527 6.582 5
-0.877 7.527 6.582 3
-0.843 7.613 6.405 2
-0.843 7.613 6.405 5
-0.796 7.752 5.898 5
-0.796 7.752 5.898 5
-0.796 7.752 5.898 4
-0.891 7.809 5.701 6
-1.035 7.814 5.558 5
-1.035 7.814 5.558 5
-1.035 7.814 5.558 3
-1.131 7.838 5.687 2
-1.207 7.881 5.931 5
-1.207 7.881 5.931 5
-1.227 7.896 6.257 5
-1.227 7.896 6.257 4
-1.227 7.896 6.257 1
-1.088 7.843 6.343 5
-1.088 7.843 6.343 5
-0.925 7.742 6.3 5
-0.925 7.742 6.3 4
-0.925 7.742 6.3 1
-0.781 7.699 6.137 5
-0.781 7.699 6.137 5
-0.887 7.666 6.281 5
-0.887 7.666 6.281 3
-0.887 7.666 6.281 2
-1.136 7.704 6.271 5
-1.136 7.704 6.271 5
-1.126 7.781 6.099 5
-1.126 7.781 6.099 3
-1.126 7.781 6.099 2
-1.04 7.752 5.917 5
-1.04 7.752 5.917 5
-1.035 7.718 5.845 5
-1.035 7.718 5.845 4
-1.035 7.718 5.845 1
-1.236 7.8 6.084 5
-1.236 7.8 6.084 5
-1.073 7.752 5.754 5
-1.073 7.752 5.754 3
-1.073 7.752 5.754 2
-1.159 7.785 5.548 5
-1.159 7.785 5.548 5
-1.835 7.805 1.684 5
-1.835 7.805 1.684 3
-2.515 8.714 0.951 2
-2.515 8.714 0.951 5
-3.41 8.279 3.848 5
-3.41 8.279 3.848 5
-3.41 8.279 3.848 4
-2.888 7.623 6.779 6
-2.51 7.738 8.23 5
-2.51 7.738 8.23 5
-2.51 7.738 8.23 4
-2.045 7.948 8.579 1
-2.045 7.948 8.579 5
-1.935 7.982 7.583 5
-1.935 7.982 7.583 5
-1.935 7.982 7.583 4
-2.026 7.814 6.597 1
-2.026 7.814 6.597 5
-1.38 7.771 5.347 5
-1.38 7.771 5.347 5
-1.38 7.771 5.347 4
-0.954 7.939 4.332 1
-0.954 7.939 4.332 5
-1.265 8.073 3.829 5
-1.265 8.073 3.829 5
-1.265 8.073 3.829 4
-1.777 8.116 3.829 1
-1.777 8.116 3.829 5
-2.151 8.001 4.14 5
-2.151 8.001 4.14 5
-2.151 8.001 4.14 4
-2.179 7.79 4.547 1
-2.179 7.79 4.547 5
-1.883 7.671 4.921 5
-1.49 7.618 5.72 5
-1.49 7.618 5.72 4
-1.49 7.618 5.72 1
-1.303 7.503 6.29 5
-1.303 7.503 6.29 5
-1.126 7.388 6.525 5
-1.126 7.388 6.525 4
-1.126 7.388 6.525 1
-1.183 7.354 6.927 5
-1.183 7.354 6.927 5
-1.164 7.393 7.123 5
-1.164 7.393 7.123 4
-1.164 7.393 7.123 1
-1.155 7.316 7.1 5
-1.155 7.316 7.1 5
-1.016 7.345 6.932 5
-1.016 7.345 6.932 5
-1.15 7.393 6.822 5
-1.15 7.393 6.822 5
-1.222 7.484 6.812 5
-1.222 7.484 6.812 4
-1.222 7.484 6.812 1
-1.327 7.513 6.578 5
-1.327 7.513 6.578 5
-1.294 7.556 6.602 5
-1.294 7.556 6.602 4
-1.294 7.556 6.602 1
-1.255 7.575 6.549 5
-1.255 7.575 6.549 5
-1.159 7.469 6.285 5
-1.159 7.469 6.285 4
-1.159 7.469 6.285 1
-1.092 7.393 6.075 5
-1.164 7.412 5.96 5
-1.164 7.412 5.96 5
-1.164 7.412 5.96 4
-1.188 7.441 5.936 1
-1.188 7.441 5.936 5
-1.155 7.407 6.156 5
-1.155 7.407 6.156 5
-1.155 7.407 6.156 4
-1.159 7.287 6.247 1
-1.159 7.287 6.247 5
-1.15 7.249 6.367 5
-1.15 7.249 6.367 5
-1.15 7.249 6.367 4
-1.116 7.206 6.515 2
-1.116 7.206 6.515 4
-1.116 7.216 6.52 5
-1.116 7.216 6.52 5
-1.116 7.216 6.52 4
-1.064 7.192 6.592 1
-1.064 7.192 6.592 5
-1.001 7.115 6.554 5
-1.001 7.115 6.554 5
-1.001 7.115 6.554 4
-1.006 7.134 6.515 1
-1.006 7.134 6.515 5
-1.04 7.187 6.549 5
-1.04 7.187 6.549 5
-1.04 7.187 6.549 5
-1.069 7.206 6.625 5
-1.078 7.249 6.534 5
-1.078 7.249 6.534 5
-1.078 7.249 6.534 4
-1.121 7.264 6.487 1
-1.073 7.259 6.42 5
-1.073 7.259 6.42 5
-1.059 7.24 6.309 5
-1.059 7.24 6.309 4
-1.059 7.24 6.309 1
-1.073 7.259 6.324 5
-1.073 7.259 6.324 5
-1.116 7.244 6.348 5
-1.116 7.244 6.348 4
-1.116 7.244 6.348 2
-1.131 7.302 6.376 4
-1.131 7.302 6.376 5
-1.088 7.307 6.362 5
-1.088 7.307 6.362 4
-1.088 7.307 6.362 1
-1.126 7.292 6.415 5
-1.126 7.292 6.415 5
-1.102 7.311 6.467 5
-1.102 7.311 6.467 4
-1.102 7.311 6.467 1
-1.025 7.34 6.645 5
-1.025 7.34 6.645 6
-1.069 7.412 6.664 5
-1.069 7.412 6.664 4
-1.121 7.369 6.635 5
-1.121 7.369 6.635 5
-1.198 7.35 6.568 5
-1.198 7.35 6.568 4
-1.198 7.35 6.568 1
-1.174 7.378 6.525 5
-1.174 7.378 6.525 6
-1.198 7.331 6.458 5
-1.198 7.331 6.458 3
-1.155 7.302 6.448 1
-1.155 7.302 6.448 6
-1.222 7.359 6.487 5
-1.222 7.359 6.487 5
-1.222 7.359 6.487 4
-1.179 7.383 6.515 6
-1.155 7.331 6.472 5
-1.155 7.331 6.472 5
-1.155 7.331 6.472 3
-1.159 7.292 6.439 2
-1.159 7.292 6.439 5
-1.203 7.259 6.549 5
-1.203 7.259 6.549 5
-1.203 7.259 6.549 3
-1.145 7.235 6.42 2
-1.145 7.235 6.42 5
-1.102 7.278 6.338 5
-1.102 7.278 6.338 5
-1.102 7.278 6.338 4
-1.227 7.311 6.295 1
-1.227 7.311 6.295 5
-1.246 7.283 6.314 5
-1.246 7.283 6.314 5
-1.246 7.283 6.314 3
-1.183 7.235 6.439 2
-1.183 7.235 6.439 5
-1.179 7.216 6.496 5
-1.179 7.216 6.496 5
-1.179 7.216 6.496 3
-1.136 7.273 6.477 2
-1.136 7.273 6.477 5
-1.15 7.321 6.439 5
-1.14 7.283 6.42 5
-1.14 7.283 6.42 4
-1.14 7.283 6.42 1
-1.164 7.283 6.367 5
-1.164 7.283 6.367 5
-1.179 7.297 6.41 5
-1.179 7.297 6.41 3
-1.179 7.297 6.41 2
-1.179 7.316 6.491 5
-1.179 7.316 6.491 5
-1.203 7.283 6.63 5
-1.203 7.283 6.63 3
-1.203 7.283 6.63 2
-1.289 7.278 6.611 5
-1.289 7.278 6.611 5
-1.231 7.225 6.621 5
-1.231 7.225 6.621 4
-1.227 7.23 6.554 6
-1.227 7.23 6.554 5
-1.179 7.24 6.467 5
-1.179 7.24 6.467 3
-1.179 7.24 6.467 2
-1.088 7.249 6.53 5
-1.088 7.249 6.53 5
-1.073 7.264 6.443 5
-1.073 7.264 6.443 4
-1.073 7.264 6.443 1
-1.097 7.254 6.415 5
-1.097 7.254 6.415 5
-1.136 7.283 6.491 5
-1.136 7.283 6.491 4
-1.136 7.283 6.491 1
-1.207 7.331 6.482 5
-1.164 7.287 6.453 5
-1.164 7.287 6.453 5
-1.164 7.287 6.453 3
-1.088 7.249 6.319 2
-1.088 7.249 6.319 5
-1.045 7.254 6.386 5
-1.045 7.254 6.386 5
-1.045 7.254 6.386 3
-1.116 7.268 6.376 2
-1.116 7.268 6.376 5
-1.14 7.283 6.482 5
-1.14 7.283 6.482 5
-1.14 7.283 6.482 4
-1.126 7.268 6.511 1
-1.126 7.268 6.511 5
-1.078 7.259 6.582 5
-1.078 7.259 6.582 5
-1.078 7.259 6.582 3
-1.064 7.259 6.544 2
-1.064 7.259 6.544 5
-1.059 7.235 6.463 5
-1.059 7.235 6.463 5
-1.059 7.235 6.463 3
-1.14 7.24 6.525 2
-1.14 7.24 6.525 5
-1.179 7.259 6.554 5
-1.179 7.259 6.554 5
-1.179 7.259 6.554 4
-1.107 7.292 6.573 6
-1.121 7.206 6.544 5
-1.121 7.206 6.544 5
-1.121 7.206 6.544 3
-1.107 7.264 6.602 2
-1.174 7.302 6.549 5
-1.174 7.302 6.549 5
-1.159 7.321 6.558 5
-1.159 7.321 6.558 4
-1.159 7.321 6.558 1
-1.116 7.292 6.467 5
-1.116 7.292 6.467 5
-1.107 7.259 6.458 5
-1.107 7.259 6.458 4
-1.107 7.259 6.458 1
-1.03 7.292 6.357 5
-1.03 7.292 6.357 5
-1.102 7.321 6.396 5
-1.102 7.321 6.396 3
-1.102 7.321 6.396 2
-1.174 7.273 6.482 5
-1.174 7.273 6.482 5
-1.155 7.22 6.477 5
-1.155 7.22 6.477 3
-1.155 7.22 6.477 2
-1.088 7.287 6.424 5
-1.088 7.287 6.424 5
-1.078 7.307 6.443 5
-1.078 7.307 6.443 4
-1.078 7.307 6.443 1
-1.083 7.283 6.376 5
-1.083 7.283 6.376 5
-1.097 7.235 6.434 5
-1.097 7.235 6.434 4
-1.097 7.235 6.434 1
-1.155 7.177 6.41 5
-1.155 7.177 6.41 5
-1.097 7.268 6.386 5
-1.097 7.268 6.386 3
-1.054 7.383 6.372 2
-1.054 7.383 6.372 5
-1.083 7.369 6.467 5
-1.083 7.369 6.467 5
-1.083 7.369 6.467 4
-1.136 7.321 6.587 6
-1.088 7.287 6.544 5
-1.088 7.287 6.544 5
-1.088 7.287 6.544 3
-1.006 7.283 6.544 2
-1.006 7.283 6.544 5
-0.958 7.283 6.472 5
-0.958 7.283 6.472 5
-0.958 7.283 6.472 4
-0.958 7.244 6.415 1
-0.958 7.244 6.415 5
-0.954 7.292 6.443 5
-0.954 7.292 6.443 5
-0.954 7.292 6.443 4
-0.934 7.335 6.386 1
-0.934 7.335 6.386 5
-0.944 7.354 6.568 5
-0.944 7.354 6.568 5
-0.944 7.354 6.568 4
-1.006 7.345 6.587 1
-1.006 7.345 6.587 5
-0.997 7.268 6.52 5
-0.997 7.268 6.52 5
-0.997 7.268 6.52 4
-0.997 7.307 6.472 1
-0.997 7.307 6.472 5
-0.949 7.316 6.41 5
-0.934 7.335 6.285 5
-0.934 7.335 6.285 4
-0.934 7.335 6.285 1
-0.973 7.297 6.319 6
-0.973 7.297 6.319 4
-1.006 7.225 6.276 5
-1.006 7.225 6.276 4
-1.006 7.225 6.276 1
-1.04 7.259 6.439 5
-1.04 7.259 6.439 5
-1.035 7.292 6.563 5
-1.035 7.292 6.563 4
-1.035 7.292 6.563 1
-1.054 7.268 6.664 5
-1.054 7.268 6.664 5
-1.126 7.244 6.716 5
-1.126 7.244 6.716 4
-1.126 7.244 6.716 1
-1.097 7.225 6.74 5
-1.097 7.225 6.74 5
-1.064 7.24 6.774 5
-1.064 7.24 6.774 4
-1.064 7.24 6.774 1
-0.968 7.244 6.707 5
-0.968 7.244 6.707 5
-0.992 7.321 6.726 5
-0.992 7.321 6.726 4
-0.992 7.321 6.726 1
-1.073 7.326 6.779 5
-1.073 7.326 6.779 5
-1.107 7.359 6.755 5
-1.107 7.359 6.755 4
-1.107 7.359 6.755 1
-1.159 7.374 6.645 5
-1.121 7.388 6.396 5
-1.121 7.388 6.396 5
-1.121 7.388 6.396 4
-1.155 7.388 6.285 2
-1.155 7.388 6.285 4
-1.227 7.378 6.424 5
-1.227 7.378 6.424 5
-1.227 7.378 6.424 4
-1.174 7.398 6.372 1
-1.174 7.398 6.372 5
-1.203 7.374 6.372 5
-1.203 7.374 6.372 5
-1.203 7.374 6.372 4
-1.159 7.426 6.329 1
-1.159 7.426 6.329 5
-1.107 7.393 6.233 5
-1.107 7.393 6.233 5
-1.107 7.393 6.233 4
-1.255 7.407 6.175 1
-1.255 7.407 6.175 5
-1.337 7.417 6.008 5
-1.337 7.417 6.008 5
-1.337 7.417 6.008 4
-1.399 7.441 6.022 1
-1.399 7.441 6.022 5
-1.361 7.479 6.008 5
-1.361 7.479 6.008 5
-1.361 7.479 6.008 5
-1.236 7.46 6.252 1
-1.236 7.46 6.252 4
-1.26 7.383 6.4 5
-1.26 7.383 6.4 5
-1.26 7.383 6.4 4
-1.198 7.436 6.175 1
-1.729 8.054 0.927 5
-1.729 8.054 0.927 5
-2.266 8.456 3.106 5
-2.266 8.456 3.106 4
-2.266 8.456 3.106 1
-3.128 7.58 5.443 5
-3.128 7.58 5.443 5
-2.917 7.196 7.186 5
-2.917 7.196 7.186 4
-2.917 7.196 7.186 1
-2.472 7.436 7.559 5
-2.472 7.436 7.559 5
-1.926 7.532 6.975 5
-1.926 7.532 6.975 4
-1.926 7.532 6.975 1
-1.772 7.436 6.194 5
-1.772 7.436 6.194 5
-1.796 7.469 5.807 5
-1.796 7.469 5.807 4
-1.796 7.469 5.807 1
-1.796 7.8 5.045 5
-1.796 7.8 5.045 5
-1.95 7.977 4.576 5
-1.95 7.977 4.576 4
-1.95 7.977 4.576 1
-2.151 7.872 4.605 5
-2.151 7.872 4.605 5
-2.237 7.8 4.94 5
-2.237 7.8 4.94 4
-2.237 7.8 4.94 2
-2.146 7.79 5.328 4
-2.146 7.79 5.328 5
-2.045 7.69 5.649 5
-2.045 7.69 5.649 4
-1.988 7.647 6.166 2
-1.988 7.647 6.166 5
-1.835 7.551 6.415 5
-1.835 7.551 6.415 5
-1.835 7.551 6.415 4
-1.59 7.613 6.659 6
-1.375 7.522 6.659 5
-1.375 7.522 6.659 5
-1.375 7.522 6.659 3
-1.289 7.383 6.63 2
-1.289 7.383 6.63 5
-1.217 7.326 6.592 5
-1.217 7.326 6.592 5
-1.217 7.326 6.592 3
-1.284 7.335 6.688 2
-1.284 7.335 6.688 5
-1.318 7.331 6.582 5
-1.318 7.331 6.582 5
-1.318 7.331 6.582 4
-1.303 7.474 6.496 1
-1.303 7.474 6.496 5
-1.399 7.517 6.357 5
-1.399 7.517 6.357 5
-1.399 7.517 6.357 3
-1.495 7.556 6.209 2
-1.495 7.556 6.209 5
-1.59 7.474 6.166 5
-1.59 7.474 6.166 5
-1.59 7.474 6.166 3
-1.619 7.517 6.209 2
-1.619 7.517 6.209 5
-1.638 7.474 6.252 5
-1.447 7.431 6.262 5
-1.447 7.431 6.262 4
-1.447 7.431 6.262 1
-1.318 7.489 6.578 5
-1.318 7.489 6.578 5
-1.136 7.359 6.673 5
-1.136 7.359 6.673 3
-1.136 7.359 6.673 2
-1.001 7.273 6.716 5
-1.001 7.273 6.716 5
-0.91 7.187 6.86 5
-0.91 7.187 6.86 3
-0.91 7.187 6.86 2
-0.848 7.196 6.874 5
-0.848 7.196 6.874 5
-0.839 7.187 6.836 5
-0.839 7.187 6.836 4
-0.839 7.187 6.836 1
-1.016 7.158 6.894 5
-1.016 7.158 6.894 5
-1.121 6.976 6.918 5
-1.121 6.976 6.918 3
-1.121 6.976 6.918 2
-1.088 7.048 6.803 5
-1.088 7.048 6.803 5
-0.978 7.053 6.965 5
-0.978 7.053 6.965 4
-0.978 7.053 6.965 1
-0.834 7.139 6.913 5
-0.834 7.139 6.913 5
-0.738 7.105 6.769 5
-0.738 7.105 6.769 4
-0.738 7.105 6.769 1
-0.714 7.005 6.702 5
-0.7 6.962 6.76 5
-0.7 6.962 6.76 5
-0.7 6.962 6.76 3
-0.499 7.105 6.578 2
-0.499 7.105 6.578 5
-0.365 7.168 6.86 5
-0.365 7.168 6.86 5
-0.365 7.168 6.86 3
-0.178 7.158 6.683 2
-0.178 7.158 6.683 5
-0.039 7.177 6.578 5
-0.039 7.177 6.578 5
-0.039 7.177 6.578 4
0.022 7.206 6.42 1
0.022 7.206 6.42 5
-0.005 7.153 6.664 5
-0.005 7.153 6.664 5
-0.005 7.153 6.664 3
-0.154 7.144 6.563 2
-0.154 7.144 6.563 5
-0.159 7.307 6.731 5
-0.159 7.307 6.731 5
-0.159 7.307 6.731 3
0.118 7.206 6.683 2
0.118 7.206 6.683 5
0.266 7.153 6.573 5
0.266 7.153 6.573 5
0.266 7.153 6.573 4
0.295 7.158 6.918 1
0.295 7.158 6.918 5
0.31 7.134 7.028 5
0.31 7.134 7.028 5
0.31 7.134 7.028 3
0.338 7.067 6.889 2
0.314 6.928 7.023 5
0.314 6.928 7.023 5

# Completed @Sun Mar 26 22:18:18 GMT+02:00 2017
