# Accelerometer Data File
# Started @Sun Mar 26 22:18:41 GMT+02:00 2017
#
#
# sensor Vendor: Invensense
# sensor Name: ICM20610 Acceleration Sensor
# sensor Resolution: 0.0011971008m/sec^2; Max Range: 39.2266; Min Delay: 5000 microseconds
# The sensor's attributes are the result hardware and the Android capabilities.
# It means that the Android may not utilize all features provided by the hardware.
#
# Some devices and Android versions save battery too much so the device may go to sleep.
# It just happens after couple of minutes from turning off the scree and it is easy to find it out.
#
# The following file provides the data from accelerometer in the m/s^2 format.
# The diff value is just a time delta between the samples
#
#
# data format:
# so we have 4 columns with values separated by the " "
# X Y Z time_from_previous_sample(ms)

# sensor speed set to:FASTEST
# units set to: m/sec^2
# gravity NOT filtered out
# Accuracy: HIGH
0.266 5.386 5.543 0
0.266 5.386 5.543 3
0.266 5.386 5.543 1
0.515 5.717 5.783 5
0.515 5.717 5.783 5
0.793 5.837 6.975 5
0.793 5.837 6.975 4
0.793 5.837 6.975 1
0.554 6.464 7.688 5
0.554 6.464 7.688 5
-3.238 7.292 9.197 5
-3.238 7.292 9.197 4
-3.238 7.292 9.197 1
-4.396 8.599 6.841 5
-4.396 8.599 6.841 5
-2.256 7.762 6.032 5
-2.256 7.762 6.032 4
-2.256 7.762 6.032 1
0.113 6.253 5.922 5
0.113 6.253 5.922 5
0.817 6.373 6.362 5
0.817 6.373 6.362 4
0.817 6.373 6.362 1
1.215 7.173 7.114 5
1.215 7.173 7.114 5
1.234 7.378 7.085 5
1.234 7.378 7.085 4
1.234 7.378 7.085 2
1.143 7.273 7.08 4
1.143 7.273 7.08 5
0.98 7.048 6.597 5
0.98 7.048 6.597 4
0.98 7.048 6.597 1
1.569 6.856 6.238 5
2.139 6.995 6.52 5
2.139 6.995 6.52 5
2.139 6.995 6.52 4
1.646 6.9 6.745 2
1.646 6.9 6.745 4
0.913 6.809 6.989 5
0.913 6.809 6.989 5
0.913 6.809 6.989 4
0.554 7.048 7.411 2
0.554 7.048 7.411 5
0.875 7.196 7.013 5
0.875 7.196 7.013 5
0.875 7.196 7.013 3
1.492 7.374 7.056 2
1.492 7.374 7.056 5
1.837 7.173 6.659 5
1.837 7.173 6.659 5
1.837 7.173 6.659 3
1.21 6.751 6.42 2
1.21 6.751 6.42 5
0.721 6.095 8.057 5
0.721 6.095 8.057 5
0.721 6.095 8.057 3
1.21 6.291 9.733 2
1.21 6.291 9.733 5
1.732 6.263 7.674 5
1.732 6.263 7.674 5
1.732 6.263 7.674 3
1.392 6.105 8.196 2
1.392 6.105 8.196 5
1.061 6.143 8.56 5
1.061 6.143 8.56 5
1.061 6.143 8.56 3
1.703 6.493 7.947 2
2.172 6.56 7.918 5
2.172 6.56 7.918 5
1.387 6.282 8.68 5
1.387 6.282 8.68 4
0.64 6.205 8.464 6
0.64 6.205 8.464 5
-1.6 6.148 8.344 5
-1.6 6.148 8.344 3
-1.6 6.148 8.344 2
-1.001 6.651 8.359 5
-1.001 6.651 8.359 5
-0.374 5.482 9.082 5
-0.374 5.482 9.082 3
-0.374 5.482 9.082 2
-0.666 5.166 7.88 5
-0.666 5.166 7.88 5
-0.987 5.348 8.076 5
-0.987 5.348 8.076 4
-0.987 5.348 8.076 1
-0.647 5.477 8.325 5
-0.647 5.477 8.325 5
-0.954 5.501 9.039 5
-0.954 5.501 9.039 3
-0.954 5.501 9.039 2
-1.131 6.071 10.183 5
-1.131 6.071 10.183 5
-0.187 6.311 8.713 5
-0.187 6.311 8.713 3
-0.187 6.311 8.713 2
2.009 6.363 5.495 5
2.009 6.363 5.495 5
2.397 7.661 6.333 5
2.397 7.661 6.333 4
1.569 8.408 7.372 1
1.569 8.408 7.372 5
1.1 8.054 7.468 5
1.1 8.054 7.468 5
1.1 8.054 7.468 3
0.956 7.053 8.79 2
0.956 7.053 8.79 5
3.154 6.047 5.27 5
3.154 6.047 5.27 5
3.154 6.047 5.27 3
0.63 5.908 7.813 2
0.63 5.908 7.813 5
-0.058 6.052 9.695 5
-0.058 6.052 9.695 5
-0.058 6.052 9.695 4
0.721 6.349 9.724 1
0.721 6.349 9.724 5
1.2 6.742 10.954 5
1.2 6.742 10.954 5
1.2 6.742 10.954 3
0.745 6.224 9.498 2
0.745 6.224 9.498 5
1.669 5.884 6.07 5
1.669 5.884 6.07 5
1.669 5.884 6.07 4
1.329 5.746 6.525 1
1.329 5.746 6.525 5
0.525 5.98 7.665 5
0.525 5.98 7.665 5
0.525 5.98 7.665 3
0.606 5.995 7.143 2
0.606 5.995 7.143 5
1.167 6.129 7.641 5
1.416 6.172 8.967 5
1.416 6.172 8.967 3
1.416 6.172 8.967 2
1.143 5.817 7.463 5
1.143 5.817 7.463 5
0.966 6.186 7.717 5
0.966 6.186 7.717 3
0.966 6.186 7.717 2
0.994 6.545 7.76 5
0.994 6.545 7.76 5
0.707 6.315 7.09 5
0.707 6.315 7.09 4
0.707 6.315 7.09 1
1.219 6.248 7.162 5
1.219 6.248 7.162 5
0.894 6.205 8.244 5
0.894 6.205 8.244 3
0.894 6.205 8.244 2
0.879 6.392 9.321 5
0.879 6.392 9.321 5
0.611 6.445 8.014 5
0.611 6.445 8.014 3
0.611 6.445 8.014 2
0.707 6.402 6.779 5
0.707 6.402 6.779 5
-0.058 6.21 6.965 5
-0.058 6.21 6.965 4
-0.058 6.21 6.965 1
-0.044 5.932 6.965 5
-0.044 5.932 6.965 5
-0.733 5.765 7.823 5
-0.733 5.765 7.823 3
-0.451 5.851 8.33 2
-0.451 5.851 8.33 5
-0.173 5.659 7.827 5
-0.173 5.659 7.827 5
-0.173 5.659 7.827 4
0.128 5.875 8.34 1
0.128 5.875 8.34 5
0.175 5.817 8.522 5
0.175 5.817 8.522 5
0.175 5.817 8.522 4
-0.005 5.578 8.665 1
-0.005 5.578 8.665 5
-0.077 5.568 8.661 5
-0.077 5.568 8.661 5
-0.077 5.568 8.661 3
0.161 5.774 8.479 2
0.161 5.774 8.479 5
0.391 5.995 8.263 5
0.391 5.995 8.263 5
0.391 5.995 8.263 3
0.357 6.038 8.009 2
0.357 6.038 8.009 5
0.539 6.21 7.885 5
0.539 6.21 7.885 5
0.539 6.21 7.885 4
0.726 6.378 8.005 1
0.726 6.378 8.005 5
0.348 6.181 8.263 5
0.348 6.181 8.263 5
0.348 6.181 8.263 3
0.128 6.038 7.971 2
0.128 6.038 7.971 5
-0.317 6.406 8.412 5
0.094 6.258 6.87 5
0.094 6.258 6.87 4
0.094 6.258 6.87 1
-0.125 6.569 7.607 5
-0.125 6.569 7.607 5
-0.058 6.32 7.597 5
-0.058 6.32 7.597 4
-0.187 6.306 8.024 6
-0.187 6.306 8.024 5
-0.341 6.287 8.052 5
-0.341 6.287 8.052 4
-0.341 6.287 8.052 1
-0.441 6.277 7.823 5
-0.441 6.277 7.823 5
-0.484 6.378 7.588 5
-0.484 6.378 7.588 4
-0.484 6.378 7.588 1
-0.494 6.445 7.339 5
-0.494 6.445 7.339 5
-0.451 6.531 7.219 5
-0.451 6.531 7.219 4
-0.451 6.531 7.219 1
-0.331 6.646 7.009 5
-0.331 6.646 7.009 5
-0.168 6.9 6.86 5
-0.168 6.9 6.86 4
-0.168 6.9 6.86 1
-0.254 6.914 6.97 5
-0.254 6.914 6.97 5
-0.369 6.856 7.028 5
-0.369 6.856 7.028 4
-0.369 6.856 7.028 1
-0.235 6.866 7.09 5
-0.211 6.861 7.133 5
-0.211 6.861 7.133 5
-0.211 6.861 7.133 4
-0.034 6.933 6.994 1
-0.034 6.933 6.994 5
-0.073 6.981 6.865 5
-0.073 6.981 6.865 5
-0.073 6.981 6.865 4
-0.307 6.876 7.181 1
-0.307 6.876 7.181 5
-0.24 6.641 6.18 5
-0.24 6.641 6.18 5
-0.24 6.641 6.18 4
-0.614 6.631 7.1 1
-0.614 6.631 7.1 5
-0.661 6.296 6.625 5
-0.661 6.296 6.625 5
-0.661 6.296 6.625 5
-0.594 6.593 6.918 1
-0.594 6.593 6.918 4
-0.427 6.598 6.554 5
-0.427 6.598 6.554 5
-0.427 6.598 6.554 4
-0.46 6.684 6.443 1
-0.46 6.684 6.443 5
-0.523 6.588 6.338 5
-0.523 6.588 6.338 5
-0.523 6.588 6.338 4
-0.523 6.54 6.424 2
-0.523 6.54 6.424 4
-0.432 6.545 6.496 5
-0.432 6.545 6.496 5
-0.432 6.545 6.496 4
-0.345 6.574 6.697 1
-0.293 6.598 6.515 5
-0.293 6.598 6.515 5
-0.221 6.708 6.329 5
-0.221 6.708 6.329 4
-0.221 6.708 6.329 1
-0.202 6.789 6.166 5
-0.202 6.789 6.166 5
-0.226 6.77 6.094 5
-0.226 6.77 6.094 4
-0.226 6.77 6.094 1
-0.288 6.813 6.013 5
-0.288 6.813 6.013 5
-0.393 6.809 5.946 5
-0.393 6.809 5.946 4
-0.393 6.809 5.946 1
-0.585 6.727 6.027 5
-0.585 6.727 6.027 5
-0.475 6.785 6.041 5
-0.475 6.785 6.041 4
-0.475 6.785 6.041 1
-0.288 6.89 6.056 5
-0.288 6.89 6.056 5
-0.087 6.976 6.027 5
-0.087 6.976 6.027 4
-0.087 6.976 6.027 1
-0.001 6.947 6.003 5
-0.001 6.947 6.003 5
-0.01 6.991 6.108 5
-0.01 6.991 6.108 5
-0.01 6.991 6.108 1
0.128 7.067 5.989 4
0.128 7.067 5.989 5
0.204 7.173 6.041 5
0.204 7.173 6.041 4
0.152 7.134 6.19 1
0.152 7.134 6.19 5
0.152 7.134 6.285 6
0.152 7.134 6.285 5
0.152 7.134 6.285 3
0.065 7.149 6.209 2
0.065 7.149 6.209 5
0.084 7.182 6.257 5
0.084 7.182 6.257 5
0.084 7.182 6.257 3
0.094 7.23 6.276 2
0.094 7.23 6.276 5
0.099 7.278 6.171 5
0.099 7.278 6.171 5
0.099 7.278 6.171 3
0.041 7.35 6.142 2
0.041 7.35 6.142 5
0.022 7.383 6.104 5
0.022 7.383 6.104 5
0.022 7.383 6.104 3
-0.015 7.393 6.051 2
-0.015 7.393 6.051 5
-0.001 7.35 6.204 5
-0.001 7.35 6.204 5
-0.001 7.35 6.204 4
-0.068 7.297 6.439 1
-0.068 7.297 6.439 5
0.003 7.326 6.463 5
0.003 7.326 6.463 5
0.003 7.326 6.463 3
0.013 7.436 6.463 2
0.013 7.436 6.463 5
0.041 7.431 6.42 5
-0.049 7.422 6.448 5
-0.049 7.422 6.448 3
-0.049 7.422 6.448 2
-0.106 7.321 6.573 5
-0.106 7.321 6.573 5
-0.178 7.287 6.568 5
-0.178 7.287 6.568 4
-0.245 7.302 6.52 6
-0.245 7.302 6.52 5
-0.216 7.316 6.376 5
-0.216 7.316 6.376 3
-0.216 7.316 6.376 2
-0.164 7.402 6.496 5
-0.164 7.402 6.496 5
-0.101 7.469 6.554 5
-0.101 7.469 6.554 4
-0.101 7.469 6.554 1
-0.029 7.469 6.4 5
-0.029 7.469 6.4 5
-0.096 7.503 6.357 5
-0.096 7.503 6.357 4
-0.096 7.503 6.357 1
-0.159 7.441 6.386 5
-0.159 7.441 6.386 5
-0.221 7.354 6.467 5
-0.221 7.354 6.467 3
-0.221 7.354 6.467 2
-0.25 7.297 6.52 5
-0.25 7.297 6.52 5
-0.187 7.297 6.549 5
-0.187 7.297 6.549 3
-0.187 7.297 6.549 2
-0.029 7.417 6.487 5
-0.053 7.422 6.635 5
-0.053 7.422 6.635 5
-0.053 7.422 6.635 4
-0.01 7.455 6.573 1
-0.01 7.455 6.573 5
-0.01 7.465 6.424 5
-0.01 7.465 6.424 5
-0.01 7.465 6.424 3
0.046 7.46 6.477 2
0.046 7.46 6.477 5
0.065 7.508 6.602 5
0.065 7.508 6.602 5
0.065 7.508 6.602 3
0.056 7.426 6.549 2
0.056 7.426 6.549 5
0.037 7.383 6.683 5
0.037 7.383 6.683 5
0.037 7.383 6.683 4
0.089 7.383 6.649 1
0.089 7.383 6.649 5
0.051 7.445 6.654 5
0.051 7.445 6.654 5
0.051 7.445 6.654 3
0.084 7.508 6.487 2
0.084 7.508 6.487 5
0.003 7.479 6.348 5
0.003 7.479 6.348 5
0.003 7.479 6.348 4
-0.077 7.484 6.233 1
-0.077 7.484 6.233 5
-0.044 7.445 6.185 5
-0.044 7.445 6.185 5
-0.044 7.445 6.185 4
-0.049 7.532 6.247 1
0.065 7.565 6.18 5
0.065 7.565 6.18 5
0.128 7.541 6.4 5
0.128 7.541 6.4 3
0.128 7.541 6.4 2
0.132 7.465 6.477 5
0.132 7.465 6.477 5
0.113 7.417 6.463 5
0.113 7.417 6.463 3
0.113 7.417 6.463 2
0.123 7.513 6.305 5
0.123 7.513 6.305 5
0.037 7.498 6.204 5
0.037 7.498 6.204 4
0.037 7.498 6.204 1
-0.077 7.489 6.262 5
-0.077 7.489 6.262 5
-0.082 7.445 6.266 5
-0.082 7.445 6.266 3
-0.082 7.445 6.266 2
-0.034 7.431 6.42 5
-0.034 7.431 6.42 5
-0.096 7.383 6.41 5
-0.096 7.383 6.41 3
-0.096 7.383 6.41 2
-0.135 7.34 6.496 5
-0.135 7.34 6.496 5
-0.254 7.316 6.496 5
-0.254 7.316 6.496 4
-0.254 7.316 6.496 2
-0.264 7.34 6.285 4
-0.264 7.34 6.285 5
-0.202 7.402 6.204 5
-0.202 7.402 6.204 3
-0.12 7.517 6.108 2
-0.12 7.517 6.108 5
-0.049 7.551 6.19 5
-0.049 7.551 6.19 5
-0.049 7.551 6.19 4
-0.025 7.603 6.19 1
-0.025 7.603 6.19 5
-0.092 7.527 6.266 5
-0.092 7.527 6.266 5
-0.092 7.527 6.266 4
-0.111 7.522 6.4 1
-0.111 7.522 6.4 5
-0.015 7.627 6.467 5
-0.015 7.627 6.467 5
-0.015 7.627 6.467 3
0.037 7.666 6.348 2
0.037 7.666 6.348 5
0.094 7.714 6.448 5
0.094 7.714 6.448 5
0.094 7.714 6.448 3
0.051 7.752 6.4 2
0.051 7.752 6.4 5
-0.015 7.747 6.391 5
-0.015 7.747 6.391 5
-0.015 7.747 6.391 4
-0.116 7.651 6.348 1
-0.116 7.651 6.348 5
-0.073 7.68 6.525 5
-0.073 7.68 6.525 5
-0.073 7.68 6.525 4
-0.044 7.694 6.424 1
-0.044 7.694 6.424 5
0.113 7.896 6.3 5
0.377 8.006 6.285 5
0.377 8.006 6.285 4
0.377 8.006 6.285 1
0.554 8.03 6.463 5
0.554 8.03 6.463 5
0.511 7.991 6.348 5
0.511 7.991 6.348 4
0.511 7.991 6.348 1
0.42 7.948 6.276 5
0.42 7.948 6.276 5
0.338 7.963 6.262 5
0.338 7.963 6.262 4
0.338 7.963 6.262 1
0.271 7.666 6.218 5
0.271 7.666 6.218 5
0.219 7.795 6.223 5
0.219 7.795 6.223 4
0.219 7.795 6.223 1
0.329 7.781 6.065 5
0.329 7.781 6.065 5
0.343 7.824 5.974 5
0.343 7.824 5.974 4
0.343 7.824 5.974 1
0.314 7.733 5.979 5
0.314 7.733 5.979 5
0.19 7.661 6.242 5
0.19 7.661 6.242 4
0.19 7.661 6.242 1
0.305 7.493 5.85 5
0.305 7.493 5.85 5
0.142 7.637 6.285 5
0.142 7.637 6.285 4
0.142 7.637 6.285 1
0.247 7.57 5.979 5
0.3 7.675 5.869 5
0.3 7.675 5.869 5
0.3 7.675 5.869 4
0.132 7.603 5.764 1
0.132 7.603 5.764 5
0.065 7.489 5.797 5
0.065 7.489 5.797 5
0.065 7.489 5.797 4
-0.029 7.436 5.673 1
-0.029 7.436 5.673 5
-0.005 7.441 5.701 5
-0.005 7.441 5.701 5
-0.005 7.441 5.701 4
0.084 7.489 5.749 1
0.084 7.489 5.749 5
0.171 7.536 5.811 5
0.171 7.536 5.811 5
0.171 7.536 5.811 5
0.209 7.565 5.883 1
0.209 7.565 5.883 4
0.084 7.498 5.835 5
0.084 7.498 5.835 5
0.084 7.498 5.835 4
0.046 7.493 5.821 1
0.046 7.493 5.821 5
-0.025 7.484 5.768 5
-0.025 7.484 5.768 5
-0.025 7.484 5.768 4
-0.015 7.58 5.692 2
-0.015 7.58 5.692 4
-0.192 7.738 5.821 5
-0.192 7.738 5.821 5
-0.192 7.738 5.821 4
0.132 7.661 5.591 2
-0.101 7.656 5.73 4
-0.101 7.656 5.73 5
-0.135 7.565 5.792 5
-0.135 7.565 5.792 4
-0.135 7.565 5.792 1
-0.24 7.642 5.783 5
-0.24 7.642 5.783 5
-0.207 7.575 5.859 5
-0.207 7.575 5.859 4
-0.207 7.575 5.859 1
-0.044 7.757 5.883 5
-0.044 7.757 5.883 5
0.017 7.819 5.778 5
0.017 7.819 5.778 4
0.017 7.819 5.778 1
0.084 7.867 5.855 5
0.084 7.867 5.855 5
0.233 8.015 5.802 5
0.233 8.015 5.802 4
0.233 8.015 5.802 1
0.195 7.915 5.764 5
0.195 7.915 5.764 5
0.817 8.087 6.587 5
0.817 8.087 6.587 4
0.817 8.087 6.587 1
-0.073 7.407 4.978 5
-0.073 7.407 4.978 5
0.314 7.876 6.42 5
0.314 7.876 6.42 5
-0.077 7.958 5.917 5
0.147 7.752 5.955 6
0.147 7.752 5.955 5
0.147 7.752 5.955 3
0.152 7.872 6.338 2
0.152 7.872 6.338 5
0.132 7.819 6.314 5
0.132 7.819 6.314 5
0.132 7.819 6.314 3
0.195 7.632 6.458 2
0.195 7.632 6.458 5
0.31 7.647 6.424 5
0.31 7.647 6.424 5
0.31 7.647 6.424 3
0.233 8.025 6.558 2
0.233 8.025 6.558 5
-0.125 7.943 6.123 5
-0.125 7.943 6.123 5
-0.125 7.943 6.123 3
0.156 7.891 5.831 2
0.156 7.891 5.831 5
0.156 8.13 5.883 5
0.156 8.13 5.883 5
0.156 8.13 5.883 3
0.247 8.044 5.931 2
0.247 8.044 5.931 5
0.262 7.996 6.175 5
0.262 7.996 6.175 5
0.262 7.996 6.175 4
0.286 7.886 6.443 1
0.286 7.886 6.443 5
0.616 7.704 6.496 5
0.616 7.704 6.496 5
0.616 7.704 6.496 3
0.156 8.039 6.482 2
0.353 7.795 6.171 5
0.353 7.795 6.171 5
0.314 7.939 6.238 5
0.314 7.939 6.238 3
0.314 7.939 6.238 2
0.367 7.963 6.137 5
0.367 7.963 6.137 5
0.333 7.977 6.094 5
0.333 7.977 6.094 4
0.333 7.977 6.094 1
0.362 7.958 6.036 5
0.362 7.958 6.036 5
0.324 7.982 5.917 5
0.324 7.982 5.917 3
0.324 7.982 5.917 2
0.31 7.943 5.845 5
0.31 7.943 5.845 5
0.266 7.963 5.902 5
0.266 7.963 5.902 4
0.266 7.963 5.902 1
0.31 7.852 5.931 5
0.31 7.852 5.931 5
0.228 7.814 6.041 5
0.228 7.814 6.041 4
0.228 7.814 6.041 1
0.233 7.833 6.027 5
0.233 7.833 6.027 5
0.199 7.733 5.931 5
0.199 7.733 5.931 3
0.199 7.733 5.931 2
0.128 7.805 5.792 5
0.128 7.805 5.792 5
0.08 7.785 5.625 5
0.08 7.785 5.625 3
0.137 7.843 5.606 2
0.137 7.843 5.606 5
0.142 7.838 5.529 5
0.142 7.838 5.529 5
0.142 7.838 5.529 4
0.156 7.867 5.606 1
0.156 7.867 5.606 5
0.137 7.852 5.419 5
0.137 7.852 5.419 5
0.137 7.852 5.419 3
0.118 7.872 5.572 2
0.118 7.872 5.572 5
0.084 7.738 5.701 5
0.084 7.738 5.701 5
0.084 7.738 5.701 3
0.08 7.694 5.74 2
0.08 7.694 5.74 5
0.017 7.685 5.878 5
0.017 7.685 5.878 5
0.017 7.685 5.878 4
0.032 7.623 5.869 1
0.032 7.623 5.869 5
-0.034 7.627 5.898 5
-0.034 7.627 5.898 5
-0.034 7.627 5.898 3
0.032 7.666 5.74 2
0.032 7.666 5.74 5
0.022 7.738 5.582 5
0.022 7.738 5.582 5
0.022 7.738 5.582 4
0.003 7.819 5.38 1
0.003 7.819 5.38 5
-0.073 7.843 5.213 5
-0.058 7.824 5.084 5
-0.058 7.824 5.084 4
-0.058 7.824 5.084 1
0.065 7.852 5.199 5
0.065 7.852 5.199 5
0.104 7.876 5.294 5
0.104 7.876 5.294 3
0.104 7.876 5.294 2
0.185 7.829 5.438 5
0.185 7.829 5.438 5
0.195 7.795 5.419 5
0.195 7.795 5.419 3
0.195 7.795 5.419 2
0.223 7.848 5.505 5
0.223 7.848 5.505 5
0.228 7.79 5.428 5
0.228 7.79 5.428 4
0.228 7.79 5.428 1
0.18 7.79 5.448 5
0.18 7.79 5.448 5
0.113 7.814 5.448 5
0.113 7.814 5.448 3
0.113 7.814 5.448 2
0.243 7.876 5.515 5
0.243 7.876 5.515 5
0.238 7.833 5.524 5
0.238 7.833 5.524 3
0.238 7.833 5.524 2
0.276 7.886 5.519 5
0.276 7.886 5.519 5
0.324 7.838 5.481 5
0.324 7.838 5.481 4
0.324 7.838 5.481 1
0.3 7.771 5.543 5
0.29 7.675 5.658 5
0.29 7.675 5.658 5
0.29 7.675 5.658 3
0.333 7.651 5.73 2
0.333 7.651 5.73 5
0.324 7.642 5.634 5
0.324 7.642 5.634 5
0.324 7.642 5.634 4
0.348 7.685 5.5 1
0.348 7.685 5.5 5
0.429 7.69 5.438 5
0.429 7.69 5.438 5
0.429 7.69 5.438 4
0.477 7.637 5.227 1
0.477 7.637 5.227 5
0.477 7.575 5.04 5
0.477 7.575 5.04 5
0.477 7.575 5.04 3
0.458 7.436 4.973 2
0.458 7.436 4.973 5
0.52 7.292 4.892 5
0.52 7.292 4.892 5
0.52 7.292 4.892 3
0.587 7.005 4.849 2
0.587 7.005 4.849 5
1.071 6.579 4.614 5
1.071 6.579 4.614 5
1.071 6.579 4.614 4
0.587 6.21 4.777 1
0.587 6.21 4.777 5
0.975 5.612 3.891 5
0.975 5.612 3.891 5
0.975 5.612 3.891 4
1.042 5.219 3.259 1
0.918 4.726 3.106 5
0.918 4.726 3.106 5
0.875 4.108 3.178 5
0.875 4.108 3.178 4
0.875 4.108 3.178 1
1.066 3.811 2.89 5
1.066 3.811 2.89 5
1.363 3.945 2.694 5
1.363 3.945 2.694 4
1.363 3.945 2.694 1
1.253 4.204 2.56 5
1.253 4.204 2.56 5
1.923 4.711 2.555 5
1.923 4.711 2.555 4
1.923 4.711 2.555 1
2.421 5.085 1.77 5
2.421 5.085 1.77 5
2.752 5.463 2.254 5
2.752 5.463 2.254 4
2.752 5.463 2.254 1
2.838 5.386 2.167 5
2.838 5.386 2.167 5
2.67 5.295 2.278 5
2.67 5.295 2.278 4
2.67 5.295 2.278 1
2.321 5.42 2.11 5
2.321 5.42 2.11 5
1.832 5.42 2.278 5
1.832 5.42 2.278 4
1.832 5.42 2.278 1
1.435 5.372 2.756 5
1.435 5.372 2.756 5
0.975 5.243 3.949 5
0.975 5.243 3.949 4
0.606 4.989 5.007 1
0.606 4.989 5.007 5
1.1 5.195 6.223 5
1.1 5.195 6.223 5
1.1 5.195 6.223 4
0.693 5.453 7.095 1
0.693 5.453 7.095 5
0.712 5.655 7.971 5
0.712 5.655 7.971 5
0.712 5.655 7.971 4
0.635 5.947 8.799 1
0.635 5.947 8.799 5
0.745 6.579 9.159 5
0.745 6.579 9.159 5
0.745 6.579 9.159 4
1.578 7.594 11.026 1
1.578 7.594 11.026 5
2.273 7.958 12.874 5
2.273 7.958 12.874 5
2.273 7.958 12.874 4
3.369 8.734 15.719 1
3.369 8.734 15.719 5
5.491 10.017 17.763 5
5.491 10.017 17.763 5
5.491 10.017 17.763 4
7.636 11.219 20.641 1
7.636 11.219 20.641 5
9.101 12.2 24.721 5
9.101 12.2 24.721 5
9.101 12.2 24.721 4
10.02 13.105 27.225 1
10.02 13.105 27.225 5
10.791 14.111 28.571 5
11.27 15.212 29.902 5
11.27 15.212 29.902 4
11.27 15.212 29.902 2
10.997 15.71 29.983 4
10.997 15.71 29.983 5
10.389 15.26 28.915 5
10.389 15.26 28.915 4
10.389 15.26 28.915 1
9.35 14.556 27.469 5
9.35 14.556 27.469 5
8.277 13.311 25.999 5
8.277 13.311 25.999 4
8.277 13.311 25.999 1
6.98 11.918 24.18 5
6.98 11.918 24.18 5
5.783 10.433 22.202 5
5.783 10.433 22.202 4
5.783 10.433 22.202 1
4.327 8.556 20.248 5
4.327 8.556 20.248 5
2.732 6.478 18.309 5
2.732 6.478 18.309 4
2.732 6.478 18.309 1
1.535 4.874 16.288 5
1.535 4.874 16.288 5
0.401 3.543 14.703 5
0.401 3.543 14.703 4
0.401 3.543 14.703 1
-0.992 2.221 12.846 6
-0.992 2.221 12.846 5
-2.021 1.043 10.801 5
-2.021 1.043 10.801 3
-2.021 1.043 10.801 1
-2.658 0.56 9.489 6
-3.271 -0.114 8.268 5
-3.271 -0.114 8.268 5
-3.271 -0.114 8.268 3
-4.262 -0.972 6.927 2
-4.262 -0.972 6.927 5
-5.009 -1.292 5.419 5
-5.009 -1.292 5.419 5
-5.009 -1.292 5.419 3
-5.364 -2.226 3.834 2
-5.364 -2.226 3.834 5
-5.483 -1.79 3.154 5
-5.483 -1.79 3.154 5
-5.483 -1.79 3.154 3
-5.115 -1.647 1.938 2
-5.115 -1.647 1.938 5
-4.933 -1.991 0.08 5
-4.933 -1.991 0.08 5
-4.933 -1.991 0.08 3
-5.321 -1.297 -0.523 2
-5.321 -1.297 -0.523 5
-5.306 -1.063 -2.007 5
-5.306 -1.063 -2.007 5
-5.306 -1.063 -2.007 3
-4.981 -1.058 -4.373 2
-4.981 -1.058 -4.373 5
-5.081 -0.105 -4.875 5
-5.081 -0.105 -4.875 5
-5.081 -0.105 -4.875 3
-4.511 0.258 -4.712 2
-4.511 0.258 -4.712 5
-3.779 0.952 -3.697 5
-3.779 0.952 -3.697 5
-3.779 0.952 -3.697 3
-3.104 1.498 -2.591 2
-2.596 1.982 -1.83 5
-2.596 1.982 -1.83 5
-2.428 2.437 -1.083 5
-2.428 2.437 -1.083 3
-2.428 2.437 -1.083 2
-2.328 2.782 -0.47 5
-2.328 2.782 -0.47 5
-2.012 3.438 -0.46 5
-2.012 3.438 -0.46 4
-2.012 3.438 -0.46 1
-1.557 4.209 -0.441 5
-1.557 4.209 -0.441 5
-1.164 4.831 -0.092 5
-1.164 4.831 -0.092 3
-1.164 4.831 -0.092 2
-1.15 5.248 0.396 5
-1.15 5.248 0.396 5
-1.193 5.669 0.831 5
-1.193 5.669 0.831 4
-1.193 5.669 0.831 1
-1.227 5.985 1.267 5
-1.227 5.985 1.267 5
-1.183 6.354 1.904 5
-1.183 6.354 1.904 3
-1.183 6.354 1.904 2
-0.91 6.852 2.292 5
-0.91 6.852 2.292 5
-0.599 7.388 2.493 5
-0.599 7.388 2.493 3
-0.599 7.388 2.493 2
-0.733 7.594 2.833 5
-0.733 7.594 2.833 5
-1.131 7.589 3.269 5
-1.131 7.589 3.269 3
-1.131 7.886 3.187 2
-1.131 7.886 3.187 5
-0.934 8.317 2.934 5
-0.934 8.317 2.934 5
-0.934 8.317 2.934 3
-0.709 8.738 2.766 2
-0.709 8.738 2.766 5
-0.403 9.083 2.57 5
-0.403 9.083 2.57 5
-0.403 9.083 2.57 3
-0.13 9.394 2.742 3
-0.13 9.394 2.742 4
0.046 9.538 3.139 5
0.046 9.538 3.139 5
0.046 9.538 3.139 3
-0.144 9.49 3.523 2
-0.144 9.49 3.523 5
-0.326 9.466 3.877 5
-0.326 9.466 3.877 5
-0.326 9.466 3.877 4
-0.475 9.576 3.958 1
-0.475 9.576 3.958 5
-0.25 9.859 3.633 5
-0.25 9.859 3.633 5
-0.25 9.859 3.633 3
-0.101 10.06 3.187 2
-0.101 10.06 3.187 5
-0.073 10.079 3.135 5
-0.168 9.926 3.326 5
-0.168 9.926 3.326 4
-0.168 9.926 3.326 2
-0.226 9.844 3.508 4
-0.226 9.844 3.508 5
-0.274 9.801 3.58 5
-0.274 9.801 3.58 4
-0.274 9.801 3.58 1
-0.317 9.749 3.451 5
-0.317 9.749 3.451 5
-0.336 9.624 3.465 5
-0.336 9.624 3.465 3
-0.336 9.624 3.465 2
-0.144 9.567 3.422 5
-0.144 9.567 3.422 5
-0.015 9.533 3.24 5
-0.015 9.533 3.24 3
-0.015 9.533 3.24 2
-0.001 9.471 3.029 5
-0.001 9.471 3.029 5
-0.01 9.303 3.029 5
-0.01 9.303 3.029 4
-0.01 9.303 3.029 1
-0.039 9.227 3.068 5
-0.039 9.227 3.068 5
0.046 9.251 3.063 5
0.046 9.251 3.063 3
0.046 9.251 3.063 2
0.171 9.155 2.943 5
0.171 9.155 2.943 5
0.353 9.222 2.742 5
0.353 9.222 2.742 3
0.353 9.222 2.742 2
0.587 9.351 2.464 5
0.587 9.351 2.464 5
0.673 9.361 2.321 5
0.673 9.361 2.321 4
0.616 9.318 2.527 1
0.616 9.318 2.527 5
0.391 9.16 2.723 5
0.391 9.16 2.723 5
0.391 9.16 2.723 3
0.324 9.097 2.694 2
0.324 9.097 2.694 5
0.348 9.16 2.412 5
0.348 9.16 2.412 5
0.348 9.16 2.412 4
0.391 9.203 2.196 1
0.391 9.203 2.196 5
0.338 9.107 2.249 5
0.338 9.107 2.249 5
0.338 9.107 2.249 4
0.243 8.997 2.498 1
0.243 8.997 2.498 5
0.405 9.107 2.555 5
0.405 9.107 2.555 5
0.405 9.107 2.555 4
0.544 9.255 2.685 1
0.544 9.255 2.685 5
0.707 9.394 2.608 5
0.707 9.394 2.608 5
0.707 9.394 2.608 3
0.664 9.504 2.594 2
0.664 9.504 2.594 5
0.501 9.476 2.455 5
0.501 9.476 2.455 5
0.501 9.476 2.455 4
0.381 9.437 2.603 1
0.381 9.437 2.603 5
0.396 9.428 2.685 5
0.3 9.404 2.914 5
0.3 9.404 2.914 4
0.3 9.404 2.914 1
0.252 9.404 2.814 5
0.252 9.404 2.814 5
0.238 9.418 2.809 5
0.238 9.418 2.809 4
0.238 9.418 2.809 1
0.3 9.509 2.953 5
0.3 9.509 2.953 5
0.377 9.639 2.981 5
0.377 9.639 2.981 4
0.377 9.639 2.981 1
0.458 9.758 2.809 5
0.458 9.758 2.809 5
0.544 9.897 2.579 5
0.544 9.897 2.579 4
0.544 9.897 2.579 1
0.563 9.897 2.713 5
0.563 9.897 2.713 5
0.544 9.868 2.67 5
0.544 9.868 2.67 4
0.544 9.868 2.67 1
0.597 9.935 2.689 5
0.597 9.935 2.689 5
0.693 9.979 2.795 5
0.693 9.979 2.795 4
0.693 9.979 2.795 1
0.712 9.935 2.833 5
0.712 9.935 2.833 5
0.697 9.83 2.991 5
0.697 9.83 2.991 4
0.697 9.83 2.991 1
0.63 9.854 2.91 5
0.621 9.811 2.862 5
0.621 9.811 2.862 5
0.621 9.811 2.862 4
0.75 9.935 2.603 1
0.75 9.935 2.603 5
0.702 9.94 2.493 5
0.702 9.94 2.493 5
0.702 9.94 2.493 4
0.784 10.026 2.412 1
0.784 10.026 2.412 5
0.927 10.079 2.397 5
0.927 10.079 2.397 5
0.927 10.079 2.397 4
1.004 10.127 2.445 1
1.004 10.127 2.445 5
1.042 10.079 2.426 5
1.042 10.079 2.426 5
1.042 10.079 2.426 4
1.013 10.007 2.46 1
1.013 10.007 2.46 5
1.066 9.926 2.503 5
1.066 9.926 2.503 5
1.066 9.926 2.503 4
1.124 9.883 2.68 2
1.124 9.883 2.68 4
1.09 9.744 2.675 5
1.09 9.744 2.675 5
1.09 9.744 2.675 4
1.023 9.801 2.67 1
1.023 9.801 2.67 5
1.013 9.797 2.498 5
0.975 9.806 2.483 5
0.975 9.806 2.483 4
0.975 9.806 2.483 1
0.793 9.677 2.349 5
0.793 9.677 2.349 5
0.592 9.552 2.364 5
0.592 9.552 2.364 4
0.592 9.552 2.364 1
0.458 9.442 2.359 5
0.458 9.442 2.359 5
0.276 9.332 2.512 5
0.276 9.332 2.512 4
0.276 9.332 2.512 1
0.252 9.289 2.665 5
0.252 9.289 2.665 5
0.281 9.294 2.776 5
0.281 9.294 2.776 4
0.281 9.294 2.776 1
0.333 9.246 2.737 5
0.333 9.246 2.737 5
0.367 9.313 2.723 5
0.367 9.313 2.723 4
0.367 9.313 2.723 2
0.405 9.337 2.565 4
0.405 9.337 2.565 5
0.405 9.294 2.637 5
0.405 9.294 2.637 4
0.405 9.294 2.637 1
0.295 9.289 2.589 6
0.295 9.289 2.589 5
0.252 9.303 2.555 5
0.252 9.303 2.555 3
0.252 9.303 2.555 2
0.276 9.299 2.507 5
0.276 9.299 2.507 5
0.128 9.27 2.45 5
0.128 9.27 2.45 4
0.065 9.222 2.522 1
0.065 9.222 2.522 5
0.08 9.184 2.642 5
0.08 9.184 2.642 5
0.08 9.184 2.642 3
0.199 9.198 2.852 2
0.199 9.198 2.852 5
0.444 9.318 2.89 5
0.444 9.318 2.89 5
0.444 9.318 2.89 3
0.63 9.385 2.828 2
0.63 9.385 2.828 5
0.75 9.552 2.685 5
0.75 9.552 2.685 5
0.75 9.552 2.685 3
0.784 9.667 2.46 2
0.784 9.667 2.46 5
0.75 9.643 2.527 5
0.75 9.643 2.527 5
0.75 9.643 2.527 3
0.697 9.572 2.421 2
0.697 9.572 2.421 5
0.731 9.543 2.527 5
0.731 9.543 2.527 5
0.731 9.543 2.527 3
0.745 9.6 2.412 2
0.745 9.6 2.412 5
0.693 9.528 2.349 5
0.693 9.528 2.349 5
0.693 9.528 2.349 3
0.779 9.567 2.345 2
0.779 9.567 2.345 5
0.736 9.543 2.359 5
0.592 9.428 2.551 5
0.592 9.428 2.551 3
0.592 9.428 2.551 2
0.592 9.442 2.455 5
0.592 9.442 2.455 5
0.515 9.461 2.412 5
0.515 9.461 2.412 3
0.515 9.461 2.412 2
0.477 9.471 2.244 5
0.477 9.471 2.244 5
0.482 9.514 2.134 5
0.482 9.514 2.134 4
0.482 9.514 2.134 1
0.506 9.485 2.225 5
0.506 9.485 2.225 5
0.439 9.418 2.321 5
0.439 9.418 2.321 3
0.439 9.418 2.321 2
0.343 9.385 2.297 5
0.343 9.385 2.297 5
0.386 9.399 2.412 5
0.386 9.399 2.412 4
0.386 9.399 2.412 1
0.415 9.39 2.474 5
0.415 9.39 2.474 5
0.343 9.38 2.335 5
0.343 9.38 2.335 4
0.343 9.38 2.335 1
0.434 9.457 2.196 5
0.434 9.457 2.196 5
0.52 9.457 2.249 5
0.52 9.457 2.249 3
0.52 9.457 2.249 2
0.592 9.572 2.297 5
0.611 9.619 2.196 5
0.611 9.619 2.196 5
0.611 9.619 2.196 3
0.539 9.624 2.211 2
0.539 9.624 2.211 5
0.357 9.576 2.182 5
0.357 9.576 2.182 5
0.357 9.576 2.182 4
0.061 9.366 2.23 1
0.061 9.366 2.23 5
-0.211 9.179 2.507 5
-0.211 9.179 2.507 5
-0.211 9.179 2.507 3
-0.403 9.05 2.704 2
-0.403 9.05 2.704 5
-0.427 9.021 2.709 5
-0.427 9.021 2.709 5
-0.427 9.021 2.709 3
-0.312 9.131 2.608 2
-0.312 9.131 2.608 5
-0.101 9.294 2.517 5
-0.101 9.294 2.517 5
-0.101 9.294 2.517 4
-0.063 9.37 2.479 1
-0.063 9.37 2.479 5
-0.116 9.404 2.397 5
-0.116 9.404 2.397 5
-0.116 9.404 2.397 3
-0.058 9.418 2.507 2
-0.058 9.418 2.507 5
-0.01 9.366 2.785 5
0.185 9.409 2.862 5
0.185 9.409 2.862 4
0.185 9.409 2.862 1
0.252 9.447 2.981 5
0.252 9.447 2.981 5
0.247 9.409 2.914 5
0.247 9.409 2.914 4
0.247 9.409 2.914 1
0.113 9.375 2.881 5
0.113 9.375 2.881 5
0.037 9.351 2.785 5
0.037 9.351 2.785 3
0.037 9.351 2.785 2
0.075 9.39 2.771 5
0.075 9.39 2.771 5
0.257 9.466 2.785 5
0.257 9.466 2.785 3
0.257 9.466 2.785 2
0.333 9.528 2.694 5
0.333 9.528 2.694 5
0.405 9.591 2.522 5
0.405 9.591 2.522 4
0.405 9.591 2.522 1
0.396 9.615 2.507 5
0.396 9.615 2.507 5
0.266 9.557 2.536 5
0.266 9.557 2.536 3
0.266 9.557 2.536 2
0.18 9.49 2.632 5
0.18 9.49 2.632 5
0.175 9.399 2.852 5
0.175 9.399 2.852 3
0.175 9.399 2.852 2
0.075 9.323 2.871 5
0.075 9.323 2.871 5
-0.005 9.255 2.618 5
-0.005 9.255 2.618 4
0.137 9.332 2.603 6
0.123 9.437 2.455 5
0.123 9.437 2.455 5
0.123 9.437 2.455 3
0.056 9.466 2.258 2
0.056 9.466 2.258 5
0.084 9.514 2.191 5
0.084 9.514 2.191 5
0.084 9.514 2.191 4
0.108 9.49 2.311 1
0.108 9.49 2.311 5
0.094 9.418 2.445 5
0.094 9.418 2.445 5
0.094 9.418 2.445 4
0.19 9.346 2.646 1
0.19 9.346 2.646 5
0.204 9.284 2.795 5
0.204 9.284 2.795 5
0.204 9.284 2.795 3
0.166 9.327 2.694 2
0.166 9.327 2.694 5
0.19 9.418 2.469 5
0.19 9.418 2.469 5
0.19 9.418 2.469 4
0.19 9.514 2.22 1
0.19 9.514 2.22 5
0.228 9.524 2.196 5
0.228 9.524 2.196 5
0.228 9.524 2.196 4
0.243 9.567 2.191 1
0.243 9.567 2.191 5
0.271 9.538 2.201 5
0.243 9.471 2.436 5
0.243 9.471 2.436 4
0.243 9.471 2.436 1
0.123 9.342 2.713 5
0.123 9.342 2.713 5
0.142 9.289 2.776 5
0.142 9.289 2.776 4
0.142 9.289 2.776 1
0.252 9.356 2.728 5
0.252 9.356 2.728 5
0.424 9.495 2.709 5
0.424 9.495 2.709 4
0.424 9.495 2.709 1
0.468 9.538 2.589 5
0.468 9.538 2.589 5
0.549 9.572 2.594 5
0.549 9.572 2.594 4
0.549 9.572 2.594 1
0.563 9.672 2.503 5
0.563 9.672 2.503 5
0.65 9.897 1.181 5
0.65 9.897 1.181 4
0.65 9.897 1.181 1
0.539 9.768 2.273 5
0.539 9.768 2.273 5
0.424 9.495 2.081 5
0.424 9.495 2.081 4
0.424 9.495 2.081 1
0.128 9.375 2.383 5
0.128 9.375 2.383 5
0.19 9.27 2.608 5
0.19 9.27 2.608 4
0.19 9.27 2.608 1
0.214 9.318 2.579 5
0.219 9.289 2.689 5
0.219 9.289 2.689 5
0.219 9.289 2.689 4
0.343 9.418 2.651 1
0.343 9.418 2.651 5
0.424 9.538 2.675 5
0.424 9.538 2.675 5
0.424 9.538 2.675 4
0.405 9.586 2.44 1
0.405 9.586 2.44 5
0.286 9.643 2.249 5
0.286 9.643 2.249 5
0.286 9.643 2.249 4
0.405 9.653 2.397 1
0.405 9.653 2.397 5
0.391 9.538 2.747 5
0.391 9.538 2.747 5
0.391 9.538 2.747 4
0.228 9.452 2.867 1
0.228 9.452 2.867 5
0.118 9.457 2.675 5
0.118 9.457 2.675 5
0.118 9.457 2.675 5
0.008 9.442 2.622 5
-0.034 9.385 2.498 5
-0.034 9.385 2.498 5
-0.034 9.385 2.498 4
-0.039 9.375 2.574 1
-0.039 9.375 2.574 5
-0.044 9.351 2.541 5
-0.068 9.351 2.373 5
-0.068 9.351 2.373 4
-0.068 9.351 2.373 1
-0.029 9.351 2.325 5
-0.029 9.351 2.325 5
-0.044 9.39 2.34 5
-0.044 9.39 2.34 4
-0.044 9.39 2.34 1
0.061 9.37 2.469 5
0.061 9.37 2.469 5
0.185 9.452 2.488 5
0.185 9.452 2.488 4
0.185 9.452 2.488 1
0.223 9.461 2.493 5
0.223 9.461 2.493 5
0.185 9.476 2.416 5
0.185 9.476 2.416 4
0.185 9.476 2.416 1
0.166 9.481 2.369 5
0.166 9.481 2.369 5
0.147 9.414 2.469 5
0.147 9.414 2.469 4
0.147 9.414 2.469 2
0.099 9.299 2.584 5
0.099 9.299 2.584 5
0.041 9.251 2.732 5
0.041 9.251 2.732 3
0.041 9.251 2.732 2
0.08 9.294 2.699 5
0.08 9.294 2.699 5
0.075 9.351 2.56 5
0.075 9.351 2.56 3
0.075 9.351 2.56 2
0.18 9.414 2.541 5
0.233 9.404 2.498 5
0.233 9.404 2.498 5
0.233 9.404 2.498 4
0.228 9.461 2.498 6
0.247 9.442 2.584 5
0.247 9.442 2.584 5
0.247 9.442 2.584 3
0.262 9.447 2.57 2
0.262 9.447 2.57 5
0.209 9.385 2.57 5
0.209 9.385 2.57 5
0.209 9.385 2.57 3
0.18 9.385 2.589 2
0.18 9.385 2.589 5
0.247 9.447 2.618 5
0.247 9.447 2.618 5
0.247 9.447 2.618 4
0.252 9.428 2.483 1
0.252 9.428 2.483 5
0.161 9.437 2.436 5
0.161 9.437 2.436 5
0.161 9.437 2.436 3
0.171 9.447 2.483 2
0.171 9.447 2.483 5
0.166 9.39 2.507 5
0.166 9.39 2.507 5
0.166 9.39 2.507 3
0.123 9.414 2.56 2
0.123 9.414 2.56 5
0.137 9.409 2.354 5
0.137 9.409 2.354 5
0.137 9.409 2.354 3
0.31 9.586 2.278 2
0.29 9.591 2.1 5
0.29 9.591 2.1 5
0.295 9.557 2.306 5
0.295 9.557 2.306 3
0.295 9.557 2.306 2
0.353 9.557 2.282 5
0.353 9.557 2.282 5
0.324 9.533 2.34 5
0.324 9.533 2.34 3
0.324 9.533 2.34 2
0.305 9.495 2.426 5
0.305 9.495 2.426 5
0.314 9.476 2.479 5
0.314 9.476 2.479 4
0.386 9.49 2.517 6
0.386 9.49 2.517 5
0.348 9.457 2.522 5
0.348 9.457 2.522 3
0.348 9.457 2.522 2
0.343 9.471 2.45 5
0.343 9.471 2.45 5
0.357 9.591 2.33 5
0.357 9.591 2.33 4
0.357 9.591 2.33 1
0.444 9.595 2.33 5
0.444 9.595 2.33 5
0.3 9.533 2.402 5
0.3 9.533 2.402 4
0.3 9.533 2.402 1
0.223 9.409 2.412 5
0.223 9.409 2.412 5
0.171 9.423 2.445 5
0.171 9.423 2.445 3
0.238 9.375 2.579 2
0.238 9.375 2.579 5
0.209 9.327 2.646 5
0.209 9.327 2.646 5
0.209 9.327 2.646 3
0.161 9.337 2.637 2
0.161 9.337 2.637 5
0.156 9.375 2.565 5
0.156 9.375 2.565 5
0.156 9.375 2.565 4
0.113 9.323 2.44 1
0.113 9.323 2.44 5
0.156 9.404 2.316 5
0.156 9.404 2.316 5
0.156 9.404 2.316 3
0.233 9.437 2.373 2
0.233 9.437 2.373 5
0.228 9.433 2.311 5
0.228 9.433 2.311 5
0.228 9.433 2.311 3
0.166 9.442 2.297 2
0.166 9.442 2.297 5
0.089 9.423 2.167 5
0.089 9.423 2.167 5
0.089 9.423 2.167 4
0.147 9.437 2.182 6
0.219 9.433 2.263 5
0.219 9.433 2.263 5
0.219 9.433 2.263 3
0.209 9.418 2.292 2
0.209 9.418 2.292 5
0.113 9.37 2.393 5
0.104 9.361 2.34 5
0.104 9.361 2.34 4
0.104 9.361 2.34 1
0.156 9.375 2.421 5
0.156 9.375 2.421 5
0.166 9.418 2.479 5
0.166 9.418 2.479 4
0.166 9.418 2.479 1
0.175 9.433 2.46 5
0.175 9.433 2.46 5
0.281 9.485 2.503 5
0.281 9.485 2.503 3
0.281 9.485 2.503 2
0.338 9.548 2.522 5
0.338 9.548 2.522 5
0.372 9.538 2.522 5
0.372 9.538 2.522 3
0.372 9.538 2.522 2
0.338 9.533 2.421 5
0.338 9.533 2.421 5
0.257 9.485 2.412 5
0.257 9.485 2.412 4
0.257 9.485 2.412 1
0.233 9.5 2.249 5
0.233 9.5 2.249 5
0.252 9.533 2.373 5
0.252 9.533 2.373 3
0.252 9.533 2.373 2
0.223 9.504 2.483 5
0.223 9.504 2.483 5
0.252 9.437 2.479 5
0.252 9.437 2.479 3
0.252 9.437 2.479 2
0.262 9.519 2.45 5
0.3 9.557 2.445 5
0.3 9.557 2.445 5
0.3 9.557 2.445 4
0.195 9.49 2.436 6
0.132 9.457 2.393 5
0.132 9.457 2.393 5
0.132 9.457 2.393 3
0.08 9.452 2.469 2
0.08 9.452 2.469 5
0.113 9.514 2.397 5
0.113 9.514 2.397 5
0.113 9.514 2.397 4
0.061 9.485 2.349 1
0.061 9.485 2.349 5
0.123 9.476 2.488 5
0.123 9.476 2.488 5
0.123 9.476 2.488 4
0.228 9.543 2.436 1
0.228 9.543 2.436 5
0.286 9.567 2.46 5
0.286 9.567 2.46 5
0.286 9.567 2.46 4
0.357 9.586 2.474 1
0.357 9.586 2.474 5
0.257 9.538 2.46 5
0.257 9.538 2.46 5
0.257 9.538 2.46 4
0.185 9.461 2.555 1
0.185 9.461 2.555 5
0.008 9.442 2.431 5
0.008 9.442 2.431 5
0.008 9.442 2.431 4
-0.058 9.418 2.378 1
-0.073 9.404 2.349 5
-0.073 9.404 2.349 5
-0.063 9.39 2.397 5
-0.063 9.39 2.397 4
-0.063 9.39 2.397 1
0.046 9.366 2.426 5
0.046 9.366 2.426 5
0.132 9.418 2.421 5
0.132 9.418 2.421 4
0.132 9.418 2.421 1
0.156 9.428 2.388 5
0.156 9.428 2.388 5
0.123 9.394 2.412 5
0.123 9.394 2.412 4
0.123 9.394 2.412 2
0.156 9.428 2.416 4
0.156 9.428 2.416 5
0.147 9.418 2.551 5
0.147 9.418 2.551 4
0.147 9.418 2.551 1
0.123 9.366 2.584 5
0.123 9.366 2.584 5
0.07 9.385 2.646 5
0.07 9.385 2.646 4
0.07 9.385 2.646 2
0.152 9.476 2.512 4
0.152 9.476 2.512 5
0.228 9.504 2.445 5
0.228 9.504 2.445 4
0.228 9.504 2.445 1
0.199 9.414 2.579 5
0.199 9.414 2.579 5
0.223 9.442 2.541 5
0.223 9.442 2.541 4
0.276 9.495 2.536 1
0.276 9.495 2.536 5
0.333 9.519 2.455 5
0.333 9.519 2.455 5
0.333 9.519 2.455 4
0.329 9.524 2.45 1
0.329 9.524 2.45 5
0.286 9.533 2.335 5
0.286 9.533 2.335 5
0.286 9.533 2.335 4
0.3 9.552 2.234 1
0.3 9.552 2.234 5
0.257 9.514 2.302 5
0.257 9.514 2.302 5
0.257 9.514 2.302 4
0.247 9.433 2.536 1
0.247 9.433 2.536 5
0.228 9.428 2.512 5
0.228 9.428 2.512 5
0.228 9.428 2.512 4
0.209 9.433 2.378 1
0.209 9.433 2.378 5
0.195 9.485 2.345 5
0.195 9.485 2.345 5
0.195 9.485 2.345 5
0.152 9.471 2.287 5
0.142 9.524 2.44 5
0.142 9.524 2.44 5
0.142 9.524 2.44 4
0.195 9.461 2.44 1
0.195 9.461 2.44 5
0.171 9.524 2.436 5
0.147 9.385 2.512 5
0.147 9.385 2.512 4
0.147 9.385 2.512 2
0.276 9.452 2.651 4
0.276 9.452 2.651 5
0.42 9.524 2.527 5
0.42 9.524 2.527 4
0.42 9.524 2.527 1
0.482 9.615 2.531 5
0.482 9.615 2.531 5
0.535 9.662 1.851 5
0.535 9.662 1.851 4
0.535 9.662 1.851 1
0.645 10.05 1.727 5
0.645 10.05 1.727 5
0.726 9.648 2.009 5
0.726 9.648 2.009 4
0.726 9.648 2.009 1
0.535 9.73 2.148 5
0.535 9.73 2.148 6
0.41 9.509 2.292 5
0.41 9.509 2.292 3
0.41 9.509 2.292 2
0.439 9.466 2.551 5
0.439 9.466 2.551 5
0.405 9.385 2.747 5
0.405 9.385 2.747 3
0.405 9.385 2.747 2
0.362 9.399 2.579 5
0.362 9.399 2.579 5
0.458 9.576 2.517 5
0.458 9.576 2.517 3
0.458 9.576 2.517 2
0.501 9.619 2.249 5
0.434 9.595 2.215 5
0.434 9.595 2.215 5
0.434 9.595 2.215 4
0.343 9.528 2.325 6
0.238 9.442 2.373 5
0.238 9.442 2.373 5
0.238 9.442 2.373 3
0.171 9.351 2.416 2
0.171 9.351 2.416 5
0.132 9.337 2.431 5
0.132 9.337 2.431 5
0.132 9.337 2.431 3
0.089 9.294 2.488 2
0.089 9.294 2.488 5
0.037 9.236 2.752 5
0.037 9.236 2.752 5
0.037 9.236 2.752 4
-0.058 9.169 2.675 1
-0.058 9.169 2.675 5
-0.12 9.074 2.732 5
-0.12 9.074 2.732 5
-0.12 9.074 2.732 3
-0.168 9.198 2.479 2
-0.168 9.198 2.479 5
-0.245 9.217 2.45 5
-0.245 9.217 2.45 5
-0.245 9.217 2.45 3
-0.235 9.236 2.302 2
-0.235 9.236 2.302 5
-0.183 9.327 2.287 5
-0.183 9.327 2.287 5
-0.183 9.327 2.287 4
-0.13 9.27 2.282 1
-0.092 9.289 2.507 5
-0.092 9.289 2.507 5
-0.111 9.27 2.522 5
-0.111 9.27 2.522 3
-0.111 9.27 2.522 2
-0.154 9.332 2.512 5
-0.154 9.332 2.512 5
-0.168 9.299 2.455 5
-0.168 9.299 2.455 3
-0.168 9.299 2.455 2
-0.149 9.337 2.378 5
-0.149 9.337 2.378 5
-0.168 9.332 2.349 5
-0.168 9.332 2.349 4
-0.168 9.332 2.349 1
-0.082 9.409 2.292 5
-0.082 9.409 2.292 5
-0.015 9.442 2.297 5
-0.015 9.442 2.297 3
-0.015 9.442 2.297 2
0.089 9.471 2.373 5
0.089 9.471 2.373 5
0.094 9.476 2.469 5
0.094 9.476 2.469 4
0.094 9.476 2.469 1
0.061 9.423 2.531 5
0.061 9.423 2.531 5
0.084 9.5 2.436 5
0.084 9.5 2.436 4
0.084 9.5 2.436 1
0.099 9.519 2.431 5
0.099 9.519 2.431 5
0.07 9.476 2.426 5
0.07 9.476 2.426 3
0.017 9.461 2.407 2
0.017 9.461 2.407 5
-0.068 9.461 2.522 5
-0.068 9.461 2.522 5
-0.068 9.461 2.522 3
-0.063 9.428 2.541 2
-0.063 9.428 2.541 5
-0.049 9.418 2.541 5
-0.049 9.418 2.541 5
-0.049 9.418 2.541 4
-0.058 9.399 2.507 1
-0.058 9.399 2.507 5
-0.068 9.399 2.402 5
-0.068 9.399 2.402 5
-0.068 9.399 2.402 3
-0.082 9.452 2.393 2
-0.082 9.452 2.393 5
0.008 9.495 2.282 5
0.008 9.495 2.282 5
0.008 9.495 2.282 3
0.075 9.471 2.431 2
0.075 9.471 2.431 5
-0.015 9.399 2.483 5
-0.015 9.399 2.483 5
-0.015 9.399 2.483 4
-0.077 9.351 2.56 1
-0.077 9.351 2.56 5
-0.096 9.361 2.661 5
-0.096 9.361 2.661 5
-0.096 9.361 2.661 3
-0.058 9.294 2.747 2
-0.058 9.294 2.747 5
-0.096 9.289 2.776 5
-0.173 9.313 2.742 5
-0.173 9.313 2.742 4
-0.173 9.313 2.742 1
-0.202 9.332 2.651 5
-0.202 9.332 2.651 5
-0.254 9.332 2.536 5
-0.254 9.332 2.536 4
-0.254 9.332 2.536 1
-0.264 9.313 2.397 5
-0.264 9.313 2.397 5
-0.254 9.327 2.493 5
-0.254 9.327 2.493 3
-0.254 9.327 2.493 2
-0.293 9.361 2.426 5
-0.293 9.361 2.426 5

# Completed @Sun Mar 26 22:18:48 GMT+02:00 2017
